1000 10000
2 1
3 1
4 1
5 3
6 4
7 5
8 2
9 6
10 5
11 5
12 4
13 9
14 2
15 3
16 3
17 14
18 1
19 18
20 3
21 1
22 5
23 10
24 7
25 2
26 12
27 4
28 17
29 11
30 9
31 14
32 18
33 19
34 2
35 13
36 4
37 30
38 15
39 22
40 10
41 2
42 18
43 12
44 20
45 35
46 23
47 24
48 23
49 33
50 27
51 16
52 3
53 10
54 19
55 7
56 8
57 27
58 28
59 30
60 3
61 29
62 1
63 17
64 23
65 52
66 47
67 15
68 36
69 6
70 50
71 2
72 5
73 66
74 25
75 1
76 60
77 22
78 24
79 63
80 27
81 61
82 74
83 8
84 33
85 20
86 65
87 5
88 8
89 47
90 21
91 82
92 67
93 26
94 66
95 21
96 26
97 15
98 51
99 90
100 94
101 16
102 94
103 71
104 66
105 80
106 54
107 28
108 13
109 44
110 108
111 36
112 44
113 25
114 60
115 16
116 41
117 102
118 27
119 1
120 34
121 117
122 45
123 88
124 54
125 62
126 93
127 120
128 3
129 56
130 6
131 8
132 107
133 77
134 50
135 52
136 123
137 12
138 41
139 123
140 54
141 118
142 134
143 141
144 120
145 14
146 100
147 81
148 52
149 133
150 107
151 28
152 85
153 103
154 134
155 106
156 145
157 132
158 114
159 126
160 36
161 35
162 17
163 48
164 34
165 137
166 86
167 164
168 156
169 70
170 26
171 26
172 85
173 42
174 139
175 173
176 164
177 30
178 151
179 134
180 33
181 70
182 157
183 1
184 179
185 74
186 170
187 67
188 59
189 31
190 106
191 76
192 5
193 122
194 150
195 31
196 147
197 18
198 15
199 62
200 97
201 31
202 47
203 3
204 12
205 111
206 87
207 93
208 69
209 190
210 187
211 107
212 32
213 20
214 12
215 154
216 199
217 103
218 115
219 112
220 1
221 146
222 131
223 166
224 92
225 102
226 37
227 35
228 196
229 196
230 7
231 105
232 50
233 83
234 18
235 116
236 42
237 162
238 180
239 158
240 54
241 108
242 192
243 203
244 49
245 91
246 245
247 92
248 111
249 210
250 18
251 97
252 178
253 166
254 237
255 112
256 41
257 102
258 251
259 4
260 24
261 75
262 79
263 259
264 248
265 156
266 92
267 137
268 163
269 235
270 265
271 104
272 44
273 12
274 50
275 205
276 196
277 130
278 166
279 252
280 58
281 209
282 96
283 131
284 59
285 256
286 88
287 11
288 267
289 163
290 205
291 207
292 150
293 177
294 229
295 212
296 191
297 114
298 275
299 214
300 63
301 298
302 259
303 297
304 257
305 107
306 15
307 64
308 155
309 267
310 58
311 74
312 6
313 157
314 256
315 162
316 120
317 192
318 136
319 150
320 202
321 31
322 176
323 241
324 271
325 127
326 116
327 248
328 233
329 95
330 259
331 122
332 89
333 260
334 63
335 325
336 10
337 13
338 229
339 99
340 149
341 325
342 231
343 241
344 338
345 255
346 121
347 34
348 238
349 108
350 22
351 190
352 327
353 262
354 206
355 72
356 186
357 150
358 50
359 16
360 322
361 154
362 342
363 248
364 224
365 89
366 267
367 122
368 83
369 57
370 176
371 127
372 117
373 11
374 314
375 123
376 164
377 78
378 147
379 25
380 243
381 266
382 106
383 267
384 143
385 103
386 266
387 307
388 92
389 379
390 303
391 358
392 323
393 117
394 336
395 108
396 110
397 142
398 351
399 185
400 252
401 250
402 264
403 373
404 105
405 145
406 61
407 219
408 285
409 199
410 282
411 353
412 198
413 264
414 123
415 312
416 71
417 336
418 209
419 124
420 320
421 284
422 207
423 150
424 124
425 176
426 202
427 70
428 277
429 202
430 395
431 356
432 302
433 126
434 276
435 423
436 47
437 265
438 251
439 167
440 316
441 213
442 33
443 438
444 32
445 59
446 392
447 7
448 73
449 312
450 29
451 165
452 383
453 64
454 434
455 326
456 300
457 421
458 423
459 358
460 186
461 392
462 192
463 2
464 339
465 137
466 67
467 88
468 262
469 260
470 48
471 380
472 225
473 322
474 115
475 423
476 407
477 305
478 97
479 277
480 133
481 354
482 143
483 393
484 103
485 115
486 225
487 165
488 101
489 193
490 342
491 18
492 21
493 145
494 203
495 351
496 302
497 105
498 126
499 484
500 270
501 191
502 366
503 370
504 121
505 376
506 48
507 333
508 333
509 413
510 107
511 358
512 317
513 417
514 417
515 302
516 248
517 11
518 461
519 335
520 492
521 263
522 7
523 281
524 489
525 283
526 103
527 422
528 448
529 182
530 74
531 374
532 322
533 105
534 361
535 329
536 276
537 219
538 331
539 206
540 290
541 415
542 277
543 303
544 480
545 421
546 57
547 326
548 351
549 378
550 359
551 418
552 353
553 206
554 8
555 77
556 360
557 275
558 362
559 438
560 113
561 222
562 274
563 383
564 183
565 512
566 265
567 450
568 389
569 17
570 52
571 28
572 223
573 387
574 16
575 72
576 187
577 218
578 210
579 424
580 520
581 460
582 33
583 49
584 543
585 195
586 436
587 562
588 322
589 510
590 410
591 437
592 2
593 592
594 224
595 170
596 218
597 316
598 436
599 222
600 548
601 381
602 212
603 335
604 560
605 87
606 440
607 215
608 189
609 538
610 277
611 32
612 491
613 427
614 55
615 558
616 577
617 488
618 429
619 531
620 527
621 186
622 9
623 331
624 543
625 88
626 64
627 135
628 548
629 255
630 199
631 8
632 420
633 396
634 147
635 459
636 630
637 59
638 454
639 591
640 499
641 436
642 375
643 147
644 593
645 570
646 376
647 122
648 487
649 426
650 32
651 230
652 180
653 211
654 601
655 149
656 7
657 519
658 576
659 218
660 129
661 118
662 236
663 524
664 568
665 49
666 438
667 259
668 647
669 366
670 376
671 245
672 491
673 442
674 625
675 601
676 489
677 480
678 127
679 394
680 322
681 159
682 132
683 584
684 225
685 306
686 615
687 277
688 399
689 411
690 155
691 548
692 109
693 643
694 661
695 646
696 470
697 681
698 59
699 481
700 304
701 603
702 613
703 12
704 40
705 148
706 529
707 95
708 578
709 634
710 414
711 230
712 642
713 535
714 155
715 705
716 53
717 206
718 263
719 139
720 377
721 692
722 181
723 366
724 316
725 278
726 258
727 252
728 123
729 537
730 294
731 58
732 493
733 456
734 180
735 675
736 509
737 697
738 61
739 644
740 646
741 634
742 4
743 698
744 323
745 464
746 696
747 708
748 696
749 436
750 442
751 101
752 484
753 361
754 624
755 61
756 457
757 5
758 552
759 435
760 635
761 593
762 595
763 127
764 155
765 481
766 64
767 557
768 29
769 101
770 99
771 217
772 231
773 397
774 386
775 89
776 114
777 65
778 9
779 93
780 122
781 168
782 284
783 612
784 598
785 652
786 391
787 429
788 170
789 68
790 394
791 656
792 395
793 382
794 659
795 791
796 781
797 487
798 537
799 669
800 348
801 427
802 637
803 684
804 703
805 600
806 543
807 744
808 180
809 369
810 683
811 313
812 402
813 294
814 297
815 546
816 697
817 258
818 396
819 481
820 613
821 716
822 711
823 80
824 542
825 403
826 525
827 242
828 591
829 32
830 534
831 774
832 822
833 728
834 615
835 456
836 50
837 448
838 823
839 202
840 36
841 287
842 396
843 81
844 305
845 340
846 79
847 638
848 2
849 816
850 148
851 594
852 365
853 94
854 160
855 427
856 248
857 668
858 356
859 575
860 284
861 204
862 38
863 83
864 795
865 489
866 723
867 798
868 578
869 94
870 4
871 748
872 832
873 743
874 184
875 234
876 117
877 836
878 826
879 279
880 5
881 627
882 502
883 416
884 585
885 323
886 825
887 714
888 450
889 444
890 169
891 761
892 399
893 243
894 600
895 61
896 199
897 470
898 481
899 779
900 598
901 787
902 727
903 234
904 473
905 38
906 543
907 749
908 412
909 850
910 67
911 717
912 841
913 577
914 905
915 406
916 257
917 272
918 178
919 108
920 646
921 474
922 620
923 562
924 23
925 282
926 5
927 785
928 46
929 4
930 709
931 831
932 52
933 834
934 820
935 895
936 200
937 543
938 265
939 639
940 63
941 482
942 907
943 30
944 236
945 297
946 752
947 28
948 584
949 481
950 542
951 261
952 503
953 912
954 248
955 744
956 942
957 224
958 6
959 759
960 910
961 440
962 69
963 542
964 570
965 680
966 98
967 390
968 81
969 112
970 701
971 385
972 446
973 563
974 605
975 889
976 53
977 361
978 464
979 641
980 537
981 697
982 263
983 79
984 812
985 933
986 926
987 436
988 359
989 927
990 486
991 408
992 465
993 100
994 124
995 934
996 707
997 583
998 594
999 602
1000 278
1000 999
999 998
998 997
997 996
996 995
995 994
994 993
993 992
992 991
991 990
990 989
989 988
988 987
987 986
986 985
985 984
984 983
983 982
982 981
981 980
980 979
979 978
978 977
977 976
976 975
975 974
974 973
973 972
972 971
971 970
970 969
969 968
968 967
967 966
966 965
965 964
964 963
963 962
962 961
961 960
960 959
959 958
958 957
957 956
956 955
955 954
954 953
953 952
952 951
951 950
950 949
949 948
948 947
947 946
946 945
945 944
944 943
943 941
941 940
940 939
939 938
938 937
937 936
936 935
935 932
932 931
931 930
930 929
929 928
928 925
925 924
924 923
923 922
922 921
921 920
920 919
919 918
918 917
917 916
916 915
915 914
914 913
913 911
911 909
909 908
908 906
906 904
904 903
903 902
902 901
901 900
900 899
899 898
898 897
897 896
896 894
894 893
893 892
892 891
891 890
890 888
888 887
887 886
886 885
885 884
884 883
883 882
882 881
881 880
880 879
879 878
878 877
877 876
876 875
875 874
874 873
873 872
872 871
871 870
870 869
869 868
868 867
867 866
866 865
865 864
864 863
863 862
862 861
861 860
860 859
859 858
858 857
857 856
856 855
855 854
854 853
853 852
852 851
851 849
849 848
848 847
847 846
846 845
845 844
844 843
843 842
842 840
840 839
839 838
838 837
837 835
835 833
833 830
830 829
829 828
828 827
827 824
824 821
821 819
819 818
818 817
817 815
815 814
814 813
813 811
811 810
810 809
809 808
808 807
807 806
806 805
805 804
804 803
803 802
802 801
801 800
800 799
799 797
797 796
796 794
794 793
793 792
792 790
790 789
789 788
788 786
786 784
784 783
783 782
782 780
780 778
778 777
777 776
776 775
775 773
773 772
772 771
771 770
770 769
769 768
768 767
767 766
766 765
765 764
764 763
763 762
762 760
760 758
758 757
757 756
756 755
755 754
754 753
753 751
751 750
750 747
747 746
746 745
745 742
742 741
741 740
740 739
739 738
738 737
737 736
736 735
735 734
734 733
733 732
732 731
731 730
730 729
729 726
726 725
725 724
724 722
722 721
721 720
720 719
719 718
718 715
715 713
713 712
712 710
710 706
706 704
704 702
702 700
700 699
699 695
695 694
694 693
693 691
691 690
690 689
689 688
688 687
687 686
686 685
685 682
682 679
679 678
678 677
677 676
676 674
674 673
673 672
672 671
671 670
670 667
667 666
666 665
665 664
664 663
663 662
662 660
660 658
658 657
657 655
655 654
654 653
653 651
651 650
650 649
649 648
648 645
645 640
640 636
636 633
633 632
632 631
631 629
629 628
628 626
626 623
623 622
622 621
621 619
619 618
618 617
617 616
616 614
614 611
611 610
610 609
609 608
608 607
607 606
606 604
604 599
599 597
597 596
596 590
590 589
589 588
588 587
587 586
586 582
582 581
581 580
580 579
579 574
574 573
573 572
572 571
571 569
569 567
567 566
566 565
565 564
564 561
561 559
559 556
556 555
555 554
554 553
553 551
551 550
550 549
549 547
547 545
545 544
544 541
541 540
540 539
539 536
536 533
533 532
532 530
530 528
528 526
526 523
523 522
522 521
521 518
518 517
517 516
516 515
515 514
514 513
513 511
511 508
508 507
507 506
506 505
505 504
504 501
501 500
500 498
498 497
497 496
496 495
495 494
494 490
490 485
485 483
483 479
479 478
478 477
477 476
476 475
475 472
472 471
471 469
469 468
468 467
467 466
466 463
463 462
462 458
458 455
455 453
453 452
452 451
451 449
449 447
447 445
445 443
443 441
441 439
439 433
433 432
432 431
431 430
430 428
428 425
425 419
419 409
409 405
405 404
404 401
401 400
400 398
398 388
388 384
384 372
372 371
371 368
368 367
367 364
364 363
363 357
357 355
355 352
352 350
350 349
349 347
347 346
346 345
345 344
344 343
343 341
341 337
337 334
334 332
332 330
330 328
328 324
324 321
321 319
319 318
318 315
315 311
311 310
310 309
309 308
308 301
301 299
299 296
296 295
295 293
293 292
292 291
291 289
289 288
288 286
286 280
280 273
273 269
269 268
268 254
254 253
253 249
249 247
247 246
246 244
244 240
240 239
239 232
232 228
228 227
227 226
226 221
221 220
220 216
216 208
208 201
201 197
197 194
194 188
188 175
175 174
174 172
172 171
171 161
161 153
153 152
152 144
144 140
140 138
138 128
128 125
125 119
119 84
84 43
43 39
39 1000
164 483
801 379
773 393
649 80
631 666
275 618
764 839
243 738
710 459
941 766
363 247
315 942
815 272
682 346
547 728
562 36
766 710
454 362
794 538
555 103
72 424
614 829
567 835
645 857
974 628
226 937
230 689
960 540
237 44
123 993
28 783
844 36
398 793
682 298
752 543
318 589
417 175
9 283
491 335
962 5
941 817
505 188
79 170
565 816
808 668
802 40
75 188
332 998
295 824
718 366
306 398
572 35
670 722
57 932
936 160
976 370
909 228
749 832
647 988
7 665
704 807
346 808
157 131
954 29
746 451
200 672
58 51
125 771
54 727
239 533
902 989
568 566
398 811
150 668
333 396
554 508
667 36
166 251
280 824
626 472
495 377
780 826
948 552
631 904
436 2
342 221
786 337
499 910
929 535
283 648
155 261
297 836
439 822
997 814
637 70
446 622
447 131
35 225
128 395
748 665
885 563
252 89
350 22
557 750
750 279
539 839
26 256
429 187
353 464
533 425
47 989
472 331
555 493
239 506
522 35
949 986
427 406
779 200
302 776
406 335
525 51
658 945
483 903
366 87
511 835
176 251
581 557
402 647
152 487
873 992
330 673
430 822
373 756
883 560
247 674
76 289
585 771
673 86
172 67
254 391
993 682
591 429
75 925
763 344
687 578
602 636
809 16
123 383
942 181
207 6
646 188
311 634
719 230
648 335
725 890
924 901
329 69
993 866
561 755
332 108
743 247
615 933
315 551
83 737
94 609
148 289
275 91
672 458
793 993
235 320
220 869
938 510
727 901
655 282
389 287
885 987
271 131
33 499
588 938
546 116
756 33
476 693
151 382
727 147
466 295
163 313
822 38
290 100
734 900
538 944
930 122
605 422
273 553
490 989
104 212
596 35
79 212
945 71
218 581
875 671
983 35
424 390
841 156
55 713
657 574
696 592
366 938
490 652
640 990
553 331
717 96
659 148
219 796
728 603
274 788
174 955
344 256
412 950
14 184
758 466
410 22
960 805
456 127
116 801
484 95
190 668
167 200
347 848
451 737
876 75
29 76
331 50
351 372
907 94
912 364
386 664
468 321
799 697
849 275
370 914
933 332
884 911
111 99
836 230
304 913
988 711
112 684
407 670
764 814
178 314
977 675
347 915
963 797
71 145
410 811
495 792
55 694
792 378
607 517
429 979
42 263
298 768
437 505
319 705
18 552
578 848
114 346
494 276
420 76
238 917
708 181
874 732
461 114
630 18
996 420
682 410
177 389
894 979
35 966
869 564
411 52
750 447
722 524
951 243
159 494
674 540
624 219
332 900
917 84
503 314
723 264
653 536
867 900
217 546
109 901
305 85
531 871
746 54
648 605
98 696
235 159
377 123
22 858
294 60
373 290
554 148
36 448
699 206
751 902
802 915
999 859
729 106
511 882
486 826
521 159
317 935
57 107
317 45
456 431
720 962
109 181
628 273
830 144
45 326
240 580
790 199
656 590
823 870
695 167
677 308
594 567
674 993
389 3
433 342
303 844
24 504
129 411
907 651
328 958
538 303
501 567
509 679
549 157
675 331
991 595
162 351
695 584
586 187
528 83
278 18
874 830
592 302
304 2
959 498
801 632
198 848
879 653
161 58
389 427
373 835
537 379
314 534
72 231
665 900
269 599
780 943
244 142
495 372
221 547
178 806
653 373
26 728
785 531
309 538
725 525
255 682
567 261
844 569
820 639
589 508
802 88
582 369
92 45
944 76
881 312
685 473
552 886
416 62
599 689
213 77
110 675
936 820
388 28
18 131
638 207
646 607
327 440
836 227
303 418
729 131
604 535
420 765
826 155
843 188
616 777
451 408
227 725
752 738
868 966
524 122
728 858
297 521
748 54
471 484
615 402
936 551
316 570
724 708
247 493
269 919
678 862
938 72
161 256
573 689
162 29
886 448
968 889
294 534
369 715
468 116
667 983
552 756
463 982
826 628
898 61
922 447
518 575
182 859
899 678
58 754
201 61
301 943
828 168
235 595
710 197
531 702
809 728
61 83
62 271
331 887
333 311
237 604
462 850
879 418
171 713
773 937
231 723
242 425
19 411
607 476
530 81
808 137
571 338
961 869
755 984
294 643
247 87
288 530
947 60
772 518
806 469
191 896
321 389
799 785
260 691
771 757
893 141
479 579
799 816
799 439
433 553
991 445
974 679
91 630
499 273
741 214
462 305
693 284
68 134
824 843
599 679
820 947
877 843
658 650
440 675
579 809
253 872
903 569
550 578
850 993
206 48
704 943
578 19
152 748
590 997
675 976
922 188
383 846
495 798
824 392
200 934
806 402
322 804
382 60
52 871
270 583
525 609
628 974
721 102
450 779
106 311
850 125
322 379
176 232
976 169
102 999
752 175
331 259
318 73
943 712
646 721
330 213
186 171
624 309
439 258
568 74
550 545
923 770
353 223
391 451
801 328
855 845
455 553
625 185
248 773
845 920
132 893
415 526
834 669
926 391
464 625
521 846
615 365
587 795
245 319
647 330
174 398
302 853
37 628
752 926
197 284
528 949
474 328
348 943
333 660
284 274
471 148
512 804
598 437
755 450
131 195
592 753
605 304
284 245
170 641
276 387
335 367
46 804
746 809
820 394
19 430
577 103
258 841
277 440
241 855
49 31
136 372
27 992
236 740
733 662
49 758
476 360
163 735
895 873
618 260
41 714
816 636
476 617
408 73
280 104
487 649
372 680
24 622
713 750
412 611
368 797
157 812
546 195
68 671
931 441
506 685
673 971
940 322
746 500
604 347
347 377
57 90
63 718
468 80
690 775
572 879
42 410
956 728
398 587
379 23
60 680
3 885
558 732
231 942
640 655
32 186
275 987
704 440
871 689
464 523
401 912
321 387
466 442
381 277
651 215
895 759
995 710
441 249
542 904
559 24
209 181
167 590
381 836
524 223
745 251
162 339
77 498
291 835
463 542
757 23
782 113
175 3
603 128
32 615
990 144
676 590
531 551
386 195
417 263
513 261
952 513
362 674
860 28
570 653
675 322
435 678
32 808
288 609
575 634
777 319
260 917
467 804
998 142
404 204
464 766
279 268
941 415
443 640
644 801
474 364
41 671
830 908
868 424
57 117
787 795
63 185
988 46
539 529
732 986
751 294
561 547
314 381
373 502
654 108
471 16
38 479
387 863
286 868
984 606
752 694
878 123
168 814
694 865
202 59
352 777
676 305
685 913
766 989
96 57
425 771
249 918
132 814
681 987
945 417
110 17
139 696
862 339
555 658
68 907
36 757
61 420
332 711
699 97
506 449
219 146
63 282
95 467
806 194
962 128
144 750
797 423
761 634
643 10
269 315
423 711
482 304
14 835
932 813
613 64
561 789
70 831
649 975
520 164
291 454
555 481
255 786
771 352
713 367
681 766
476 981
284 456
290 957
121 649
64 573
361 733
915 624
598 430
946 915
369 117
949 588
726 275
978 203
569 496
613 691
23 602
409 88
396 307
307 50
623 868
952 371
346 335
765 218
133 296
764 62
649 853
127 713
267 726
222 105
147 188
141 834
274 169
827 549
598 21
241 486
208 572
907 544
762 553
200 23
84 894
746 964
676 84
810 224
680 294
481 383
568 826
995 973
873 193
566 173
658 471
394 158
701 865
770 652
674 462
707 969
932 109
545 804
28 959
253 706
88 707
533 85
410 7
552 879
403 282
104 469
626 61
277 498
149 326
140 46
15 175
283 846
2 298
257 179
884 29
735 861
297 323
682 619
849 706
988 233
701 252
312 91
940 326
3 940
986 441
615 494
340 352
649 249
428 341
721 257
117 663
986 807
426 414
471 19
251 626
877 810
253 303
980 540
480 192
632 334
828 817
168 598
847 519
859 816
73 274
936 931
737 541
306 273
291 514
140 777
586 893
195 16
908 190
382 526
860 739
555 365
963 687
205 722
889 809
434 415
345 313
854 721
346 433
947 511
287 636
881 86
453 225
414 427
953 712
450 147
864 812
850 4
77 826
986 54
820 318
630 771
491 164
948 835
346 836
824 894
331 984
208 56
482 136
847 974
472 434
597 649
652 335
512 446
851 81
398 497
267 670
833 27
862 110
297 133
26 559
542 120
175 709
844 102
427 9
442 42
690 898
585 391
836 694
774 96
945 687
708 171
549 211
320 893
25 762
320 617
88 50
110 214
315 615
623 953
347 741
990 416
806 36
729 926
22 642
680 502
24 966
528 387
631 573
334 200
816 655
57 6
219 255
869 166
119 533
625 843
259 465
852 966
892 64
57 581
434 265
230 88
827 810
382 109
308 457
112 67
72 475
730 168
333 290
174 950
793 803
619 150
468 51
466 823
755 711
975 523
610 188
349 556
664 788
245 730
149 972
446 356
875 220
862 527
477 559
714 387
889 621
23 684
506 356
418 488
10 260
800 392
299 972
759 148
878 314
285 355
62 26
597 83
961 936
847 458
197 789
409 560
243 85
792 431
919 749
360 209
952 280
251 159
307 602
915 362
716 184
561 552
634 130
417 509
967 946
735 263
174 515
599 143
574 769
517 742
950 844
123 228
387 253
854 726
439 693
228 768
319 506
635 140
648 304
602 52
666 966
480 336
478 840
608 430
171 403
246 476
703 472
724 721
798 89
133 929
49 236
741 360
499 719
375 728
779 147
464 976
663 444
635 944
373 140
895 242
717 544
367 492
212 772
860 443
371 9
596 345
704 771
842 689
416 555
53 216
543 194
989 516
811 205
696 624
217 184
79 590
434 286
57 445
887 997
358 268
612 610
732 953
641 668
222 573
140 56
601 626
141 682
886 942
917 952
487 582
523 133
770 565
361 956
953 826
446 600
561 310
262 57
724 292
217 255
662 297
274 356
38 263
556 415
718 923
856 472
956 556
472 379
686 726
551 832
783 638
299 996
405 695
987 913
167 480
129 555
910 828
442 402
168 947
222 997
468 885
792 429
159 424
501 263
447 845
834 51
399 581
276 133
397 155
634 614
168 563
742 762
164 77
376 184
532 331
568 949
729 1000
775 711
974 888
84 275
677 772
352 917
401 427
581 627
240 797
711 215
328 407
836 453
988 491
174 563
511 519
870 93
803 239
478 644
270 128
899 561
830 947
373 251
229 230
379 954
520 821
227 89
541 847
690 414
976 880
399 215
307 838
77 268
264 461
589 906
467 533
831 839
89 296
877 556
861 670
490 255
344 380
578 68
482 236
116 619
185 809
647 514
133 491
304 75
980 396
281 244
82 446
93 463
18 523
192 970
224 230
961 33
100 567
803 891
509 933
742 270
783 694
536 740
814 267
15 191
434 793
591 647
109 516
38 35
4 479
708 229
261 228
146 669
559 712
645 300
569 419
464 738
829 703
970 1000
190 642
786 336
982 624
139 728
763 90
920 528
756 766
345 628
648 368
79 843
142 558
328 75
812 63
765 792
143 992
633 86
421 332
307 771
850 402
844 797
324 612
730 115
94 431
798 426
268 741
650 229
303 410
824 978
121 467
458 588
674 263
946 443
565 446
200 253
401 414
26 43
509 77
507 755
532 603
343 657
885 800
561 345
674 539
5 384
323 794
408 815
257 996
794 353
957 821
234 993
387 358
786 611
717 895
497 292
300 249
48 192
888 184
75 960
343 561
706 79
893 665
13 113
465 501
321 806
150 774
483 907
517 536
782 268
911 234
834 279
822 211
746 881
840 709
621 820
251 534
198 326
438 143
996 562
719 254
27 668
574 868
755 509
128 443
676 537
167 39
601 509
741 988
696 346
518 932
465 316
993 768
262 14
576 782
35 257
925 294
514 414
274 850
292 268
804 402
792 319
179 322
309 392
89 271
202 356
23 958
725 18
32 367
148 339
947 959
604 183
948 223
73 117
385 573
326 716
35 540
862 117
860 213
484 522
878 301
258 37
55 252
619 335
673 438
396 766
300 619
194 999
116 599
172 266
981 852
391 497
966 367
580 604
126 177
829 415
451 355
606 87
421 857
294 576
694 445
415 689
40 345
944 608
225 155
6 467
315 206
572 748
352 632
809 503
269 477
183 637
75 72
928 140
716 847
643 222
262 761
105 58
17 301
807 400
866 242
799 812
912 533
164 370
225 263
91 324
313 493
564 273
412 387
586 844
417 127
239 228
285 678
331 344
743 654
895 137
301 961
493 693
414 564
826 656
332 638
483 916
188 644
382 398
241 951
430 967
195 657
687 668
11 831
484 369
857 106
66 378
422 509
72 558
565 836
825 897
164 896
891 307
705 703
654 273
239 945
954 83
102 433
616 992
360 113
218 99
829 568
77 635
544 250
437 148
397 108
356 262
568 912
615 246
518 624
921 620
54 109
893 874
217 155
267 508
607 928
495 836
822 787
36 923
71 365
825 473
734 819
730 532
129 653
277 696
315 999
107 549
422 368
523 999
507 990
917 141
329 465
251 763
686 150
867 638
110 108
926 691
222 195
200 655
703 350
700 828
376 17
737 806
805 149
138 259
751 663
127 406
168 431
581 729
366 205
312 447
489 828
374 237
244 62
763 573
752 946
314 463
268 127
627 50
660 424
86 764
521 411
841 564
644 41
245 773
571 10
189 557
793 59
120 562
487 388
685 883
345 238
717 999
48 964
388 343
459 708
470 825
741 979
19 662
787 384
393 264
172 357
416 933
495 964
704 535
769 981
570 388
738 465
429 286
981 786
845 816
640 439
417 666
679 380
116 788
403 465
822 860
793 574
889 237
123 287
619 592
332 244
708 540
826 69
206 136
951 158
596 402
67 943
674 364
503 746
562 789
649 905
478 383
971 441
79 719
310 446
689 697
588 993
414 396
884 765
922 619
21 186
128 517
233 439
536 154
942 735
640 98
832 942
382 469
187 803
248 812
860 849
841 936
683 448
212 254
873 566
752 134
2 245
35 231
384 234
969 923
20 678
619 608
76 203
5 353
164 615
463 604
539 376
823 303
909 574
491 34
519 133
377 594
825 521
754 763
685 560
589 722
329 56
259 560
912 757
371 263
867 427
154 833
487 757
682 976
362 395
527 173
766 880
400 255
18 942
854 154
875 54
110 442
353 556
664 368
982 616
395 34
218 200
309 548
524 56
451 990
162 885
764 329
584 280
573 516
669 953
6 426
220 895
802 467
186 572
188 465
850 168
367 582
129 419
475 675
17 4
240 277
605 178
809 356
871 540
844 382
159 891
137 202
20 730
302 939
755 206
373 841
774 605
375 91
118 254
610 201
477 134
663 849
204 434
325 824
557 426
668 521
722 715
797 805
743 741
946 450
642 849
805 670
113 415
20 180
380 230
715 629
830 209
642 729
552 33
811 318
838 108
175 478
282 559
652 323
772 376
225 949
971 413
827 381
560 83
664 198
827 940
500 378
106 656
40 141
458 10
469 850
680 296
206 995
317 313
689 209
158 88
500 265
645 480
562 678
876 557
848 225
954 54
61 347
839 411
772 100
302 296
943 241
235 333
645 501
709 904
991 685
301 218
697 843
520 946
854 610
834 747
152 701
399 139
550 212
664 237
532 321
913 317
649 827
327 500
403 293
978 35
605 393
587 278
575 301
263 107
205 780
832 96
587 357
920 230
466 488
160 583
899 350
176 73
572 899
192 854
240 326
718 521
150 844
497 305
763 77
856 759
206 319
27 688
269 792
279 947
881 735
436 791
863 780
678 611
464 786
111 221
93 703
899 180
836 243
671 395
153 950
621 526
565 358
502 647
593 834
920 132
922 826
605 355
317 136
273 634
207 132
186 735
267 299
893 84
830 102
404 563
441 334
44 24
670 357
542 545
28 615
440 461
167 302
437 396
381 835
966 62
796 587
238 504
939 62
516 130
693 769
102 271
294 485
841 145
41 315
281 383
195 69
370 720
467 362
196 158
219 848
786 514
17 367
780 23
505 955
75 295
917 549
33 529
25 210
877 873
607 66
486 157
877 802
163 207
716 695
542 710
575 287
5 680
54 591
898 784
431 558
106 324
852 347
557 490
715 229
646 433
589 321
122 131
689 817
512 636
698 756
394 405
84 272
215 398
182 490
47 464
787 612
958 505
994 991
219 866
650 60
381 864
346 591
407 854
842 386
493 270
27 539
162 887
284 462
951 376
191 465
76 350
854 978
320 386
251 199
259 538
753 901
843 991
196 450
835 249
871 37
927 327
565 249
62 89
816 849
313 13
362 7
336 741
478 567
117 655
544 728
980 727
717 296
97 822
423 913
301 283
961 645
245 228
668 526
374 306
318 835
193 38
778 31
949 880
534 607
335 66
792 429
76 666
840 861
773 172
454 614
258 425
652 415
940 854
159 671
858 665
702 477
859 50
930 832
438 808
225 815
244 124
142 16
876 319
843 981
946 1000
425 296
62 555
408 428
451 353
17 566
394 308
709 719
902 253
412 638
453 339
815 988
3 48
718 956
288 231
582 560
208 233
787 358
138 269
622 194
111 588
247 638
708 505
109 955
593 609
300 520
507 397
796 466
773 861
443 513
73 412
644 377
86 280
900 782
327 223
810 521
511 789
293 408
363 570
531 401
272 955
703 182
647 130
343 498
362 419
182 137
513 434
65 177
958 599
821 317
189 636
424 983
390 51
621 69
469 104
58 151
332 93
222 112
961 330
100 916
53 323
108 281
457 565
163 525
841 766
401 336
670 381
432 176
244 411
515 52
202 65
157 924
36 885
214 730
646 348
670 313
593 698
614 778
654 49
814 129
464 846
226 566
93 485
895 657
708 337
753 761
685 261
145 909
990 72
419 710
22 635
684 441
570 966
366 298
778 223
68 531
448 241
77 293
950 541
229 323
84 657
270 981
241 768
191 414
476 230
217 609
49 497
815 252
901 618
192 180
63 678
270 259
552 510
402 346
669 853
861 630
962 752
871 130
896 202
784 61
21 371
219 352
603 70
39 33
565 856
533 231
841 979
488 803
500 744
596 242
871 520
271 809
938 833
386 493
553 833
555 521
872 574
995 774
158 827
682 385
615 722
700 566
720 808
551 540
133 220
739 499
307 3
187 362
854 244
429 925
445 759
684 335
108 669
495 678
62 266
339 528
93 29
836 391
282 813
384 386
884 414
768 474
187 542
786 307
231 393
151 566
900 27
695 834
863 360
625 189
716 924
304 315
705 161
973 139
877 338
751 708
533 112
654 871
177 720
112 791
356 407
433 614
799 607
966 480
668 661
584 942
609 736
896 240
378 665
3 220
279 254
366 105
975 811
530 371
161 151
909 993
606 868
826 694
173 404
64 144
437 192
279 1000
239 45
710 174
745 968
222 64
168 23
834 939
309 495
645 715
708 821
688 906
951 665
69 865
8 475
666 484
835 445
489 945
470 425
393 550
613 215
589 966
256 781
275 422
489 916
88 271
528 196
860 127
991 478
304 280
116 999
443 322
266 302
79 283
833 87
653 823
140 445
577 242
15 395
662 203
474 503
698 749
227 353
831 910
541 217
215 486
807 8
662 9
292 424
511 740
562 124
568 163
756 701
447 497
699 771
273 460
208 172
877 323
584 434
2 59
544 476
484 217
225 351
774 145
884 868
991 284
799 797
497 911
407 554
676 943
754 105
629 949
623 961
746 857
915 206
681 747
315 458
808 164
660 892
759 582
217 895
691 102
12 367
273 539
833 770
226 948
248 586
898 206
62 870
75 643
742 976
434 756
271 408
299 593
526 931
177 410
511 743
461 868
406 522
643 733
681 591
176 868
74 928
150 74
68 135
111 224
979 161
569 896
488 602
884 219
628 14
108 60
279 138
11 568
653 37
627 653
873 685
964 802
227 946
432 113
337 295
455 894
141 667
268 375
594 629
994 503
563 221
711 453
372 193
229 73
78 24
60 855
9 950
247 24
136 235
881 30
276 824
843 336
710 416
44 462
965 655
876 389
841 879
71 938
362 565
940 300
506 439
740 1000
23 866
101 338
368 510
686 981
668 643
410 528
989 730
384 454
194 953
831 259
548 387
951 254
553 910
700 242
241 410
276 792
129 615
477 728
60 848
842 162
689 728
457 252
57 677
982 840
451 250
988 164
417 350
259 938
180 321
731 311
102 772
387 358
85 230
430 863
376 144
223 271
874 64
92 679
871 930
180 73
589 321
670 519
457 5
326 281
591 988
111 408
765 44
625 497
711 201
696 54
325 86
501 919
949 198
480 593
17 819
139 11
529 605
962 161
793 337
676 639
398 735
778 787
635 514
714 402
456 698
783 409
679 132
681 636
580 628
446 512
522 596
553 937
97 51
739 866
504 241
975 415
201 901
766 752
153 187
884 479
239 960
443 667
654 270
897 476
987 233
828 694
630 509
911 732
597 78
318 649
63 452
704 292
395 615
802 469
299 900
211 685
703 890
159 654
129 356
588 407
100 467
975 768
499 730
159 237
886 448
251 829
120 948
915 307
775 867
766 716
400 426
315 976
981 455
810 825
231 461
928 398
517 682
763 254
491 367
814 922
750 728
27 417
723 221
439 941
656 849
626 204
532 408
862 292
116 512
325 23
772 698
380 252
857 288
655 494
415 347
74 820
236 516
89 101
41 310
159 527
83 49
808 136
428 614
477 21
43 543
593 801
404 815
102 324
817 261
959 108
928 584
99 33
485 515
825 539
418 877
277 335
470 852
817 84
456 897
792 293
446 499
665 384
707 849
461 118
226 523
106 420
804 153
667 557
447 288
164 843
529 216
67 793
876 999
247 883
528 332
182 38
773 973
173 846
315 831
354 634
405 540
44 811
719 208
847 63
905 518
733 362
154 434
784 800
34 382
65 382
420 561
533 246
443 544
375 58
43 757
649 80
242 447
6 692
754 961
830 852
213 11
796 914
713 367
748 931
312 99
659 812
409 83
627 544
601 851
959 1
432 995
441 607
651 673
985 446
649 404
766 814
728 861
227 561
491 792
890 326
137 155
237 901
444 545
747 863
215 396
742 58
16 646
671 182
979 666
422 655
821 979
839 187
100 900
43 66
391 942
96 285
185 880
776 333
547 980
727 523
932 114
111 468
1 947
613 781
788 331
309 386
572 960
211 147
564 23
965 253
889 307
186 412
96 425
756 961
835 643
108 482
301 118
65 218
351 653
983 29
414 138
449 643
790 337
360 659
263 705
11 676
87 152
576 548
509 183
177 332
165 695
813 284
853 466
118 229
257 203
692 453
95 22
358 140
150 236
941 717
744 413
916 303
851 831
365 491
174 711
405 893
176 691
156 569
797 380
583 625
429 405
426 626
766 876
111 784
852 267
679 403
706 596
778 594
437 908
618 494
386 610
652 374
295 913
292 159
136 91
848 226
852 564
439 273
408 969
235 902
304 260
207 266
211 361
268 336
181 647
609 237
611 566
830 260
419 905
347 473
699 554
469 194
467 902
222 908
161 874
485 456
73 464
177 43
378 284
282 444
681 558
475 890
502 643
547 656
129 272
825 245
439 179
80 645
904 257
482 301
108 64
880 967
9 181
464 56
851 739
648 97
987 883
525 123
778 840
111 423
668 258
436 287
931 458
714 867
519 835
250 547
513 627
159 129
536 874
964 974
70 739
621 611
85 408
247 498
920 215
472 357
995 939
748 260
126 926
112 461
8 645
623 713
842 872
97 781
106 729
819 60
671 175
583 440
937 107
321 829
538 208
499 145
756 532
809 246
59 881
877 920
633 418
289 851
983 826
906 386
797 88
263 725
516 819
926 197
25 804
11 598
94 914
446 861
107 849
82 254
526 165
582 310
161 158
335 222
959 143
583 240
316 756
574 845
393 831
634 499
449 769
683 997
857 542
391 128
733 963
479 824
133 258
767 412
634 293
788 101
693 592
347 370
566 360
191 273
771 958
78 824
820 219
113 760
239 677
991 855
678 972
581 470
881 162
807 348
800 866
458 594
315 844
204 156
428 232
541 394
569 551
121 618
378 741
769 233
439 968
939 759
580 468
630 872
571 813
30 436
381 370
566 487
995 47
278 121
866 774
324 170
787 434
526 797
381 516
484 294
405 820
287 774
645 336
148 916
703 567
289 178
16 83
481 854
974 362
136 110
279 191
976 811
607 418
285 502
795 988
807 768
894 551
887 445
361 890
457 34
563 415
850 745
950 931
292 330
440 275
465 779
590 718
135 440
941 548
535 772
539 88
638 693
138 784
26 524
910 850
264 834
578 824
106 113
443 879
153 750
528 234
951 969
408 469
17 438
209 701
140 903
596 99
235 129
5 733
934 260
93 266
441 197
662 22
900 547
296 456
41 404
372 175
644 991
780 131
183 12
914 340
791 674
803 509
593 25
636 159
424 526
75 728
101 864
762 88
895 352
755 57
232 935
277 478
608 227
238 57
748 143
816 151
12 538
562 618
128 604
482 197
276 551
767 908
995 728
79 528
585 241
175 185
662 168
746 451
859 270
412 983
485 607
144 579
549 496
452 58
606 676
227 933
192 234
961 345
872 186
778 392
576 808
327 952
754 238
507 72
54 613
571 270
200 539
386 66
123 748
424 837
121 81
314 2
346 312
497 274
665 217
377 274
577 241
830 703
775 331
295 688
957 828
718 865
282 508
256 104
292 405
485 31
32 413
724 150
775 377
945 573
198 440
32 321
24 775
457 861
548 150
977 103
319 856
363 47
502 600
356 970
1000 793
205 840
989 383
759 929
501 116
555 56
728 698
824 938
150 103
252 632
734 49
904 581
627 52
652 618
940 480
272 7
199 291
674 477
757 539
654 784
839 257
306 560
497 567
21 482
113 998
46 273
853 847
250 301
271 831
310 901
260 210
500 933
409 458
348 173
957 517
773 2
913 147
65 431
264 762
759 86
710 376
574 157
457 914
96 824
724 727
288 405
689 335
144 140
664 98
966 492
845 620
119 91
521 757
870 183
620 784
511 629
137 329
594 85
908 593
672 689
445 983
318 311
450 134
583 461
952 114
85 548
638 148
257 203
738 158
293 126
106 709
390 804
240 242
187 983
672 147
129 858
520 116
249 446
259 970
435 183
731 210
710 519
74 368
878 966
91 163
871 522
677 197
790 612
947 916
62 976
185 618
85 543
340 705
674 686
868 598
160 108
978 598
966 869
834 51
565 195
716 276
824 436
399 393
308 614
589 345
314 722
264 126
830 399
84 603
201 855
314 303
901 360
580 291
694 218
764 413
688 258
45 479
223 512
477 444
140 883
604 417
542 454
852 219
173 723
577 287
941 725
84 242
533 193
410 663
427 578
835 525
4 467
330 232
675 578
460 806
574 166
619 63
633 116
838 822
460 806
530 767
8 401
593 966
980 892
469 355
879 407
225 304
887 234
812 554
711 561
78 271
686 284
399 697
870 318
475 589
707 330
730 5
322 714
606 674
380 301
59 74
729 259
844 283
188 615
527 655
278 898
182 605
653 315
632 932
872 522
851 459
463 578
292 932
958 784
436 249
322 337
595 495
777 403
369 791
445 965
214 248
204 74
388 395
679 856
377 372
830 550
128 580
863 644
427 771
19 820
157 862
356 692
446 103
245 485
801 815
414 690
115 14
761 617
472 503
226 439
340 200
131 55
698 819
589 994
165 476
337 607
651 673
128 45
881 96
262 372
413 33
46 675
291 528
382 806
596 114
666 607
13 936
106 796
141 62
537 695
653 306
330 225
621 303
751 457
829 501
533 364
39 241
120 931
88 681
147 853
811 684
971 812
607 823
884 428
122 100
405 420
997 775
429 86
543 617
470 531
895 723
315 2
284 285
317 787
639 372
407 463
274 450
624 729
156 233
332 508
279 278
404 88
173 627
244 184
67 67
789 713
66 961
597 456
242 350
73 913
376 880
681 831
559 1
233 305
164 66
695 564
651 794
421 450
634 176
242 16
80 700
12 383
838 145
846 608
872 79
310 270
100 247
248 343
999 10
76 832
396 514
307 770
220 398
573 79
446 205
256 815
549 525
670 267
226 386
816 867
137 97
344 477
819 588
598 943
774 817
330 673
794 521
919 989
419 13
569 491
657 865
389 824
90 205
942 410
629 315
412 757
234 117
704 107
49 52
221 301
325 174
695 902
242 119
483 613
455 661
877 52
875 464
20 617
379 317
631 962
718 7
123 394
500 303
707 178
831 900
74 927
180 155
625 768
732 422
434 108
511 538
1 310
926 385
701 21
982 656
662 684
77 51
354 136
666 577
828 60
338 496
2 901
20 869
290 627
86 751
289 723
384 596
332 289
661 662
317 385
68 642
693 331
818 496
424 398
809 483
978 252
152 498
366 332
958 524
274 656
730 395
990 914
203 114
775 673
57 863
857 443
773 476
324 901
650 591
73 747
350 458
955 403
734 854
377 672
327 43
437 650
564 409
522 778
450 118
332 648
90 859
334 540
440 863
805 9
756 89
898 877
631 105
958 852
524 716
758 686
336 202
962 546
323 251
368 483
482 125
983 51
591 924
786 668
677 30
471 942
170 784
888 368
572 801
516 198
883 447
648 626
171 570
820 610
444 846
970 539
942 278
201 952
971 532
913 338
279 647
430 735
103 448
600 670
219 674
472 468
93 453
23 119
80 263
460 194
85 876
153 429
732 26
909 705
42 703
701 173
908 672
119 483
152 362
387 71
538 722
174 858
328 630
244 548
742 760
635 704
132 178
555 139
195 216
918 463
987 236
907 970
452 894
255 377
447 955
676 641
850 984
965 850
749 178
937 209
264 490
19 571
61 395
962 573
387 255
842 231
201 726
619 100
476 652
607 226
218 275
610 634
483 68
245 575
783 584
73 181
103 46
792 444
368 515
121 106
336 107
832 962
61 536
540 802
27 888
162 498
131 597
16 772
346 966
549 260
792 480
877 973
416 246
112 20
125 136
242 232
545 461
996 73
226 605
492 887
384 253
201 6
777 515
832 216
827 474
953 380
352 970
567 829
848 120
607 678
909 973
785 848
272 453
409 780
19 497
101 252
257 402
916 301
868 33
858 99
478 694
663 810
990 182
653 229
258 190
514 259
106 518
322 298
429 729
225 730
982 447
201 678
978 238
623 116
567 198
891 480
642 44
577 906
486 631
172 229
487 96
613 685
334 944
672 935
664 115
561 897
574 997
587 761
229 903
100 209
40 795
190 343
600 681
664 767
995 437
532 187
872 834
777 145
431 557
671 449
697 94
443 584
696 622
524 29
589 276
422 976
670 980
13 612
730 269
57 676
862 724
557 589
85 85
994 686
134 515
960 664
599 830
803 402
782 295
570 678
653 370
702 992
955 674
294 714
389 684
407 351
291 602
39 316
1 375
889 32
47 486
667 200
602 646
940 469
146 735
457 861
852 151
824 158
871 806
841 118
820 611
212 248
915 110
836 602
633 267
104 724
275 680
677 770
590 876
963 616
828 87
237 419
576 680
837 413
882 446
56 30
629 701
162 619
221 543
161 997
72 205
236 264
385 346
574 912
879 974
60 536
954 707
738 297
61 529
326 926
955 942
994 733
703 583
477 155
151 275
480 637
252 574
919 67
331 636
609 492
379 209
267 21
669 332
212 356
634 729
670 889
621 940
523 15
169 324
598 351
340 671
244 429
496 591
579 162
6 826
386 539
559 384
716 653
360 227
955 279
168 993
933 976
990 788
463 807
509 510
180 61
841 848
791 775
937 336
513 721
259 294
677 899
903 170
396 744
23 262
607 703
30 542
329 891
49 372
881 144
204 557
757 413
187 396
732 899
619 475
768 244
142 229
398 445
540 396
10 146
848 562
103 616
858 229
600 784
927 906
462 833
245 482
877 570
468 783
258 960
204 438
19 377
173 697
445 416
561 713
626 454
69 760
989 729
864 926
183 940
772 142
975 996
566 368
503 203
163 385
175 760
136 718
766 193
608 309
373 210
663 521
632 998
78 83
360 972
912 293
434 542
538 35
755 408
611 455
839 257
368 125
842 13
205 855
515 959
169 165
37 887
885 183
266 668
992 962
255 977
519 255
641 40
800 408
862 395
651 762
886 52
65 18
873 79
37 621
137 387
626 557
740 173
193 510
823 357
333 536
790 429
821 203
610 430
825 620
381 823
875 827
197 618
696 291
263 421
159 84
641 400
924 784
645 380
88 468
3 820
248 420
623 144
574 420
39 584
407 750
928 771
388 633
275 476
896 435
519 537
288 55
190 511
242 212
31 835
6 329
748 34
529 253
673 722
306 454
555 63
834 64
696 483
958 573
360 970
858 206
612 230
740 146
357 801
987 333
661 387
772 992
597 760
482 653
106 621
35 139
202 661
495 220
793 249
218 804
361 152
733 75
220 972
125 472
804 928
667 463
455 816
575 790
442 403
23 408
546 900
560 409
629 747
995 406
561 421
924 564
991 922
893 656
479 210
490 369
832 634
801 156
297 638
40 375
783 739
638 414
822 680
779 549
954 450
222 773
689 866
787 497
504 679
240 32
400 334
319 729
236 231
220 119
494 533
623 259
24 628
659 260
160 846
647 437
210 465
330 221
717 250
928 117
500 573
906 167
248 899
482 225
343 835
367 701
312 188
167 989
600 335
532 826
262 759
575 179
399 823
72 905
373 115
39 351
870 872
122 945
169 117
303 955
8 863
51 670
10 319
5 569
394 962
72 537
715 8
182 647
551 113
579 606
956 275
146 618
914 825
293 267
574 434
296 948
969 581
899 698
267 330
291 903
439 660
19 715
361 505
969 201
806 263
537 900
869 113
290 34
652 782
215 934
881 225
805 862
560 849
179 55
310 826
837 469
535 748
605 856
56 895
509 573
472 213
325 397
430 692
473 614
548 434
658 39
901 428
277 815
869 812
637 455
275 178
278 473
328 810
56 234
806 735
947 917
665 630
673 624
237 447
880 146
536 136
564 537
703 788
599 192
998 572
101 587
60 272
433 730
963 739
826 841
109 121
102 124
747 773
219 774
271 984
471 98
987 807
946 34
225 689
612 545
483 574
198 65
794 542
633 982
174 109
229 458
933 282
407 330
103 680
15 977
75 374
532 485
871 413
453 477
373 95
21 417
481 208
749 218
199 626
86 733
542 373
654 666
995 475
154 412
389 450
175 520
4 815
227 58
886 874
321 31
799 611
818 341
910 631
257 918
651 108
480 694
360 544
18 486
897 706
507 523
42 637
451 681
90 398
623 29
60 976
586 943
635 210
841 403
320 544
652 449
142 322
866 483
320 501
559 235
758 217
853 65
98 151
548 656
684 187
514 171
465 95
305 99
853 100
995 145
593 525
846 998
481 86
587 63
298 800
368 497
913 55
557 573
228 10
549 105
627 911
358 62
513 91
190 662
806 717
241 537
534 750
835 439
853 14
166 773
269 150
556 885
457 182
543 113
569 36
947 443
857 195
285 656
317 721
437 827
363 474
223 30
468 896
262 57
182 320
822 779
663 450
983 377
841 120
155 878
320 409
955 453
108 176
248 240
418 776
249 685
714 780
27 471
880 533
204 640
418 413
214 25
754 81
552 197
426 594
355 58
511 97
625 309
900 970
746 872
556 317
96 994
817 621
153 475
114 48
460 357
733 884
316 673
221 486
432 867
924 998
95 786
446 786
756 719
590 346
662 853
198 498
118 110
936 14
413 623
979 401
284 224
249 63
549 599
817 821
819 332
117 741
878 265
983 914
259 633
485 924
421 273
734 683
48 891
513 669
69 813
388 843
905 705
655 636
809 805
136 472
564 627
891 604
518 441
74 225
500 128
400 910
944 273
163 485
153 344
508 27
221 222
278 895
883 125
282 932
403 691
669 417
373 966
759 911
487 242
369 832
93 986
258 121
605 389
732 772
798 110
683 591
485 370
495 960
891 719
409 128
544 646
963 77
339 268
509 721
904 825
811 230
702 997
737 420
544 306
767 468
410 693
63 449
408 894
613 557
36 651
648 373
802 931
199 610
683 140
317 707
288 586
934 479
898 989
295 670
489 441
134 413
862 898
144 548
456 269
271 108
832 491
421 918
880 633
125 619
678 562
147 441
919 965
954 433
102 168
961 600
12 943
192 446
993 225
494 335
794 448
938 116
34 626
610 358
329 265
826 734
526 6
322 972
404 796
316 627
226 858
152 276
721 590
814 343
30 65
512 659
127 823
448 801
510 512
776 410
143 838
195 601
924 21
816 869
495 680
537 131
406 73
14 688
382 478
894 179
838 411
234 757
557 964
475 33
442 419
608 602
202 937
957 155
23 125
804 772
255 869
293 692
731 12
842 306
485 113
523 735
492 674
989 108
141 400
818 815
416 582
870 778
932 617
93 826
950 954
174 897
588 204
215 467
772 671
783 56
791 608
633 305
413 634
33 621
435 905
838 203
980 202
170 708
533 263
568 263
159 834
37 741
207 98
768 252
659 331
290 902
207 801
434 923
543 971
227 819
373 330
883 64
771 704
966 53
315 656
841 533
625 825
274 878
481 184
514 394
295 491
292 803
725 853
175 77
247 620
301 401
465 619
674 183
235 587
594 991
875 901
725 435
664 500
683 351
744 144
634 548
702 38
243 277
354 779
398 417
818 600
571 698
232 634
572 596
587 467
367 166
952 461
312 444
794 967
462 346
893 537
926 447
724 595
373 168
585 429
28 122
171 754
387 950
898 402
220 958
475 484
296 587
382 778
744 960
305 175
63 205
652 198
144 340
508 727
155 868
989 444
197 534
836 159
912 935
244 733
568 132
70 719
848 863
174 803
329 944
500 479
28 391
82 151
229 171
38 589
384 383
917 378
888 580
866 752
484 799
282 110
180 403
617 703
505 27
322 791
269 833
575 822
324 296
818 657
245 553
935 855
584 981
560 203
306 471
621 426
887 141
543 903
605 66
444 160
950 110
294 766
587 570
865 869
525 910
814 34
888 121
101 749
303 823
293 661
438 609
749 913
167 676
741 292
451 124
585 184
301 752
321 878
746 887
149 537
570 270
391 314
414 809
631 491
503 717
325 275
187 292
967 425
68 706
829 59
595 870
621 413
642 895
134 941
829 388
9 634
947 398
206 399
242 361
429 188
462 96
740 753
529 1
706 58
469 597
466 886
298 63
309 87
379 291
678 442
427 208
957 687
437 374
86 163
350 30
478 514
618 164
164 217
626 146
742 869
754 94
156 560
646 403
693 465
258 376
935 723
409 37
410 892
406 197
579 847
712 107
270 56
624 329
826 433
653 249
343 568
479 406
160 850
666 124
851 205
927 276
312 786
677 687
235 73
919 434
540 813
868 630
310 810
594 491
92 135
54 247
4 786
635 532
7 164
720 653
928 858
643 998
684 239
663 671
456 918
83 581
562 995
156 950
793 223
357 750
996 884
669 411
942 999
514 655
307 301
158 233
230 586
824 152
174 265
535 838
770 629
623 617
918 331
553 131
880 710
945 262
672 227
577 965
620 965
265 91
675 926
864 774
925 257
873 687
877 98
78 759
375 646
977 53
183 645
706 881
142 414
640 651
615 165
482 216
658 586
864 98
872 685
293 727
765 148
598 165
924 641
287 675
727 650
646 615
847 909
322 352
354 989
505 313
881 320
906 986
436 890
574 769
847 307
454 218
383 611
252 51
78 658
307 890
504 804
65 953
656 350
690 738
51 9
328 547
884 283
172 585
705 319
625 98
315 551
514 431
833 697
706 765
6 910
66 365
317 861
562 130
219 324
332 252
150 269
551 11
948 33
352 75
172 652
555 328
110 838
535 68
184 943
204 592
956 189
49 621
102 624
947 610
213 321
589 630
993 362
395 492
918 940
591 98
425 89
926 145
212 535
829 812
756 395
935 384
5 711
335 335
945 106
426 281
263 509
223 367
210 255
194 969
66 127
567 136
633 842
728 844
8 196
591 908
292 763
825 877
212 648
105 159
792 508
16 883
601 54
308 590
558 162
288 853
988 975
817 206
401 620
816 896
804 760
522 758
634 447
446 347
857 197
704 902
136 648
53 72
13 736
897 360
564 571
897 536
93 552
523 65
961 494
253 338
447 116
914 127
825 433
629 711
612 681
681 685
108 748
835 733
445 120
42 732
619 8
911 939
3 712
205 434
123 315
782 809
287 570
354 695
405 111
144 334
370 369
116 176
908 477
949 950
33 704
712 342
632 652
363 622
407 987
301 919
79 530
451 435
129 366
828 804
137 886
606 323
498 859
687 721
22 758
461 635
329 407
58 524
498 960
298 772
42 904
433 951
385 472
189 235
38 513
750 17
339 527
385 355
427 189
946 71
58 801
207 406
282 738
49 616
739 779
682 347
297 132
603 467
53 681
545 792
160 91
969 295
1 850
38 705
127 428
580 335
741 536
273 786
753 374
152 322
20 491
622 185
3 316
348 576
367 56
498 892
538 878
728 466
522 539
318 117
452 1000
536 897
34 544
917 160
833 786
276 420
604 852
519 249
824 607
662 866
758 543
420 511
328 647
185 499
968 849
848 854
102 771
314 735
895 135
272 582
1 79
931 547
795 956
562 801
667 971
513 575
85 776
422 284
783 412
612 959
164 750
872 812
546 266
752 185
118 792
871 24
570 470
425 153
305 717
39 339
265 971
98 551
834 350
113 872
182 968
69 77
240 345
962 940
124 785
929 714
737 593
62 151
655 658
726 487
177 959
282 764
314 441
142 731
602 500
467 607
683 135
480 536
475 922
58 441
154 951
543 338
840 242
900 957
443 494
805 625
389 971
411 438
168 54
553 553
159 122
256 20
555 193
466 87
880 381
331 875
213 385
627 226
182 52
898 526
150 976
946 54
491 890
944 356
260 10
483 496
867 770
962 91
177 773
154 427
654 408
793 836
61 866
269 419
296 594
921 518
571 797
687 866
574 413
775 982
829 185
955 257
699 696
468 916
695 876
635 973
809 348
565 427
197 221
815 833
703 844
641 735
953 625
38 679
12 878
62 164
420 840
535 16
284 119
346 3
327 978
677 332
759 135
356 241
425 307
503 522
608 479
104 143
173 912
789 493
656 184
23 851
866 427
897 558
912 501
830 594
926 238
725 506
98 36
694 432
953 875
353 196
338 912
824 456
300 862
45 612
814 955
734 420
329 32
532 630
224 592
181 362
219 501
536 905
336 317
191 229
425 640
904 895
703 114
976 727
690 2
309 372
143 856
887 42
23 471
62 770
131 246
98 595
499 350
18 633
214 187
178 208
102 990
103 81
159 804
158 430
154 201
56 466
507 296
767 294
63 529
127 180
774 194
895 576
209 625
811 912
471 774
763 340
773 572
728 865
647 931
483 885
702 800
95 890
183 208
88 213
745 246
791 566
142 518
494 685
948 702
475 304
996 418
341 237
453 768
50 420
656 451
250 533
422 357
916 697
909 605
202 356
273 5
523 992
28 414
467 16
672 975
744 941
529 667
786 436
856 334
784 835
367 511
220 386
82 141
745 487
842 342
347 298
289 115
880 221
588 668
994 347
639 611
277 737
172 520
853 62
249 379
242 988
373 615
755 461
947 806
500 851
148 141
607 846
418 788
807 486
184 5
616 800
888 823
342 244
658 412
790 546
533 906
872 31
843 258
63 979
181 790
282 562
759 681
820 888
725 528
885 627
426 909
731 500
95 666
77 424
969 104
9 866
249 501
758 233
563 91
232 173
86 743
423 513
752 197
724 595
221 829
737 608
459 998
663 819
242 554
657 91
957 562
62 18
602 557
647 172
696 164
258 231
95 781
977 33
627 847
675 701
308 847
196 763
581 119
672 859
949 174
735 680
49 257
813 148
671 650
165 812
42 366
147 423
455 136
334 123
175 81
279 360
122 835
953 474
684 54
227 976
7 985
241 313
461 56
57 406
569 131
497 574
996 610
97 995
117 802
234 431
142 644
478 512
337 264
317 430
757 21
5 896
208 763
818 597
2 668
151 227
800 570
531 999
993 147
948 980
762 461
104 181
44 903
166 933
714 380
752 835
730 470
233 756
353 937
957 402
628 706
628 459
457 779
925 510
489 801
261 224
756 250
153 717
1 799
531 670
504 715
536 282
390 233
522 768
522 94
799 478
936 149
280 778
288 744
544 204
780 776
378 156
224 535
686 530
551 225
291 216
849 55
639 826
946 590
683 512
989 467
967 834
611 276
19 246
450 250
26 914
70 581
115 403
284 645
221 800
367 186
592 511
689 568
157 583
94 634
100 192
25 435
710 418
664 987
237 81
994 465
45 614
368 415
412 159
311 3
188 632
143 677
596 132
714 183
816 753
296 807
241 267
684 672
10 303
735 347
163 246
211 80
847 207
718 930
932 258
889 28
56 472
955 383
565 652
756 668
826 732
998 51
722 67
721 34
732 731
329 455
534 895
101 891
821 380
989 818
197 104
927 878
612 253
904 881
900 177
908 659
61 726
144 258
643 134
864 864
670 374
620 544
435 555
935 721
890 607
62 275
152 439
691 989
221 764
292 594
604 121
846 551
160 664
797 989
204 802
176 12
908 873
427 795
867 342
300 713
988 109
547 361
349 491
606 589
534 922
42 897
800 137
152 239
579 959
761 300
663 782
6 288
434 570
263 784
497 653
113 562
923 836
678 11
599 623
544 284
532 132
620 937
175 331
290 771
70 753
886 50
689 732
654 891
675 122
126 916
478 523
358 238
248 752
374 387
670 846
329 270
558 202
532 948
718 733
837 173
574 139
223 723
613 262
736 876
791 639
161 213
451 620
371 870
257 50
896 97
718 926
479 224
172 275
359 363
535 241
380 196
270 109
722 954
181 234
873 809
22 971
943 33
255 824
873 313
761 511
788 120
696 478
753 267
981 219
459 111
658 867
327 190
495 927
513 49
209 675
646 385
769 582
405 940
252 23
885 278
749 13
490 673
291 444
662 594
57 623
489 473
662 66
345 816
216 157
831 857
241 424
6 828
767 361
384 762
39 371
735 620
292 140
583 576
170 934
556 597
69 578
643 45
860 730
238 339
195 75
850 421
600 787
148 855
617 719
89 883
502 7
498 823
398 794
79 81
677 919
848 635
31 745
826 843
181 890
316 416
836 376
514 165
372 787
505 661
543 340
698 593
767 397
542 196
276 517
435 620
606 304
400 635
477 636
525 225
992 657
384 192
357 179
966 898
558 80
419 470
415 453
849 116
311 181
49 742
361 938
593 484
118 967
602 992
569 946
602 479
670 560
739 986
883 378
457 704
525 792
244 875
343 939
472 444
185 5
295 520
355 898
864 887
879 824
769 817
295 799
358 371
708 317
694 448
503 590
381 503
377 28
318 977
772 71
76 789
661 957
854 370
256 15
191 69
885 486
284 959
681 532
200 994
793 740
329 245
747 296
675 62
390 476
546 992
133 161
469 621
342 145
159 322
390 950
435 701
12 627
510 71
64 44
784 709
953 856
503 464
877 52
527 177
521 266
779 72
45 653
797 247
569 738
687 307
360 310
288 474
544 371
414 797
857 959
166 549
13 162
213 669
845 889
507 739
162 717
721 285
531 558
296 517
176 451
113 334
807 887
257 400
549 350
308 22
571 757
918 474
142 583
823 482
220 338
407 329
613 734
643 127
996 496
946 938
624 171
409 58
810 430
780 665
38 710
466 439
264 608
542 736
217 757
95 365
45 789
522 501
979 658
153 516
806 974
496 450
860 429
858 904
568 669
730 637
428 958
565 195
930 691
448 459
175 147
935 894
746 219
228 808
323 724
698 380
182 128
556 193
97 41
61 766
754 16
973 790
984 181
872 890
348 266
764 671
564 522
740 50
857 309
32 320
699 531
11 81
274 232
272 918
683 722
737 684
473 437
617 710
951 809
74 840
510 298
171 837
886 425
733 262
581 94
976 117
197 632
863 986
904 470
543 487
170 586
374 280
341 995
803 343
182 291
940 228
416 44
468 462
723 653
98 201
669 656
287 73
59 865
687 501
339 314
251 229
860 861
855 625
967 200
842 9
236 500
543 133
594 3
655 363
563 669
324 104
176 583
447 962
814 586
899 485
714 153
13 502
126 573
125 219
227 444
295 966
99 814
816 838
200 44
712 822
925 114
696 35
348 452
38 494
979 162
666 288
789 44
968 30
248 266
61 444
762 826
639 356
545 212
255 806
979 96
561 967
353 255
706 608
101 53
214 95
383 431
826 879
908 523
789 146
589 507
332 201
908 350
561 322
479 452
899 816
134 457
63 459
418 838
890 768
863 871
301 455
333 597
119 479
624 592
450 259
812 212
562 781
454 719
523 122
289 932
740 421
232 422
612 802
922 649
519 501
956 136
732 172
650 640
584 202
813 273
836 33
166 624
342 749
871 619
551 864
285 511
285 642
444 516
516 896
396 365
500 35
206 703
343 583
784 855
479 926
310 596
219 666
415 475
94 913
776 637
147 996
637 412
279 431
678 432
148 795
181 74
776 999
581 386
592 470
747 717
312 422
87 57
531 883
147 501
489 976
323 274
686 636
418 960
743 316
462 96
521 891
241 642
379 648
118 822
538 970
743 864
272 201
435 830
682 803
778 581
855 523
158 101
412 892
207 927
374 506
748 669
662 246
894 989
810 41
10 363
578 699
251 105
286 850
652 686
266 967
841 781
233 472
363 350
277 996
854 570
590 2
248 601
589 251
291 141
503 750
800 653
757 80
281 51
736 42
360 932
65 353
825 201
550 649
645 187
108 178
180 498
450 697
300 427
919 391
140 942
946 773
204 940
342 702
95 485
768 429
781 807
359 832
481 605
144 260
438 477
326 251
300 969
747 775
165 951
892 665
437 657
948 838
891 992
476 289
717 986
144 244
427 849
454 502
761 259
735 949
551 550
518 412
187 850
152 616
280 703
359 44
233 68
60 658
946 123
460 887
482 14
863 603
456 909
167 668
616 569
118 254
665 166
368 988
603 203
906 519
914 235
654 616
274 146
621 65
952 571
585 80
35 785
693 447
466 842
410 212
817 81
598 880
219 833
36 317
188 173
407 293
908 101
599 413
477 533
104 219
650 780
565 688
486 36
878 609
172 951
383 639
870 988
821 332
1 88
613 208
500 188
640 371
783 759
292 238
808 612
391 747
434 810
845 955
564 271
573 74
713 735
75 307
638 934
374 247
454 990
177 986
708 305
415 169
758 491
102 706
804 918
727 492
799 237
859 571
997 714
448 431
737 709
994 874
120 727
716 367
704 925
229 245
413 412
902 996
53 170
439 355
198 857
93 165
88 996
709 304
734 84
144 509
382 471
549 137
504 854
778 264
508 207
970 359
354 272
794 871
577 758
614 232
397 775
770 59
362 484
919 831
339 95
917 62
550 72
277 817
81 53
612 407
765 940
564 933
804 470
227 357
940 380
506 193
251 336
171 276
458 612
58 441
502 796
219 327
143 52
456 496
902 575
515 419
352 18
839 78
786 507
238 417
609 725
413 744
371 859
822 935
376 828
975 232
558 229
280 193
40 52
627 88
858 293
310 141
570 209
67 148
917 707
431 305
400 525
736 195
130 770
949 909
140 857
85 923
467 49
101 717
156 507
799 727
219 13
574 461
608 140
198 640
296 524
401 980
175 695
816 488
396 656
864 764
686 888
936 948
16 153
11 388
466 171
536 161
621 36
527 109
100 581
456 724
704 396
442 856
343 878
885 258
21 91
978 748
47 59
563 913
653 63
585 573
733 118
154 472
932 354
934 680
404 32
779 389
597 459
336 220
477 291
381 572
319 498
908 358
623 365
779 470
42 275
744 716
187 126
831 249
281 119
502 116
857 36
494 280
499 453
95 181
752 976
825 476
185 70
786 732
553 159
785 917
632 594
71 529
777 170
288 902
17 57
92 789
420 873
677 937
117 919
246 772
599 868
289 422
505 783
942 75
991 57
2 78
606 974
143 72
325 735
143 783
923 342
566 587
523 343
261 243
366 640
859 858
279 964
98 148
574 783
839 39
469 916
889 192
263 426
160 383
165 588
281 655
593 88
430 846
440 115
106 42
899 805
768 317
816 529
311 866
256 389
656 501
692 724
150 896
278 306
245 661
667 443
882 525
723 259
726 663
56 162
967 831
499 306
834 86
303 314
54 496
996 911
986 709
604 39
696 487
148 882
676 941
817 814
425 557
571 539
701 150
332 626
931 19
456 831
144 116
611 759
669 198
258 958
996 6
493 862
743 691
983 640
805 770
678 800
338 229
730 248
225 390
760 62
892 507
622 216
326 387
936 232
541 346
351 194
55 536
578 843
834 149
270 913
712 991
571 947
546 401
143 301
714 770
628 902
469 957
343 249
832 146
843 631
824 372
259 194
388 230
730 188
100 574
564 999
297 163
564 486
786 842
963 706
959 499
455 590
190 428
925 150
780 21
744 768
313 955
536 354
541 52
625 265
615 993
155 540
26 911
752 718
775 163
662 66
655 86
865 468
969 196
568 789
556 100
54 311
16 220
272 589
205 556
548 896
788 819
81 55
124 813
975 184
249 251
336 988
808 255
450 200
988 776
876 17
679 896
467 281
870 694
602 738
986 426
597 501
555 773
585 677
861 31
281 911
899 109
716 616
815 706
833 165
534 154
401 708
989 564
258 868
957 210
987 211
63 942
714 583
260 970
1000 650
913 120
580 280
895 163
868 295
812 61
214 52
760 345
260 967
186 100
661 869
79 142
84 647
230 142
111 149
151 489
960 110
741 63
225 891
538 635
695 444
495 349
45 260
578 254
705 304
173 763
905 365
12 603
96 988
488 241
81 206
667 638
700 40
282 407
393 924
367 819
519 439
51 214
467 915
219 628
391 524
888 743
697 647
634 899
491 793
350 473
111 571
962 369
775 810
86 244
414 520
958 804
17 933
847 8
988 836
359 417
511 730
376 246
497 208
1000 361
833 987
558 349
717 943
105 519
114 844
715 190
345 528
460 672
32 362
197 306
75 371
100 907
152 585
792 475
187 648
635 143
492 19
314 192
62 560
755 418
959 176
703 469
493 655
16 162
819 876
598 564
470 245
830 697
523 622
621 621
764 709
79 607
150 607
518 744
513 212
739 625
445 471
126 441
954 289
516 493
57 124
369 113
809 878
499 198
170 683
743 472
78 285
243 174
917 228
791 113
737 430
252 529
321 181
822 729
222 274
749 337
450 630
507 469
18 610
293 358
181 188
824 387
560 258
837 419
531 829
258 627
507 619
151 509
590 827
452 972
309 163
792 201
669 758
719 650
359 687
226 363
750 539
149 401
819 661
489 985
612 701
319 746
607 470
297 470
441 548
710 748
948 101
210 853
854 969
7 929
291 213
751 584
984 392
53 899
236 155
855 893
639 199
668 526
347 597
496 964
712 787
240 205
409 11
331 449
377 262
474 689
272 20
411 577
827 608
762 463
356 62
260 968
845 346
294 928
243 191
330 141
345 306
669 569
17 753
366 999
688 746
765 840
768 311
918 175
990 594
8 31
999 697
394 267
546 843
386 39
179 141
446 715
283 875
979 114
465 651
748 344
183 152
814 512
39 302
896 732
762 380
428 903
521 112
955 821
211 419
559 692
406 389
615 4
470 40
42 593
936 934
437 790
301 471
772 250
333 691
70 19
921 95
206 497
669 442
212 512
203 879
619 770
125 960
351 585
177 946
879 393
182 465
935 667
269 834
877 58
77 601
47 946
795 997
790 253
116 463
694 353
122 671
630 664
249 599
544 981
725 425
889 775
441 258
443 175
233 61
662 319
265 309
657 708
312 411
225 799
151 780
450 918
582 625
223 431
763 182
606 766
540 487
744 847
21 333
393 187
505 605
265 406
466 121
883 274
424 777
908 108
25 926
550 357
788 958
139 124
242 550
389 97
943 133
465 132
670 315
272 210
967 527
999 888
161 432
561 882
989 584
510 468
825 365
675 411
887 964
865 165
261 128
260 253
737 555
222 77
638 406
284 493
380 604
388 283
164 893
476 948
415 504
220 337
100 591
906 894
59 986
113 771
23 671
226 724
152 759
517 447
291 789
745 800
82 670
562 132
79 597
452 390
78 845
788 24
269 177
514 693
815 327
350 978
54 838
948 575
373 205
346 464
616 663
684 90
573 49
646 598
339 651
847 449
472 416
945 986
31 741
419 810
788 845
682 768
694 841
397 982
445 418
80 742
183 412
461 116
713 755
757 458
906 51
818 604
941 730
822 762
924 971
816 592
712 711
903 849
830 757
175 299
41 627
38 254
369 223
330 498
307 433
835 86
41 565
294 653
766 982
952 467
58 689
751 119
968 121
878 653
952 149
775 52
657 344
918 165
14 378
810 247
333 321
885 997
649 373
354 530
348 414
455 658
776 757
878 205
858 95
244 107
158 161
504 370
534 166
543 773
20 548
220 705
701 704
76 456
985 701
466 782
439 332
88 920
125 566
661 317
423 334
494 256
625 932
98 349
121 511
410 992
48 492
195 629
84 100
800 623
404 420
103 266
537 194
111 542
859 661
346 123
378 633
565 839
539 355
865 14
357 660
503 274
902 405
856 698
320 337
108 656
273 75
620 210
103 161
822 730
853 313
946 519
358 582
936 862
227 896
907 800
73 583
339 762
459 326
14 195
202 130
204 121
682 826
986 823
904 785
449 807
678 756
690 746
607 35
282 625
425 833
416 541
302 849
527 106
300 112
241 540
13 501
326 796
970 46
182 312
470 873
981 631
376 147
533 670
646 335
167 167
707 422
271 934
40 360
471 149
40 691
192 63
858 52
98 517
180 179
403 631
261 650
148 735
404 989
323 681
847 402
823 841
127 905
264 93
593 166
856 86
148 633
36 399
268 357
887 485
116 447
448 289
24 376
716 948
628 779
180 38
879 826
82 3
447 5
522 345
430 40
24 729
128 929
285 59
544 747
545 171
811 659
386 993
940 834
965 102
139 919
96 496
850 369
373 177
521 297
688 246
975 302
230 711
769 454
200 866
36 312
322 744
88 846
32 708
161 379
297 348
843 651
20 744
920 693
341 744
990 792
93 28
738 316
121 674
539 858
522 320
415 926
124 843
902 855
233 507
854 62
713 882
625 48
740 84
179 545
688 80
459 168
835 781
806 548
406 955
626 697
974 927
769 393
247 97
603 23
436 479
712 808
856 500
583 337
233 947
379 762
281 920
52 837
385 116
422 210
906 142
68 48
440 879
328 188
210 38
868 930
90 646
145 580
268 945
243 80
193 852
123 621
458 473
940 175
736 194
335 362
761 641
871 754
941 552
589 198
480 503
500 456
387 569
865 996
75 654
505 107
80 267
92 980
154 889
82 31
744 241
881 768
521 504
407 103
301 813
315 995
803 780
700 814
810 189
195 916
374 236
855 51
30 453
341 298
680 535
775 774
541 424
279 655
758 413
226 686
32 410
541 892
706 834
23 592
507 867
454 569
619 880
685 660
957 649
183 377
151 637
60 958
964 43
808 690
727 73
482 33
924 759
944 374
965 981
199 318
886 471
703 5
664 505
153 387
763 621
257 687
996 265
308 668
357 960
384 467
499 84
194 218
591 774
107 137
455 556
378 657
661 340
196 80
818 325
945 700
387 933
197 553
220 382
693 856
322 928
363 77
294 172
298 908
45 884
791 756
412 851
542 169
600 73
749 738
437 770
54 693
597 823
557 250
458 168
95 249
325 131
655 810
717 970
206 952
707 113
963 996
516 470
542 857
594 468
589 290
334 382
557 642
243 930
449 113
361 700
183 544
705 38
7 837
140 421
886 564
560 198
667 848
704 427
894 209
850 649
31 482
475 184
465 587
699 718
769 914
809 411
800 951
139 513
285 159
722 278
475 170
370 633
60 494
702 425
74 305
139 903
86 456
42 613
330 903
168 92
854 99
401 976
840 6
164 540
169 476
998 237
870 996
489 367
143 929
585 190
92 568
23 723
688 530
784 416
859 369
819 951
278 65
70 220
111 469
296 233
469 279
274 293
11 690
970 762
303 154
721 555
629 747
628 96
863 316
685 411
713 722
786 855
74 342
810 855
439 536
815 105
750 259
949 440
554 760
265 918
824 856
602 338
433 453
120 581
991 295
368 156
11 703
396 505
711 436
972 205
662 149
760 138
577 411
522 60
329 130
338 787
124 153
957 291
872 908
554 428
584 862
917 922
426 594
29 312
869 489
989 352
489 882
292 748
159 418
547 813
951 488
992 236
527 74
333 300
727 750
963 887
808 310
255 879
543 585
73 284
635 763
644 62
161 476
893 287
451 320
159 791
27 402
827 502
801 905
654 160
398 879
189 616
847 557
141 443
78 741
503 566
979 65
892 498
136 491
162 784
574 586
339 672
173 952
856 166
677 325
204 861
477 74
982 744
538 675
415 474
391 616
32 269
118 369
212 923
58 253
838 373
45 631
935 177
694 569
894 790
3 722
147 97
192 479
153 128
601 729
696 919
187 992
712 727
1 304
556 923
648 58
41 745
273 44
612 975
116 966
39 857
305 118
948 185
664 496
225 452
370 265
608 920
999 556
211 671
946 351
409 118
863 593
988 801
775 487
805 951
808 242
712 843
380 464
960 659
111 43
659 184
455 832
388 266
289 805
156 950
68 234
178 564
364 282
768 165
115 490
83 572
767 274
738 794
805 146
188 49
232 267
98 199
816 38
843 837
787 104
337 998
913 206
839 514
30 628
117 958
530 497
770 551
345 648
793 859
907 501
767 332
530 490
880 864
53 346
801 722
71 839
396 138
3 983
610 234
191 33
881 78
628 72
719 2
861 324
824 863
547 119
961 942
158 76
773 840
561 210
400 574
63 983
965 147
380 417
449 926
3 922
346 681
683 982
306 416
631 543
13 481
423 177
604 973
812 932
141 729
654 724
706 892
38 716
132 22
947 769
42 933
613 301
283 739
155 295
189 588
68 137
313 554
526 842
125 916
996 690
765 265
508 649
364 823
844 897
17 848
132 143
443 411
149 96
391 725
312 655
791 931
484 732
925 103
371 362
51 50
666 366
15 815
637 526
422 730
929 833
975 791
201 60
156 417
494 349
4 898
180 805
888 794
249 16
377 165
214 971
336 779
593 231
756 702
784 582
414 530
320 712
124 388
156 520
220 631
880 649
806 223
369 411
426 45
209 969
939 154
932 774
5 626
680 525
458 112
641 463
526 871
610 960
479 1
983 117
766 699
273 862
273 923
967 993
961 50
204 528
301 251
229 135
11 657
769 908
722 468
690 409
369 247
600 299
416 199
249 582
444 533
807 522
514 68
469 773
652 827
429 672
159 953
609 657
564 169
989 729
138 285
884 678
329 506
56 483
64 96
980 305
826 859
278 786
910 691
869 747
418 562
866 298
954 928
449 826
555 518
154 437
466 692
549 37
871 794
889 604
908 935
145 868
5 85
128 423
169 915
476 996
645 938
866 341
166 951
468 314
102 72
763 973
362 567
713 311
267 232
518 953
821 526
611 663
437 825
91 90
437 957
894 566
258 82
32 111
776 776
847 851
175 877
796 962
624 536
768 508
460 890
416 637
651 632
809 378
467 87
43 899
817 903
336 289
751 426
553 719
569 527
755 752
713 744
631 902
409 336
578 750
387 221
204 345
722 389
828 364
615 540
794 870
510 783
208 130
848 261
139 113
864 769
864 893
795 928
615 494
596 555
127 192
888 334
722 683
46 609
500 549
771 660
442 294
775 280
892 2
114 974
742 30
275 329
256 957
803 421
327 870
414 398
731 454
136 301
262 804
353 533
193 761
54 123
754 986
339 828
154 998
379 804
132 895
204 5
425 387
609 6
755 752
557 374
674 837
640 44
576 935
48 344
818 120
458 101
281 924
921 796
600 434
680 299
656 731
470 883
240 80
183 430
803 346
534 739
782 828
763 174
869 710
829 810
262 687
610 286
82 894
679 882
532 33
115 359
593 187
267 936
365 185
530 801
540 519
347 416
941 673
382 461
270 809
495 211
848 883
777 456
689 281
313 807
165 221
407 428
363 110
294 25
178 80
598 175
942 717
741 296
756 882
691 123
685 377
260 537
345 532
813 388
194 33
253 477
904 711
172 12
388 619
698 817
343 565
633 647
943 285
166 374
848 698
75 856
393 884
767 686
425 737
121 931
408 970
680 374
737 663
281 851
667 476
41 330
329 10
646 25
398 271
320 811
667 597
480 746
783 411
499 247
177 207
177 619
344 584
247 208
59 80
908 879
209 77
438 300
324 537
159 83
894 74
670 830
928 912
322 502
748 710
917 172
790 276
212 93
300 134
565 458
688 710
139 472
771 248
136 928
11 447
520 294
476 256
167 541
42 403
112 840
11 789
65 380
824 800
285 276
85 124
185 202
25 772
372 675
603 148
594 507
801 613
220 465
5 628
30 386
577 47
835 493
873 587
738 251
878 696
171 375
928 314
438 708
382 952
451 809
315 984
948 44
508 467
446 167
552 865
911 475
320 480
418 97
700 192
239 156
882 577
243 410
117 809
760 680
840 498
834 563
606 506
973 781
948 466
330 418
245 851
331 592
688 564
107 748
255 387
316 345
754 136
944 910
941 222
72 56
618 780
285 905
685 575
392 609
379 632
483 73
664 623
538 165
912 704
90 996
340 519
654 757
666 446
19 950
357 958
737 90
994 974
900 374
334 31
14 644
716 712
686 848
12 380
83 575
570 276
794 524
633 910
707 447
748 650
608 725
815 104
429 696
69 160
542 329
972 403
114 556
403 39
418 152
726 767
42 852
728 296
557 187
985 712
361 263
987 733
836 968
16 153
313 617
297 84
838 854
761 620
658 304
455 516
282 428
631 180
827 323
861 358
69 383
645 845
577 782
101 984
136 765
381 116
552 800
6 29
648 389
692 766
281 305
732 146
678 914
588 363
72 856
239 448
293 493
274 235
218 221
337 726
842 706
857 69
97 393
781 862
980 744
49 473
970 612
526 132
494 999
855 113
913 918
410 93
679 205
777 35
760 249
954 114
534 601
345 810
24 631
374 126
950 355
966 774
906 271
622 843
956 751
668 476
920 868
424 429
463 950
198 552
665 575
527 503
665 551
181 872
349 688
42 554
680 650
272 359
202 585
335 893
368 509
728 355
783 639
589 503
54 246
172 786
641 71
621 698
569 305
992 801
706 917
918 385
95 385
969 190
82 296
804 656
10 802
440 883
385 792
389 380
166 439
509 560
258 158
462 129
281 178
447 805
189 986
723 364
553 635
931 691
698 635
788 86
969 707
851 227
959 353
143 239
151 476
633 3
131 760
937 94
898 763
749 383
99 438
72 471
513 651
637 354
440 211
269 424
3 760
464 119
710 961
436 607
609 860
971 420
513 92
854 259
994 410
199 954
776 92
94 270
624 641
203 731
506 415
174 471
590 860
820 637
595 651
862 607
26 556
647 832
90 890
651 852
158 435
526 849
471 285
925 620
702 446
860 127
598 207
67 385
373 539
189 238
197 968
875 50
233 574
464 873
724 674
109 114
315 233
518 634
605 785
230 442
921 306
513 441
825 870
408 931
168 197
516 948
349 716
290 390
262 581
606 753
218 338
570 714
700 884
668 87
881 304
610 249
689 801
670 474
756 865
62 429
376 275
991 577
319 76
8 280
384 580
917 613
327 953
837 839
925 378
681 856
105 805
605 642
467 145
10 626
54 222
497 423
999 781
856 487
118 669
249 863
476 501
805 517
355 154
531 993
849 280
436 211
205 305
801 393
18 671
245 810
232 72
852 741
579 583
251 60
922 696
548 851
368 397
550 352
345 74
705 80
643 545
849 141
885 199
869 649
811 902
325 113
205 394
328 529
588 783
478 931
781 861
258 377
81 500
926 159
591 777
321 630
122 585
783 521
521 6
908 3
468 331
77 584
464 672
455 404
334 403
264 284
13 467
318 873
383 93
869 243
873 973
557 189
709 994
1000 691
694 581
912 259
194 513
184 340
743 10
412 990
626 429
247 27
899 638
730 564
159 282
606 598
138 31
376 515
205 846
426 727
337 250
762 689
28 883
892 298
287 123
551 655
682 912
549 149
712 932
213 630
227 222
604 171
685 364
561 980
58 241
491 339
379 747
629 604
901 759
881 520
174 540
451 783
931 207
139 352
981 994
568 703
873 560
275 171
502 557
798 188
878 560
306 640
243 256
366 286
805 496
35 246
380 330
537 837
188 662
8 675
729 521
432 575
745 602
510 58
245 599
158 659
298 122
730 815
100 893
388 95
693 256
937 774
610 72
86 473
499 150
670 93
19 228
181 453
510 115
713 690
349 107
228 222
36 998
242 309
404 487
94 629
754 96
519 31
855 364
513 956
48 354
933 534
986 418
533 113
154 847
953 245
467 854
852 533
841 854
693 93
74 244
691 786
816 179
542 562
517 671
376 54
939 917
334 660
772 276
123 866
463 277
131 75
607 281
134 334
778 448
43 826
964 203
382 86
999 779
801 275
681 515
783 176
835 619
895 117
334 958
587 17
443 148
428 69
402 402
849 914
91 531
86 243
680 54
185 467
741 678
545 337
865 421
392 327
795 699
9 286
654 481
628 947
15 96
849 408
321 768
298 697
292 411
817 383
201 971
1 353
689 294
66 545
223 553
604 457
94 370
850 964
910 747
195 829
588 924
43 43
92 908
671 340
75 735
57 839
191 627
920 57
953 879
784 986
794 176
545 387
350 888
634 746
926 259
534 180
575 514
773 576
267 666
400 795
985 693
320 808
865 175
406 591
928 817
992 189
575 722
609 888
985 276
534 594
774 911
776 67
994 348
365 900
695 260
953 116
923 679
206 624
214 787
956 963
151 494
215 299
187 77
352 823
768 523
785 237
303 541
240 560
460 648
907 956
71 506
536 211
186 346
484 93
55 752
245 439
738 557
633 459
633 276
798 336
572 400
293 583
494 226
873 884
840 305
162 132
694 262
607 50
142 880
631 91
881 549
105 227
685 970
245 90
425 669
420 395
329 349
574 712
948 174
479 799
930 787
48 992
41 623
854 7
449 535
83 836
62 329
651 187
628 98
766 895
641 53
753 538
249 969
495 326
124 196
334 325
316 405
380 734
92 709
243 233
421 540
220 325
863 834
932 870
117 491
895 49
586 757
78 647
324 187
382 924
248 800
204 68
801 563
271 583
168 892
783 513
189 940
773 2
224 404
246 704
105 340
448 140
138 690
876 877
800 813
612 610
29 47
962 168
102 181
72 232
97 621
560 206
559 285
688 333
388 782
473 933
424 492
182 921
149 913
78 409
370 949
347 41
208 398
930 308
892 310
282 1
558 988
624 842
174 117
898 664
596 913
405 371
643 372
636 938
698 143
443 65
106 68
817 790
449 313
974 747
99 340
327 256
449 657
125 951
614 974
886 22
744 561
284 290
227 738
881 272
336 925
344 675
816 441
106 512
610 265
956 431
38 61
717 283
585 486
459 841
214 550
462 697
986 310
47 98
721 565
841 279
306 56
849 536
47 121
385 306
736 9
69 341
975 774
259 785
977 911
812 70
766 542
851 625
74 103
19 250
880 794
202 859
394 185
658 50
707 793
801 42
734 442
567 869
5 60
322 178
247 333
226 485
110 364
466 429
678 183
977 837
695 909
446 530
579 441
233 103
496 637
78 385
605 582
641 645
822 609
293 315
799 420
135 518
298 908
443 952
788 975
236 771
300 483
275 681
783 230
866 507
243 630
211 295
939 847
807 204
518 112
883 451
320 668
928 17
969 618
944 370
140 756
590 179
211 791
20 864
722 345
975 885
179 964
162 185
388 470
933 320
770 257
925 816
184 90
59 852
221 152
260 2
181 712
502 849
65 391
736 521
757 786
102 62
246 287
756 263
583 634
890 41
856 704
145 166
17 391
543 203
205 237
300 154
354 737
479 801
673 418
204 566
627 781
68 305
919 873
858 175
215 853
557 99
265 422
813 701
256 281
870 707
860 460
196 521
322 213
631 26
592 346
127 186
842 218
442 194
368 112
965 651
750 935
356 873
925 366
998 520
226 180
991 219
740 437
2 538
564 413
758 984
169 155
724 236
429 362
473 166
168 149
83 789
661 269
634 790
310 938
117 984
554 887
324 460
997 293
57 325
308 560
66 815
50 828
189 790
307 831
331 13
802 474
743 413
554 814
103 728
63 215
454 220
679 617
261 777
453 27
587 318
132 112
291 652
793 533
715 831
843 99
925 45
809 996
162 19
746 363
929 264
835 161
777 382
510 865
892 37
354 314
425 478
481 837
722 67
897 274
724 436
481 740
87 648
666 289
3 248
864 764
924 932
665 698
563 52
440 175
840 454
283 794
982 617
683 115
388 55
491 580
671 464
111 323
963 757
357 129
244 966
249 220
917 167
570 265
791 831
636 9
154 631
247 918
33 136
542 929
860 772
235 32
706 530
639 698
826 669
634 995
566 69
587 234
498 482
665 156
164 289
271 300
218 318
805 517
797 602
373 346
730 657
186 960
657 435
103 824
170 482
902 88
321 735
569 488
643 171
811 233
532 158
827 81
597 101
54 631
329 745
401 427
738 410
844 939
114 394
227 299
386 284
370 128
967 59
229 938
170 961
118 39
119 54
154 945
927 67
811 208
986 607
16 564
502 75
468 860
158 615
250 46
525 895
953 620
557 491
451 533
923 79
132 920
216 41
459 637
196 495
101 622
185 533
607 117
328 38
4 426
471 837
731 254
225 347
837 36
568 133
563 639
911 491
883 46
683 126
972 694
315 230
763 73
541 851
888 369
147 220
56 243
496 617
964 138
525 72
557 152
143 93
935 119
165 53
530 169
862 199
428 502
574 528
378 542
911 466
685 617
860 409
25 92
581 707
131 340
844 106
550 687
805 986
38 484
652 969
167 567
68 866
393 947
488 993
810 771
739 750
158 494
937 598
657 535
874 870
975 787
473 717
702 876
711 277
246 91
10 362
579 764
710 429
422 972
94 198
299 583
77 832
782 457
991 365
234 438
224 216
933 560
435 696
324 986
77 145
859 921
685 438
866 437
408 746
295 639
222 853
685 594
50 650
14 466
903 392
607 248
159 478
525 539
877 594
90 848
769 305
742 948
737 453
550 607
246 496
349 845
438 467
116 33
850 839
230 481
80 104
581 836
727 239
184 105
952 955
259 273
221 720
524 352
958 957
452 426
270 555
373 152
184 59
897 840
673 385
488 478
665 752
990 68
172 391
345 173
798 476
195 955
306 18
326 71
496 616
522 129
281 117
175 895
86 816
553 423
900 758
862 40
108 564
307 851
376 631
106 3
310 173
542 653
75 615
582 219
699 922
38 104
350 331
499 564
986 787
545 51
90 237
152 406
608 549
180 458
813 335
859 637
641 122
88 752
970 67
988 670
125 21
351 25
940 826
612 849
899 925
513 508
265 989
889 665
474 225
559 420
57 286
759 770
873 49
116 847
868 843
215 455
832 344
169 565
414 771
696 132
640 664
4 560
224 256
480 893
312 50
687 391
160 720
121 446
644 32
226 236
690 863
206 440
357 521
644 726
857 122
785 691
250 848
104 789
681 474
875 583
973 344
64 561
6 484
868 184
771 1
863 445
237 812
685 420
145 593
714 328
18 354
201 498
638 267
92 304
239 318
14 966
879 211
47 77
612 884
237 914
358 734
545 99
871 594
538 229
908 15
720 251
101 925
544 921
576 738
408 987
305 814
377 421
849 183
418 423
688 812
545 654
753 397
343 89
670 975
341 880
483 929
206 61
333 935
24 749
87 908
74 783
555 391
925 802
576 403
214 343
996 263
11 758
199 100
426 353
585 220
148 767
827 67
353 353
453 159
418 376
159 540
282 491
292 713
468 559
901 867
481 33
791 248
700 492
844 341
560 125
891 428
846 59
412 69
579 198
926 216
107 997
839 436
500 389
299 483
701 967
1000 199
798 182
25 142
834 849
326 220
1000 745
803 568
637 845
395 566
782 215
563 672
107 888
628 402
884 606
925 926
476 936
117 276
769 626
826 493
713 602
698 503
71 712
908 852
418 59
625 654
325 551
790 540
941 431
389 770
47 176
111 665
940 875
500 580
424 60
13 677
180 136
199 710
561 602
12 107
112 330
880 988
527 437
219 22
791 819
994 959
623 189
63 457
388 914
973 914
591 811
299 985
694 122
723 497
955 255
936 86
73 67
503 816
189 600
418 721
32 331
519 764
572 654
568 582
847 959
121 540
525 437
910 419
268 570
176 984
69 222
288 112
927 142
741 790
863 467
797 510
273 894
899 315
248 844
154 466
6 95
883 275
45 882
451 793
128 312
534 627
738 197
338 173
315 16
482 430
939 177
422 630
944 564
407 320
786 544
990 913
539 143
376 872
16 583
247 178
156 144
692 132
304 893
260 381
810 618
146 93
722 100
663 567
239 18
561 422
334 376
870 550
773 872
806 245
774 141
636 404
535 930
174 327
707 191
808 434
526 868
967 306
224 600
617 982
755 462
189 529
78 440
663 58
