1000 3000
2 1
3 2
4 2
5 3
6 5
7 5
8 5
9 8
10 1
11 3
12 4
13 6
14 10
15 8
16 14
17 2
18 6
19 13
20 9
21 18
22 20
23 15
24 23
25 17
26 18
27 3
28 3
29 3
30 16
31 12
32 7
33 6
34 17
35 14
36 27
37 36
38 21
39 16
40 23
41 11
42 31
43 17
44 10
45 29
46 12
47 6
48 42
49 25
50 36
51 4
52 10
53 32
54 10
55 24
56 42
57 9
58 24
59 23
60 15
61 6
62 5
63 23
64 17
65 45
66 18
67 42
68 53
69 65
70 42
71 17
72 52
73 2
74 31
75 46
76 47
77 46
78 26
79 56
80 27
81 52
82 28
83 49
84 38
85 57
86 15
87 86
88 48
89 81
90 79
91 6
92 65
93 44
94 75
95 60
96 53
97 75
98 90
99 43
100 19
101 87
102 2
103 1
104 98
105 81
106 45
107 36
108 84
109 62
110 89
111 67
112 41
113 96
114 9
115 76
116 98
117 76
118 35
119 27
120 16
121 39
122 105
123 108
124 114
125 84
126 53
127 123
128 11
129 63
130 124
131 29
132 62
133 29
134 110
135 51
136 10
137 3
138 63
139 48
140 65
141 95
142 99
143 105
144 97
145 92
146 50
147 132
148 28
149 98
150 75
151 2
152 8
153 70
154 112
155 132
156 149
157 110
158 22
159 50
160 64
161 41
162 125
163 113
164 109
165 43
166 111
167 93
168 133
169 71
170 98
171 68
172 73
173 49
174 133
175 89
176 30
177 65
178 138
179 178
180 141
181 90
182 84
183 49
184 180
185 23
186 4
187 25
188 168
189 52
190 12
191 58
192 169
193 66
194 66
195 125
196 100
197 113
198 178
199 94
200 113
201 103
202 49
203 140
204 114
205 48
206 65
207 203
208 7
209 174
210 184
211 209
212 56
213 191
214 212
215 50
216 147
217 151
218 82
219 143
220 12
221 217
222 102
223 125
224 186
225 20
226 82
227 36
228 91
229 10
230 2
231 55
232 143
233 160
234 58
235 102
236 150
237 140
238 163
239 88
240 167
241 176
242 223
243 4
244 107
245 239
246 137
247 23
248 210
249 2
250 116
251 222
252 24
253 42
254 221
255 207
256 35
257 35
258 164
259 136
260 207
261 173
262 140
263 77
264 51
265 30
266 16
267 65
268 213
269 164
270 162
271 195
272 18
273 102
274 122
275 118
276 29
277 34
278 159
279 244
280 185
281 48
282 124
283 128
284 115
285 38
286 272
287 209
288 25
289 194
290 7
291 7
292 169
293 87
294 12
295 241
296 279
297 57
298 214
299 200
300 21
301 91
302 192
303 262
304 265
305 109
306 234
307 115
308 215
309 51
310 122
311 98
312 269
313 286
314 171
315 111
316 67
317 264
318 172
319 229
320 42
321 88
322 16
323 24
324 206
325 110
326 301
327 140
328 26
329 41
330 157
331 159
332 50
333 230
334 168
335 70
336 96
337 190
338 78
339 33
340 87
341 169
342 229
343 20
344 152
345 332
346 326
347 203
348 60
349 173
350 329
351 174
352 92
353 7
354 323
355 268
356 304
357 191
358 296
359 141
360 156
361 281
362 333
363 104
364 21
365 194
366 84
367 23
368 77
369 215
370 50
371 21
372 251
373 126
374 279
375 339
376 6
377 168
378 100
379 247
380 5
381 39
382 16
383 45
384 232
385 115
386 103
387 127
388 175
389 212
390 192
391 240
392 83
393 342
394 332
395 341
396 276
397 69
398 195
399 385
400 295
401 55
402 151
403 318
404 348
405 225
406 233
407 172
408 310
409 59
410 246
411 165
412 237
413 344
414 124
415 233
416 114
417 305
418 231
419 372
420 312
421 340
422 298
423 47
424 229
425 183
426 218
427 343
428 135
429 241
430 357
431 75
432 374
433 243
434 167
435 74
436 111
437 289
438 289
439 36
440 47
441 295
442 207
443 368
444 310
445 261
446 133
447 381
448 91
449 65
450 388
451 145
452 124
453 337
454 141
455 199
456 309
457 274
458 185
459 131
460 181
461 363
462 194
463 19
464 185
465 184
466 402
467 364
468 65
469 235
470 327
471 238
472 240
473 437
474 17
475 46
476 317
477 375
478 468
479 38
480 134
481 351
482 472
483 247
484 435
485 32
486 80
487 338
488 42
489 104
490 114
491 449
492 65
493 44
494 139
495 65
496 406
497 52
498 367
499 294
500 141
501 316
502 168
503 292
504 18
505 64
506 6
507 441
508 200
509 366
510 462
511 161
512 277
513 143
514 107
515 54
516 280
517 298
518 230
519 203
520 418
521 383
522 348
523 350
524 426
525 251
526 230
527 204
528 60
529 503
530 18
531 146
532 312
533 340
534 249
535 75
536 515
537 304
538 241
539 281
540 344
541 94
542 120
543 123
544 42
545 220
546 281
547 288
548 425
549 305
550 315
551 491
552 60
553 460
554 93
555 163
556 234
557 259
558 68
559 321
560 167
561 425
562 240
563 468
564 243
565 167
566 379
567 208
568 199
569 335
570 213
571 376
572 222
573 456
574 358
575 424
576 161
577 134
578 158
579 218
580 414
581 292
582 83
583 533
584 48
585 454
586 208
587 156
588 120
589 228
590 305
591 86
592 111
593 140
594 353
595 357
596 190
597 267
598 118
599 289
600 462
601 199
602 326
603 206
604 114
605 330
606 449
607 16
608 476
609 295
610 27
611 115
612 153
613 347
614 591
615 284
616 288
617 221
618 466
619 292
620 221
621 589
622 271
623 302
624 93
625 252
626 199
627 71
628 252
629 451
630 312
631 224
632 96
633 18
634 445
635 404
636 314
637 136
638 423
639 581
640 46
641 100
642 623
643 402
644 555
645 244
646 276
647 17
648 222
649 414
650 111
651 570
652 595
653 15
654 433
655 543
656 53
657 238
658 65
659 135
660 518
661 555
662 597
663 184
664 293
665 424
666 399
667 105
668 311
669 157
670 169
671 405
672 668
673 248
674 98
675 65
676 349
677 182
678 223
679 316
680 365
681 485
682 636
683 218
684 680
685 549
686 393
687 340
688 458
689 624
690 173
691 259
692 294
693 117
694 338
695 252
696 621
697 8
698 125
699 257
700 51
701 49
702 362
703 700
704 676
705 502
706 663
707 502
708 349
709 453
710 356
711 702
712 174
713 124
714 296
715 542
716 641
717 145
718 106
719 57
720 351
721 373
722 264
723 682
724 57
725 404
726 253
727 170
728 553
729 223
730 468
731 475
732 300
733 335
734 546
735 258
736 233
737 645
738 145
739 731
740 371
741 113
742 119
743 231
744 566
745 594
746 529
747 482
748 676
749 481
750 604
751 348
752 595
753 377
754 665
755 239
756 649
757 690
758 416
759 651
760 344
761 27
762 289
763 248
764 501
765 418
766 359
767 639
768 125
769 677
770 736
771 444
772 769
773 287
774 216
775 508
776 294
777 391
778 492
779 720
780 299
781 157
782 228
783 365
784 480
785 618
786 169
787 478
788 733
789 706
790 449
791 463
792 560
793 461
794 150
795 755
796 102
797 227
798 114
799 418
800 28
801 659
802 144
803 125
804 90
805 692
806 359
807 253
808 766
809 498
810 9
811 220
812 95
813 157
814 529
815 766
816 244
817 520
818 408
819 301
820 261
821 568
822 262
823 480
824 165
825 216
826 20
827 302
828 353
829 516
830 764
831 157
832 132
833 408
834 9
835 48
836 401
837 694
838 224
839 611
840 729
841 754
842 83
843 686
844 375
845 643
846 78
847 671
848 296
849 645
850 500
851 246
852 110
853 383
854 447
855 720
856 307
857 549
858 229
859 713
860 225
861 9
862 549
863 501
864 507
865 148
866 523
867 241
868 506
869 425
870 618
871 821
872 183
873 461
874 92
875 699
876 761
877 46
878 831
879 279
880 244
881 585
882 321
883 473
884 847
885 363
886 674
887 668
888 511
889 680
890 131
891 706
892 779
893 5
894 135
895 150
896 102
897 79
898 137
899 62
900 558
901 813
902 505
903 161
904 765
905 887
906 414
907 161
908 436
909 500
910 655
911 363
912 358
913 561
914 43
915 210
916 724
917 417
918 270
919 308
920 732
921 371
922 193
923 872
924 471
925 186
926 18
927 881
928 860
929 829
930 56
931 1
932 783
933 873
934 908
935 601
936 407
937 777
938 354
939 326
940 435
941 394
942 789
943 566
944 95
945 99
946 510
947 439
948 553
949 34
950 109
951 718
952 935
953 175
954 895
955 597
956 91
957 305
958 97
959 832
960 943
961 649
962 77
963 226
964 4
965 752
966 462
967 90
968 256
969 421
970 154
971 310
972 503
973 403
974 738
975 568
976 805
977 513
978 944
979 515
980 96
981 438
982 241
983 702
984 876
985 201
986 483
987 613
988 60
989 52
990 760
991 468
992 100
993 455
994 65
995 977
996 680
997 596
998 532
999 828
1000 788
1000 999
999 998
998 997
997 996
996 995
995 994
994 993
993 992
992 991
991 990
990 989
989 988
988 987
987 986
986 985
985 984
984 983
983 982
982 981
981 980
980 979
979 978
978 976
976 975
975 974
974 973
973 972
972 971
971 970
970 969
969 968
968 967
967 966
966 965
965 964
964 963
963 962
962 961
961 960
960 959
959 958
958 957
957 956
956 955
955 954
954 953
953 952
952 951
951 950
950 949
949 948
948 947
947 946
946 945
945 942
942 941
941 940
940 939
939 938
938 937
937 936
936 934
934 933
933 932
932 931
931 930
930 929
929 928
928 927
927 926
926 925
925 924
924 923
923 922
922 921
921 920
920 919
919 918
918 917
917 916
916 915
915 914
914 913
913 912
912 911
911 910
910 909
909 907
907 906
906 905
905 904
904 903
903 902
902 901
901 900
900 899
899 898
898 897
897 896
896 894
894 893
893 892
892 891
891 890
890 889
889 888
888 886
886 885
885 884
884 883
883 882
882 880
880 879
879 878
878 877
877 875
875 874
874 871
871 870
870 869
869 868
868 867
867 866
866 865
865 864
864 863
863 862
862 861
861 859
859 858
858 857
857 856
856 855
855 854
854 853
853 852
852 851
851 850
850 849
849 848
848 846
846 845
845 844
844 843
843 842
842 841
841 840
840 839
839 838
838 837
837 836
836 835
835 834
834 833
833 830
830 827
827 826
826 825
825 824
824 823
823 822
822 820
820 819
819 818
818 817
817 816
816 815
815 814
814 812
812 811
811 810
810 809
809 808
808 807
807 806
806 804
804 803
803 802
802 801
801 800
800 799
799 798
798 797
797 796
796 795
795 794
794 793
793 792
792 791
791 790
790 787
787 786
786 785
785 784
784 782
782 781
781 780
780 778
778 776
776 775
775 774
774 773
773 772
772 771
771 770
770 768
768 767
767 763
763 762
762 759
759 758
758 757
757 756
756 753
753 751
751 750
750 749
749 748
748 747
747 746
746 745
745 744
744 743
743 742
742 741
741 740
740 739
739 737
737 735
735 734
734 730
730 728
728 727
727 726
726 725
725 723
723 722
722 721
721 719
719 717
717 716
716 715
715 714
714 712
712 711
711 710
710 709
709 708
708 707
707 705
705 704
704 703
703 701
701 698
698 697
697 696
696 695
695 693
693 691
691 689
689 688
688 687
687 685
685 684
684 683
683 681
681 679
679 678
678 675
675 673
673 672
672 670
670 669
669 667
667 666
666 664
664 662
662 661
661 660
660 658
658 657
657 656
656 654
654 653
653 652
652 650
650 648
648 647
647 646
646 644
644 642
642 640
640 638
638 637
637 635
635 634
634 633
633 632
632 631
631 630
630 629
629 628
628 627
627 626
626 625
625 622
622 620
620 619
619 617
617 616
616 615
615 614
614 612
612 610
610 609
609 608
608 607
607 606
606 605
605 603
603 602
602 600
600 599
599 598
598 593
593 592
592 590
590 588
588 587
587 586
586 584
584 583
583 582
582 580
580 579
579 578
578 577
577 576
576 575
575 574
574 573
573 572
572 571
571 569
569 567
567 565
565 564
564 563
563 562
562 559
559 557
557 556
556 554
554 552
552 551
551 550
550 548
548 547
547 545
545 544
544 541
541 540
540 539
539 538
538 537
537 536
536 535
535 534
534 531
531 530
530 528
528 527
527 526
526 525
525 524
524 522
522 521
521 519
519 517
517 514
514 512
512 509
509 504
504 499
499 497
497 496
496 495
495 494
494 493
493 490
490 489
489 488
488 487
487 486
486 484
484 479
479 477
477 474
474 470
470 469
469 467
467 465
465 464
464 459
459 457
457 452
452 450
450 448
448 446
446 443
443 442
442 440
440 434
434 432
432 431
431 430
430 429
429 428
428 427
427 422
422 420
420 419
419 415
415 413
413 412
412 411
411 410
410 409
409 400
400 398
398 397
397 396
396 395
395 392
392 390
390 389
389 387
387 386
386 384
384 382
382 380
380 378
378 370
370 369
369 361
361 360
360 355
355 352
352 346
346 345
345 336
336 334
334 331
331 328
328 325
325 324
324 322
322 320
320 319
319 313
313 306
306 303
303 297
297 291
291 290
290 285
285 283
283 282
282 278
278 275
275 273
273 266
266 263
263 260
260 255
255 254
254 250
250 245
245 242
242 236
236 219
219 211
211 205
205 202
202 198
198 197
197 196
196 189
189 188
188 187
187 179
179 177
177 166
166 155
155 142
142 130
130 129
129 121
121 101
101 85
85 72
72 61
61 40
40 37
37 1000
297 872
878 887
870 628
236 182
964 218
547 386
367 916
932 258
956 94
309 133
170 286
476 893
397 112
135 606
403 700
571 795
33 51
679 801
334 903
472 914
299 298
565 370
627 665
110 496
980 934
219 419
311 149
612 695
652 59
758 99
893 54
104 680
832 926
180 782
48 166
463 651
20 698
715 379
874 998
283 824
242 206
354 502
548 904
962 966
64 199
252 71
103 308
233 707
841 934
99 412
414 888
937 913
291 785
134 651
475 517
722 417
270 68
972 427
744 817
367 285
708 159
467 970
676 810
95 699
463 868
107 546
458 876
13 44
694 101
969 146
562 520
940 690
468 183
351 911
547 564
722 717
38 254
63 188
239 714
933 510
55 53
928 40
83 864
964 292
438 128
1000 932
973 351
534 939
849 793
356 884
953 747
1 77
617 990
55 415
924 855
259 988
27 978
842 186
830 461
588 157
441 267
617 587
525 413
205 502
386 725
472 912
989 690
679 472
886 957
163 734
721 162
491 421
958 99
559 684
841 787
53 146
85 281
45 22
523 609
334 602
513 260
949 157
628 853
809 628
713 865
26 971
391 785
883 869
552 701
487 793
290 392
24 540
913 374
983 69
22 435
695 668
824 534
739 643
622 803
19 899
870 334
118 397
265 612
312 352
144 816
560 151
690 434
159 935
3 602
388 141
160 24
910 82
77 335
137 648
898 50
384 508
904 767
731 853
557 520
335 394
544 52
837 246
181 585
538 996
488 535
911 926
359 648
334 172
171 787
837 823
330 68
187 572
776 585
104 917
662 332
736 790
36 558
142 572
919 568
454 680
957 407
406 364
535 315
102 91
913 57
125 938
509 594
178 311
579 636
320 281
71 592
149 55
978 458
25 643
322 897
655 478
194 630
944 412
502 80
137 397
334 767
360 261
923 194
830 538
170 501
92 501
555 592
49 241
883 532
780 425
255 556
185 786
197 800
879 480
877 51
169 15
627 562
108 528
417 549
49 289
789 939
530 493
85 343
226 579
355 319
226 358
143 609
408 410
241 692
94 639
653 117
31 262
141 632
180 138
426 910
848 581
73 214
908 377
307 157
827 133
490 662
622 52
461 985
676 382
20 53
522 769
30 24
655 552
689 522
431 187
767 466
679 278
7 839
347 938
422 313
974 173
224 912
896 948
329 36
440 923
691 700
75 961
512 72
945 730
268 552
369 376
5 34
224 47
336 11
324 922
446 758
21 649
596 21
56 916
190 276
327 847
808 880
303 402
483 671
575 247
622 750
135 943
342 979
989 358
279 677
434 312
961 724
96 454
721 908
536 151
349 910
141 862
263 156
179 443
42 97
846 753
695 15
993 980
689 388
65 982
645 319
394 850
656 957
865 489
991 376
638 400
613 340
495 778
573 228
324 25
777 614
980 170
501 824
211 973
306 190
860 627
829 950
907 254
742 484
859 123
522 733
72 848
626 486
713 918
943 550
515 37
558 71
246 494
466 58
599 809
787 123
73 459
712 615
98 979
101 805
537 309
156 974
459 960
878 133
682 172
560 172
594 196
42 117
526 840
1000 859
982 125
935 786
401 54
384 998
802 850
158 484
809 339
298 666
798 267
790 527
698 480
27 349
817 644
835 420
279 343
819 834
971 612
665 753
750 723
573 48
883 903
241 82
747 691
309 891
769 545
376 99
799 819
462 754
174 616
310 296
481 804
415 128
232 451
174 431
830 333
235 98
179 64
754 828
70 278
822 62
512 838
656 549
302 663
630 117
764 827
982 939
418 244
695 748
178 649
333 220
317 359
422 919
746 847
124 175
589 167
5 297
845 452
114 12
129 499
677 743
33 244
488 659
406 450
450 534
753 936
294 782
701 421
267 716
242 798
965 743
39 182
986 321
332 236
86 99
194 812
56 114
124 226
28 895
428 882
817 477
611 532
304 462
529 663
812 922
664 771
304 776
448 55
642 289
740 780
591 79
192 933
510 998
892 316
197 889
718 319
202 365
826 680
342 505
427 707
829 505
633 442
496 132
773 80
859 489
567 512
796 802
799 759
426 657
546 43
713 974
338 615
294 915
771 515
221 987
491 197
991 49
533 123
555 838
327 305
816 413
566 245
3 963
619 365
407 780
753 516
482 119
385 90
957 127
113 156
704 529
578 956
430 46
884 462
766 984
749 562
806 933
895 314
30 809
940 865
733 788
259 693
134 214
341 643
150 90
971 805
112 206
251 548
361 542
877 134
695 126
410 625
939 501
661 656
872 320
108 600
644 604
170 366
360 778
219 862
18 510
715 189
88 130
23 965
451 448
925 899
876 497
997 334
341 814
485 9
961 213
816 592
957 604
733 985
198 317
178 952
492 216
345 244
560 580
379 719
617 10
859 304
989 844
9 207
216 330
542 494
85 528
483 709
46 394
62 216
519 243
458 239
834 362
293 154
872 393
755 672
327 841
684 613
819 667
996 693
186 386
913 889
598 622
15 396
963 995
237 76
666 481
194 47
200 499
892 487
158 424
616 646
610 836
502 651
695 428
814 850
738 232
854 726
473 687
681 868
296 435
267 270
316 313
812 461
299 867
642 55
52 456
643 257
908 661
440 144
345 954
186 253
331 83
121 39
258 155
942 154
423 905
218 560
372 738
956 381
435 670
477 598
854 838
498 119
615 113
67 289
542 959
393 604
642 224
378 514
667 251
156 671
231 441
530 373
105 602
272 485
82 539
376 748
219 288
752 225
513 833
143 170
773 406
981 536
401 766
17 359
381 419
859 172
896 611
213 388
872 1000
890 836
935 306
593 617
841 153
337 344
866 705
463 480
367 638
404 443
153 767
185 772
943 534
144 395
782 190
541 708
543 5
310 430
46 830
334 254
950 238
294 671
502 815
452 756
199 220
986 207
978 703
236 522
916 272
813 732
439 49
53 353
134 334
163 715
968 531
768 848
518 917
83 414
169 371
590 887
93 719
774 927
800 423
46 9
92 715
115 859
563 531
216 168
234 697
227 730
577 553
470 347
760 447
169 904
790 280
999 759
37 235
657 772
132 837
903 54
264 224
106 18
537 827
523 673
402 770
322 101
447 330
776 143
47 206
838 945
55 836
422 836
959 91
279 430
484 442
17 182
551 747
925 474
146 87
856 447
900 547
229 529
24 346
904 4
300 70
257 741
928 354
797 31
460 238
31 427
608 943
42 48
521 158
596 966
765 667
565 803
332 16
361 145
149 707
776 616
356 800
506 384
766 635
224 302
80 226
520 255
302 688
197 913
231 174
192 145
947 995
362 109
253 630
336 722
690 753
553 463
847 397
32 58
711 964
189 255
509 790
829 709
973 162
336 378
522 203
549 879
987 468
98 910
632 592
344 433
896 673
69 896
305 94
57 100
707 15
157 598
658 215
729 985
362 630
833 416
294 235
703 381
291 633
224 152
936 274
946 567
815 831
276 14
466 119
486 685
282 172
738 642
626 291
920 818
233 340
574 104
485 879
511 628
779 127
400 734
652 715
897 697
710 466
937 525
561 527
50 774
415 194
484 140
957 392
83 755
859 190
420 657
636 343
469 930
15 767
833 220
916 666
484 729
605 977
856 420
545 165
710 905
44 959
702 193
948 1
542 785
793 806
500 961
242 428
194 320
539 256
273 378
107 454
782 756
527 63
580 637
542 71
381 289
482 937
937 83
867 781
938 830
142 11
790 437
756 383
990 984
361 294
99 263
370 819
234 880
869 897
967 813
453 410
346 348
782 286
66 635
816 1000
10 3
791 310
692 799
134 546
191 34
648 847
17 641
873 17
265 250
414 741
502 232
931 867
504 199
185 64
63 570
924 1
310 72
870 67
612 353
738 4
202 155
795 385
754 218
468 667
759 18
249 233
451 260
459 531
594 955
876 643
995 656
79 151
217 656
9 949
304 181
335 98
483 505
722 481
500 236
253 541
774 258
870 854
736 224
530 328
322 682
689 405
556 669
324 768
68 124
304 684
782 723
227 990
471 616
203 300
193 970
579 455
660 966
541 448
127 748
429 71
827 801
469 117
236 734
858 144
828 303
25 513
503 961
576 603
903 973
294 130
584 447
412 224
672 596
343 304
726 150
950 123
591 553
638 418
562 827
481 495
8 741
53 506
460 862
186 628
757 714
160 831
54 692
639 571
227 77
227 333
455 952
856 528
298 398
224 494
340 211
951 704
561 699
912 3
982 21
734 97
927 90
133 894
816 981
409 124
456 42
346 987
515 263
660 553
398 812
22 235
938 90
140 324
678 851
871 52
148 11
100 956
201 75
407 584
707 17
410 167
154 515
777 107
660 20
183 788
22 57
498 556
879 959
161 638
689 908
918 31
339 836
262 369
952 539
907 20
187 11
525 317
775 692
63 653
440 786
195 245
800 813
771 692
329 30
289 284
314 17
853 206
926 4
543 466
486 877
239 449
117 672
715 115
119 244
29 777
21 910
722 223
915 172
553 845
128 243
260 841
398 793
797 464
929 323
551 339
139 414
437 142
256 256
499 151
279 375
284 527
102 651
822 358
202 16
258 726
918 329
121 517
332 667
989 917
255 261
674 892
33 746
1 463
965 640
366 851
729 244
894 2
359 830
845 68
145 560
888 455
323 63
729 360
277 655
915 70
313 883
628 940
754 697
336 980
182 719
314 702
55 911
92 559
978 413
324 289
743 123
537 563
922 65
71 617
38 550
433 337
629 350
46 412
744 382
452 382
435 925
835 765
676 489
253 927
567 653
775 576
138 309
725 311
280 59
609 796
484 317
667 393
156 112
494 64
445 899
176 297
62 231
71 362
640 737
741 323
898 206
514 516
178 35
446 239
386 457
126 406
150 869
981 792
855 657
908 826
122 652
234 83
444 535
623 305
979 84
641 364
231 877
263 155
745 760
217 60
817 482
350 694
485 966
975 682
859 691
694 882
316 333
867 280
936 111
546 842
557 914
142 187
341 787
546 757
816 437
918 114
807 985
302 619
301 643
686 276
509 511
843 731
10 824
935 62
903 945
211 480
18 811
949 352
108 358
146 846
312 276
260 63
682 470
113 913
189 334
196 150
232 697
873 39
452 242
538 159
990 706
516 748
452 8
717 464
309 911
186 863
925 972
442 797
710 958
643 906
55 250
298 839
229 286
879 170
328 680
385 769
516 318
677 252
715 319
230 393
255 375
347 415
564 532
489 140
45 625
874 484
674 451
736 171
693 902
933 967
735 20
689 669
920 602
921 717
110 986
360 150
916 364
895 58
197 479
103 736
571 241
691 328
499 244
497 779
97 191
562 429
449 831
784 603
319 368
353 704
205 428
144 64
122 121
951 38
125 670
263 54
381 695
938 305
83 231
421 786
214 531
713 335
937 662
381 497
200 607
35 733
797 757
877 178
567 270
291 827
232 692
738 553
858 965
195 28
813 292
175 968
302 379
392 887
383 590
196 773
857 935
691 582
111 5
274 919
97 678
721 917
821 329
293 458
837 30
674 839
158 650
28 848
734 811
400 419
543 117
403 948
881 400
404 93
363 992
669 30
946 459
787 741
550 766
796 431
622 387
36 469
668 779
590 415
833 401
869 341
640 728
127 271
715 521
512 530
911 77
536 180
272 856
974 322
105 821
207 121
941 726
504 594
8 608
360 445
786 193
920 229
499 425
945 46
927 214
290 808
339 838
45 825
499 610
431 370
842 955
680 989
583 782
741 535
980 590
782 101
681 117
893 701
98 179
744 190
997 25
214 386
562 336
945 610
980 60
14 727
716 821
955 45
580 650
239 47
499 911
379 373
425 179
710 271
812 523
899 805
190 809
496 464
73 752
163 792
519 404
577 177
573 586
235 531
929 504
766 825
197 780
958 144
767 974
848 19
824 578
386 746
561 13
116 233
25 633
37 279
455 895
480 613
495 379
883 66
242 775
554 648
144 791
764 864
234 910
487 611
708 57
422 225
457 620
252 537
815 481
375 640
604 621
1000 206
623 450
225 234
233 865
655 130
345 376
285 770
732 579
635 124
348 791
410 408
945 804
285 13
653 759
732 11
569 608
58 83
316 191
55 634
115 548
276 61
182 460
38 912
35 913
703 24
432 382
538 464
477 376
486 174
184 481
88 217
299 752
295 497
482 966
866 349
762 597
408 141
52 943
208 445
820 439
172 262
726 251
626 709
882 202
682 464
32 418
521 121
618 683
648 815
516 99
47 513
5 277
571 806
250 409
199 778
392 70
672 370
79 117
670 650
113 312
729 351
471 144
826 250
64 440
891 826
690 579
207 289
95 695
455 778
907 696
117 653
22 298
766 789
438 452
764 435
137 902
45 492
93 960
399 223
48 509
87 641
930 737
783 646
775 376
71 589
593 33
331 540
328 615
418 448
883 117
18 181
673 19
978 62
636 117
625 729
721 683
772 64
709 650
377 554
495 835
867 448
987 87
53 197
997 666
782 471
651 879
249 799
212 675
792 579
307 848
882 416
831 27
29 653
559 539
373 405
204 53
491 240
788 542
559 544
14 784
14 340
490 664
691 263
841 54
901 482
249 499
877 134
787 80
970 257
14 697
101 695
934 569
111 591
134 73
209 21
361 147
163 222
836 202
255 853
686 28
878 155
289 934
365 107
715 427
123 687
381 728
649 223
813 666
738 759
131 299
445 298
872 491
693 959
811 59
87 947
454 496
782 316
422 94
872 498
184 489
216 346
920 564
229 864
974 84
382 319
968 105
947 179
137 839
898 991
290 948
795 336
3 95
188 576
