1000 5000
2 1
3 1
4 1
5 3
6 2
7 5
8 4
9 5
10 2
11 3
12 4
13 12
14 4
15 4
16 4
17 6
18 15
19 10
20 19
21 20
22 9
23 15
24 13
25 10
26 18
27 5
28 1
29 18
30 15
31 16
32 16
33 18
34 32
35 10
36 17
37 3
38 5
39 19
40 25
41 38
42 5
43 42
44 30
45 36
46 31
47 32
48 12
49 24
50 14
51 30
52 28
53 21
54 23
55 44
56 11
57 20
58 4
59 37
60 58
61 31
62 43
63 2
64 16
65 9
66 53
67 43
68 19
69 63
70 6
71 23
72 5
73 32
74 73
75 1
76 45
77 72
78 55
79 77
80 69
81 51
82 50
83 26
84 11
85 68
86 62
87 85
88 11
89 3
90 42
91 90
92 15
93 8
94 50
95 6
96 75
97 94
98 41
99 47
100 88
101 33
102 48
103 56
104 14
105 10
106 29
107 62
108 7
109 23
110 86
111 66
112 90
113 78
114 71
115 18
116 85
117 3
118 13
119 97
120 40
121 74
122 10
123 29
124 81
125 22
126 114
127 3
128 60
129 98
130 101
131 3
132 49
133 96
134 24
135 29
136 54
137 97
138 93
139 34
140 63
141 1
142 107
143 92
144 22
145 25
146 29
147 62
148 51
149 75
150 23
151 144
152 35
153 135
154 34
155 135
156 124
157 52
158 141
159 20
160 55
161 36
162 40
163 150
164 59
165 45
166 126
167 1
168 148
169 107
170 59
171 120
172 126
173 4
174 107
175 27
176 56
177 74
178 49
179 157
180 59
181 94
182 30
183 55
184 2
185 117
186 114
187 91
188 59
189 6
190 4
191 120
192 97
193 120
194 156
195 3
196 162
197 98
198 195
199 91
200 161
201 105
202 13
203 175
204 119
205 79
206 55
207 94
208 96
209 8
210 80
211 20
212 63
213 143
214 129
215 169
216 39
217 29
218 124
219 11
220 219
221 120
222 186
223 78
224 123
225 135
226 73
227 131
228 29
229 64
230 170
231 46
232 108
233 163
234 172
235 170
236 234
237 56
238 208
239 99
240 9
241 128
242 176
243 242
244 222
245 120
246 222
247 244
248 219
249 148
250 111
251 201
252 151
253 140
254 174
255 155
256 145
257 9
258 30
259 129
260 7
261 11
262 46
263 96
264 188
265 165
266 55
267 20
268 76
269 121
270 87
271 43
272 31
273 13
274 147
275 125
276 188
277 146
278 199
279 63
280 52
281 230
282 130
283 207
284 22
285 168
286 271
287 240
288 169
289 239
290 44
291 14
292 64
293 218
294 85
295 117
296 36
297 249
298 249
299 20
300 69
301 127
302 173
303 116
304 138
305 209
306 211
307 21
308 224
309 179
310 131
311 185
312 244
313 212
314 172
315 102
316 62
317 177
318 315
319 15
320 306
321 75
322 295
323 81
324 122
325 100
326 134
327 87
328 12
329 81
330 221
331 256
332 37
333 193
334 15
335 204
336 286
337 182
338 293
339 312
340 31
341 150
342 213
343 166
344 172
345 111
346 184
347 282
348 135
349 344
350 327
351 105
352 189
353 344
354 18
355 175
356 173
357 90
358 309
359 147
360 258
361 271
362 239
363 160
364 22
365 341
366 333
367 255
368 89
369 302
370 197
371 113
372 240
373 201
374 24
375 29
376 291
377 101
378 1
379 182
380 280
381 157
382 323
383 144
384 82
385 341
386 167
387 319
388 10
389 104
390 59
391 307
392 58
393 300
394 319
395 195
396 1
397 136
398 362
399 236
400 5
401 360
402 211
403 309
404 107
405 170
406 395
407 328
408 114
409 199
410 67
411 286
412 316
413 291
414 30
415 311
416 346
417 410
418 163
419 257
420 163
421 82
422 419
423 350
424 222
425 30
426 327
427 417
428 53
429 399
430 419
431 59
432 20
433 86
434 1
435 333
436 342
437 219
438 34
439 326
440 93
441 286
442 81
443 348
444 183
445 65
446 216
447 276
448 138
449 151
450 429
451 374
452 385
453 295
454 333
455 417
456 147
457 441
458 331
459 214
460 342
461 198
462 328
463 174
464 273
465 102
466 34
467 143
468 283
469 317
470 215
471 418
472 431
473 18
474 392
475 442
476 211
477 187
478 191
479 291
480 361
481 325
482 318
483 110
484 439
485 202
486 127
487 103
488 407
489 40
490 314
491 218
492 404
493 86
494 36
495 336
496 473
497 366
498 6
499 425
500 69
501 69
502 47
503 361
504 51
505 289
506 448
507 457
508 498
509 441
510 373
511 69
512 375
513 76
514 86
515 316
516 423
517 478
518 220
519 1
520 292
521 223
522 475
523 208
524 509
525 382
526 158
527 393
528 1
529 270
530 166
531 132
532 9
533 433
534 29
535 189
536 373
537 535
538 536
539 405
540 117
541 113
542 197
543 428
544 290
545 490
546 225
547 520
548 388
549 248
550 81
551 172
552 455
553 514
554 236
555 542
556 287
557 10
558 461
559 432
560 390
561 92
562 1
563 252
564 348
565 392
566 195
567 110
568 224
569 274
570 503
571 102
572 420
573 394
574 314
575 101
576 498
577 277
578 401
579 16
580 25
581 275
582 67
583 510
584 41
585 18
586 241
587 335
588 35
589 186
590 357
591 524
592 157
593 102
594 1
595 253
596 254
597 275
598 388
599 302
600 185
601 262
602 164
603 422
604 333
605 408
606 560
607 278
608 228
609 210
610 42
611 598
612 151
613 536
614 329
615 290
616 136
617 535
618 96
619 580
620 449
621 278
622 93
623 218
624 460
625 525
626 396
627 381
628 388
629 160
630 15
631 249
632 358
633 121
634 4
635 385
636 262
637 309
638 15
639 117
640 83
641 392
642 257
643 70
644 474
645 490
646 356
647 180
648 320
649 439
650 207
651 219
652 151
653 299
654 336
655 569
656 201
657 466
658 422
659 406
660 253
661 205
662 443
663 137
664 451
665 415
666 663
667 650
668 372
669 444
670 632
671 255
672 645
673 640
674 481
675 231
676 257
677 659
678 276
679 17
680 544
681 142
682 669
683 33
684 619
685 65
686 626
687 73
688 393
689 363
690 29
691 41
692 125
693 79
694 2
695 215
696 589
697 215
698 583
699 643
700 248
701 48
702 53
703 468
704 53
705 438
706 307
707 195
708 628
709 652
710 617
711 659
712 3
713 610
714 414
715 45
716 594
717 367
718 458
719 148
720 238
721 566
722 434
723 256
724 29
725 614
726 313
727 266
728 393
729 444
730 232
731 663
732 182
733 537
734 450
735 325
736 564
737 99
738 725
739 60
740 217
741 730
742 213
743 221
744 524
745 78
746 416
747 180
748 643
749 157
750 584
751 276
752 387
753 322
754 617
755 347
756 742
757 469
758 694
759 218
760 214
761 5
762 154
763 118
764 589
765 685
766 197
767 499
768 709
769 624
770 301
771 95
772 319
773 101
774 700
775 345
776 467
777 253
778 558
779 697
780 45
781 138
782 407
783 316
784 412
785 507
786 227
787 659
788 204
789 461
790 165
791 546
792 548
793 163
794 61
795 180
796 441
797 4
798 523
799 643
800 511
801 484
802 467
803 680
804 607
805 167
806 733
807 114
808 41
809 225
810 468
811 293
812 267
813 455
814 628
815 440
816 397
817 593
818 270
819 36
820 62
821 721
822 743
823 116
824 792
825 432
826 503
827 127
828 50
829 47
830 679
831 456
832 639
833 490
834 335
835 693
836 34
837 568
838 506
839 63
840 747
841 478
842 785
843 313
844 135
845 109
846 222
847 593
848 265
849 687
850 144
851 744
852 342
853 268
854 107
855 89
856 89
857 513
858 5
859 632
860 9
861 813
862 122
863 12
864 23
865 772
866 46
867 416
868 387
869 423
870 593
871 690
872 177
873 364
874 717
875 126
876 474
877 313
878 68
879 331
880 811
881 671
882 224
883 147
884 175
885 832
886 470
887 121
888 28
889 297
890 385
891 643
892 661
893 789
894 560
895 351
896 618
897 895
898 832
899 793
900 149
901 791
902 216
903 650
904 214
905 362
906 192
907 134
908 404
909 369
910 370
911 659
912 105
913 863
914 407
915 229
916 86
917 574
918 879
919 146
920 592
921 207
922 829
923 487
924 496
925 764
926 343
927 429
928 67
929 797
930 735
931 397
932 179
933 4
934 726
935 526
936 243
937 753
938 621
939 81
940 630
941 149
942 825
943 835
944 861
945 243
946 545
947 665
948 843
949 493
950 586
951 566
952 851
953 861
954 608
955 108
956 612
957 449
958 804
959 920
960 474
961 900
962 202
963 479
964 682
965 628
966 543
967 470
968 550
969 172
970 930
971 146
972 658
973 512
974 323
975 19
976 375
977 585
978 413
979 728
980 759
981 300
982 404
983 112
984 899
985 118
986 73
987 472
988 705
989 972
990 351
991 730
992 210
993 308
994 907
995 713
996 305
997 209
998 945
999 732
1000 433
1000 999
999 998
998 997
997 996
996 995
995 994
994 993
993 992
992 991
991 990
990 989
989 988
988 987
987 986
986 985
985 984
984 983
983 982
982 981
981 980
980 979
979 978
978 977
977 976
976 975
975 974
974 973
973 971
971 970
970 969
969 968
968 967
967 966
966 965
965 964
964 963
963 962
962 961
961 960
960 959
959 958
958 957
957 956
956 955
955 954
954 953
953 952
952 951
951 950
950 949
949 948
948 947
947 946
946 944
944 943
943 942
942 941
941 940
940 939
939 938
938 937
937 936
936 935
935 934
934 933
933 932
932 931
931 929
929 928
928 927
927 926
926 925
925 924
924 923
923 922
922 921
921 919
919 918
918 917
917 916
916 915
915 914
914 913
913 912
912 911
911 910
910 909
909 908
908 906
906 905
905 904
904 903
903 902
902 901
901 898
898 897
897 896
896 894
894 893
893 892
892 891
891 890
890 889
889 888
888 887
887 886
886 885
885 884
884 883
883 882
882 881
881 880
880 878
878 877
877 876
876 875
875 874
874 873
873 872
872 871
871 870
870 869
869 868
868 867
867 866
866 865
865 864
864 862
862 860
860 859
859 858
858 857
857 856
856 855
855 854
854 853
853 852
852 850
850 849
849 848
848 847
847 846
846 845
845 844
844 842
842 841
841 840
840 839
839 838
838 837
837 836
836 834
834 833
833 831
831 830
830 828
828 827
827 826
826 824
824 823
823 822
822 821
821 820
820 819
819 818
818 817
817 816
816 815
815 814
814 812
812 810
810 809
809 808
808 807
807 806
806 805
805 803
803 802
802 801
801 800
800 799
799 798
798 796
796 795
795 794
794 790
790 788
788 787
787 786
786 784
784 783
783 782
782 781
781 780
780 779
779 778
778 777
777 776
776 775
775 774
774 773
773 771
771 770
770 769
769 768
768 767
767 766
766 765
765 763
763 762
762 761
761 760
760 758
758 757
757 756
756 755
755 754
754 752
752 751
751 750
750 749
749 748
748 746
746 745
745 741
741 740
740 739
739 738
738 737
737 736
736 734
734 731
731 729
729 727
727 724
724 723
723 722
722 720
720 719
719 718
718 716
716 715
715 714
714 712
712 711
711 710
710 708
708 707
707 706
706 704
704 703
703 702
702 701
701 699
699 698
698 696
696 695
695 692
692 691
691 689
689 688
688 686
686 684
684 683
683 681
681 678
678 677
677 676
676 675
675 674
674 673
673 672
672 670
670 668
668 667
667 666
666 664
664 662
662 660
660 657
657 656
656 655
655 654
654 653
653 651
651 649
649 648
648 647
647 646
646 644
644 642
642 641
641 638
638 637
637 636
636 635
635 634
634 633
633 631
631 629
629 627
627 625
625 623
623 622
622 620
620 616
616 615
615 613
613 611
611 609
609 606
606 605
605 604
604 603
603 602
602 601
601 600
600 599
599 597
597 596
596 595
595 591
591 590
590 588
588 587
587 582
582 581
581 579
579 578
578 577
577 576
576 575
575 573
573 572
572 571
571 570
570 567
567 565
565 563
563 562
562 561
561 559
559 557
557 556
556 555
555 554
554 553
553 552
552 551
551 549
549 547
547 541
541 540
540 539
539 538
538 534
534 533
533 532
532 531
531 530
530 529
529 528
528 527
527 522
522 521
521 519
519 518
518 517
517 516
516 515
515 508
508 505
505 504
504 502
502 501
501 500
500 497
497 495
495 494
494 492
492 491
491 489
489 488
488 486
486 485
485 483
483 482
482 480
480 477
477 476
476 471
471 465
465 464
464 463
463 462
462 459
459 454
454 453
453 452
452 447
447 446
446 445
445 437
437 436
436 435
435 430
430 427
427 426
426 424
424 421
421 411
411 409
409 403
403 402
402 400
400 398
398 391
391 389
389 386
386 384
384 383
383 380
380 379
379 378
378 377
377 376
376 371
371 368
368 365
365 359
359 355
355 354
354 353
353 352
352 349
349 340
340 339
339 338
338 337
337 334
334 332
332 330
330 324
324 321
321 310
310 304
304 303
303 298
298 296
296 294
294 288
288 285
285 284
284 281
281 279
279 272
272 269
269 264
264 263
263 261
261 260
260 259
259 251
251 250
250 247
247 246
246 245
245 237
237 235
235 233
233 226
226 206
206 203
203 200
200 196
196 194
194 190
190 181
181 178
178 171
171 159
159 153
153 152
152 139
139 133
133 115
115 106
106 84
84 57
57 1000
77 845
892 980
222 959
487 694
691 84
395 740
763 805
898 670
209 775
250 788
679 445
897 712
888 166
782 51
45 972
168 666
645 121
79 412
105 866
301 918
657 147
303 47
716 419
545 552
692 277
73 794
857 370
888 969
372 96
419 21
686 416
888 587
350 682
547 967
236 806
304 199
245 244
14 958
509 313
589 558
703 552
922 661
982 559
654 161
181 705
472 73
11 867
900 359
677 712
517 447
997 912
155 172
129 242
906 168
77 989
541 494
506 779
337 814
974 839
543 343
767 506
724 14
725 777
840 624
70 401
313 708
879 418
659 819
987 7
347 564
409 63
194 887
52 267
105 530
224 377
883 1000
13 990
118 606
581 737
490 957
664 2
420 802
972 894
252 78
994 958
373 599
837 754
20 566
447 889
617 125
476 671
12 499
457 840
929 130
86 37
39 418
571 102
995 458
887 542
852 247
197 232
986 224
141 33
273 5
481 939
961 890
388 956
796 973
102 196
585 724
493 539
992 623
432 63
604 987
585 670
902 455
30 781
813 887
891 522
461 86
327 724
679 421
393 714
262 826
901 846
385 846
820 393
455 728
714 251
920 411
865 650
430 821
707 247
768 595
32 950
673 580
353 358
423 703
529 97
943 684
881 781
174 679
406 700
950 628
38 472
121 222
394 255
853 551
497 453
402 972
552 528
885 426
480 904
352 307
343 360
141 294
324 223
923 314
941 730
201 224
797 331
585 673
575 191
643 789
760 71
598 396
173 311
566 482
141 652
12 918
563 483
705 152
465 887
968 979
203 757
87 520
192 999
541 23
811 767
837 183
930 923
233 787
268 102
754 151
420 760
242 765
268 982
220 299
629 732
840 187
706 831
182 279
301 250
16 74
609 464
386 204
990 538
640 970
472 610
369 745
861 891
225 963
613 128
211 796
983 241
424 50
328 40
289 605
30 981
796 656
212 638
176 533
854 201
162 167
911 326
568 531
845 771
250 144
940 457
697 460
861 274
665 120
76 541
873 954
961 106
743 668
552 524
725 270
436 405
82 238
120 698
820 650
793 964
420 69
528 84
357 117
588 741
281 22
327 664
769 153
172 639
163 863
133 723
479 239
476 920
618 561
562 596
559 437
858 354
790 331
799 385
477 498
871 386
401 757
261 197
188 521
736 784
858 350
940 868
139 337
249 415
362 108
897 810
515 273
603 754
490 304
802 753
490 967
723 672
221 891
763 336
119 408
109 498
717 977
665 48
814 856
315 913
722 176
800 211
964 236
892 754
506 454
420 693
716 995
237 494
829 936
695 1000
849 300
628 155
554 566
773 292
204 368
895 87
298 925
512 694
447 613
66 403
447 304
298 837
331 163
450 887
238 511
162 497
651 86
651 789
80 205
924 423
862 635
911 818
863 511
123 423
825 309
964 189
377 624
786 261
499 59
570 587
83 736
822 83
872 734
290 472
247 303
938 213
382 460
970 848
622 244
904 92
632 799
422 867
479 361
419 207
793 978
713 988
423 228
313 886
710 294
948 602
166 308
767 885
85 547
142 88
531 706
504 397
615 515
875 925
483 93
422 293
633 628
855 487
372 55
700 167
120 81
388 647
532 285
183 506
593 968
673 324
720 124
990 529
453 334
778 864
156 288
915 200
686 788
194 121
639 409
842 893
540 758
42 229
87 423
390 224
899 679
154 62
590 970
303 143
6 395
34 432
631 514
653 300
420 668
429 847
739 410
167 270
850 630
52 560
783 936
967 441
855 33
2 120
615 796
542 656
87 972
837 575
226 70
89 490
688 997
406 517
786 778
408 572
131 636
571 811
252 265
297 889
9 458
605 298
953 975
298 147
73 392
461 135
976 299
647 549
66 663
440 53
976 203
838 847
10 107
723 761
649 261
70 20
669 9
335 674
172 974
365 633
119 597
247 177
725 94
756 893
945 142
345 547
746 921
379 182
294 755
367 101
472 295
655 436
461 493
466 990
622 633
581 182
358 92
185 827
719 434
576 292
838 16
288 920
453 583
337 666
118 747
393 703
490 590
82 47
36 951
935 899
80 9
100 515
341 789
222 636
927 411
778 797
68 765
347 65
730 521
619 684
738 848
789 11
57 228
530 222
120 445
453 464
330 551
691 905
540 22
784 264
61 467
231 562
626 480
1000 577
612 708
907 618
980 350
929 695
916 37
481 458
273 387
289 285
189 602
975 979
242 729
195 758
319 654
134 777
353 945
652 485
103 317
18 558
604 434
470 946
755 871
609 302
587 27
980 897
227 127
855 954
63 820
474 401
177 382
678 959
443 882
550 681
590 897
331 567
864 545
415 152
806 618
996 23
271 744
870 327
632 497
316 77
477 694
427 141
99 6
239 456
136 894
142 788
706 77
621 824
328 921
890 387
409 133
876 885
563 679
527 745
173 194
239 843
983 2
7 666
473 434
327 597
736 961
37 820
644 441
361 10
396 971
455 250
486 157
187 330
426 48
593 714
908 599
600 831
848 890
675 958
554 321
281 353
173 289
81 669
678 168
490 441
42 426
582 944
625 879
926 120
185 50
1000 870
700 92
334 599
908 548
220 8
713 461
101 500
168 885
404 181
973 198
623 893
836 366
244 204
675 460
861 521
390 860
951 861
811 90
989 636
644 719
179 208
59 356
592 632
164 578
775 995
239 137
502 397
952 74
885 746
266 627
486 745
957 8
97 788
424 768
486 437
996 419
774 16
647 406
983 717
711 163
299 758
154 949
374 152
249 106
732 610
706 515
522 569
356 663
782 970
758 779
197 267
634 753
158 322
38 633
795 140
249 100
400 93
596 403
508 125
734 845
711 591
159 792
454 584
553 514
645 587
853 662
414 841
515 838
470 923
414 904
4 264
708 663
417 755
880 304
500 276
866 965
108 210
793 24
889 913
499 697
358 533
726 351
541 123
397 592
495 10
626 810
824 498
605 333
988 592
867 836
800 839
48 732
107 908
820 840
888 348
232 671
373 245
367 309
900 913
923 763
925 395
892 548
232 100
692 848
683 572
410 910
642 835
742 458
649 100
799 913
935 537
133 31
339 308
220 500
614 239
633 494
41 890
990 876
724 625
196 33
294 406
240 957
766 287
387 333
598 415
303 185
567 532
839 435
286 906
496 411
904 252
141 128
355 297
921 482
866 430
836 468
424 160
446 427
112 190
956 184
721 709
592 610
396 287
544 783
545 682
933 39
518 448
744 425
907 225
654 16
835 124
283 489
268 259
800 81
264 379
439 107
716 984
271 382
516 111
144 814
205 60
508 428
853 74
298 603
619 111
234 952
792 453
63 869
949 59
789 214
672 212
548 227
961 387
850 818
983 476
536 345
773 539
613 395
997 977
439 910
861 967
420 24
892 653
63 834
400 192
404 852
430 71
458 951
120 390
218 659
355 454
993 753
147 479
455 605
866 495
462 245
269 727
731 233
66 512
704 793
644 465
888 459
761 426
167 697
355 880
685 384
488 61
540 677
633 634
481 346
591 499
577 942
174 859
722 307
451 591
408 425
883 447
872 295
991 643
874 38
422 697
757 559
587 909
895 296
642 220
70 375
668 232
442 646
304 841
783 163
940 754
200 190
484 174
169 423
461 826
522 42
952 234
494 279
574 539
110 740
466 567
798 531
528 133
325 591
106 831
936 108
297 45
218 488
910 133
958 386
780 722
955 480
110 83
973 801
540 35
602 82
964 6
138 399
342 491
321 463
922 447
491 609
96 570
702 60
446 5
79 12
843 577
659 33
185 952
986 632
65 725
82 939
338 29
519 219
33 31
477 192
800 306
876 967
26 247
251 577
588 823
751 329
714 782
733 410
393 898
974 71
9 457
837 55
626 698
728 356
899 10
316 556
522 698
944 191
767 900
74 546
227 707
840 825
586 292
541 925
995 978
434 515
921 355
405 271
978 546
908 484
40 876
925 223
413 913
812 220
117 531
589 238
62 695
986 429
353 647
976 879
745 699
53 409
31 665
563 809
293 360
587 470
692 332
244 511
82 456
986 408
645 551
245 927
355 58
56 583
461 59
757 31
791 205
221 809
970 822
533 783
604 262
945 120
982 647
102 188
947 416
966 440
718 943
1000 210
792 72
130 407
437 604
160 238
46 228
401 381
515 367
628 285
404 471
117 572
112 738
153 571
362 58
1 118
327 79
502 352
759 471
426 983
220 547
126 586
318 617
984 526
163 832
302 963
535 566
303 771
693 998
55 455
924 54
484 407
111 603
425 337
319 869
415 850
435 890
506 893
418 104
936 489
804 580
498 589
711 338
687 152
959 403
808 741
500 882
484 643
979 610
830 908
110 649
538 596
488 896
1000 44
884 258
189 935
875 687
376 686
190 938
340 62
155 148
381 500
142 654
615 865
124 121
769 444
39 233
129 659
702 879
136 128
414 937
976 324
362 640
577 351
765 551
698 917
768 919
924 430
294 909
381 538
333 770
2 502
160 723
601 482
961 213
149 736
412 374
14 124
827 773
323 942
858 591
861 372
801 977
886 784
673 447
216 618
119 357
431 569
51 630
842 32
119 11
737 991
466 530
302 102
43 292
234 976
699 253
229 94
229 500
298 466
84 253
609 513
433 202
832 40
423 483
846 25
15 541
71 582
683 833
124 724
52 725
329 358
451 750
601 558
23 32
284 898
762 106
660 893
284 547
381 843
867 706
246 226
159 234
66 668
744 193
270 541
898 795
896 598
155 701
732 497
746 530
635 15
259 860
406 646
488 542
599 786
12 707
940 197
216 522
67 357
897 959
105 336
285 147
847 353
849 440
969 930
296 946
805 955
953 907
448 210
996 440
498 399
595 359
232 437
145 810
121 298
633 42
188 577
929 918
709 386
667 129
75 29
335 962
868 879
441 287
79 668
418 436
146 576
365 12
173 729
27 509
550 645
222 11
280 89
826 150
279 340
720 492
806 353
583 55
341 25
692 23
810 771
347 109
472 307
36 711
219 645
289 414
424 121
561 862
12 56
395 387
230 642
346 115
521 35
60 280
303 213
984 103
564 464
771 330
392 35
31 158
571 962
434 672
533 346
401 995
733 896
889 148
262 314
349 586
866 134
346 760
862 168
983 329
10 777
164 753
910 401
363 194
217 832
178 796
142 102
349 930
77 226
540 238
823 690
823 888
999 40
559 169
497 212
989 542
294 507
259 152
697 556
387 621
769 914
15 916
846 910
136 715
952 922
612 27
914 127
166 786
954 264
475 725
266 803
661 815
966 911
818 919
892 15
280 557
472 12
273 646
360 317
591 760
786 312
790 202
339 51
314 307
31 293
447 141
955 648
911 459
729 273
287 728
636 620
983 918
563 108
776 256
15 922
585 366
919 153
203 374
681 258
902 517
9 63
63 348
806 963
587 973
52 534
506 225
142 688
795 488
95 704
978 570
288 462
614 562
288 206
815 816
684 320
382 716
415 692
7 444
416 572
458 945
170 820
507 963
802 663
719 653
574 249
710 696
609 861
419 323
490 896
215 233
301 174
217 597
392 715
287 223
520 160
979 96
58 689
351 837
489 211
811 69
116 62
275 520
194 725
620 45
629 684
209 835
783 929
996 425
1000 174
685 634
729 519
559 663
499 138
700 261
330 339
753 511
382 797
521 379
423 576
611 141
327 51
332 819
595 461
986 327
960 946
816 671
333 40
177 726
987 184
874 876
386 668
464 626
4 768
695 985
477 778
829 657
475 803
615 160
838 421
719 600
270 149
188 534
260 955
490 364
591 598
265 363
989 977
96 728
64 992
122 142
798 540
694 950
461 624
396 308
908 650
798 114
1000 529
483 985
700 611
208 972
687 290
618 472
551 675
18 65
206 615
506 139
440 355
978 200
859 900
901 374
839 118
647 698
34 838
448 481
805 733
375 655
478 491
165 992
409 29
995 534
673 614
969 500
51 112
364 298
23 910
27 264
314 862
699 673
154 347
432 147
153 310
800 158
501 983
11 964
497 909
523 357
856 521
985 843
492 907
816 348
963 515
376 194
867 628
975 426
572 372
681 758
915 77
59 480
795 415
324 421
777 643
164 198
392 984
890 500
847 883
749 57
251 161
789 124
550 469
192 115
224 473
901 224
55 138
904 311
731 849
843 579
128 859
843 6
505 519
754 84
493 703
216 854
978 95
915 4
470 879
703 458
681 693
182 604
266 735
935 85
16 997
207 777
135 143
14 401
837 991
46 119
972 329
775 261
616 301
531 41
498 85
129 234
189 178
264 310
746 454
802 198
974 761
256 361
761 460
451 621
739 597
277 496
108 62
363 403
443 723
159 245
830 940
469 287
596 18
824 732
281 341
454 977
689 607
66 709
681 450
398 516
363 419
480 27
429 470
192 194
439 224
163 702
988 268
638 984
67 583
276 813
141 348
954 81
141 830
631 19
887 821
239 380
406 249
71 70
616 187
410 614
316 406
25 924
907 303
238 14
826 974
673 865
945 319
500 978
996 437
257 130
861 234
835 847
268 267
453 905
870 883
288 862
785 185
488 665
678 44
369 77
941 856
174 41
18 237
673 25
506 365
951 281
127 366
632 785
41 394
629 436
297 910
447 268
932 434
477 286
362 610
817 197
589 654
890 342
366 958
322 914
194 871
236 624
408 320
65 220
655 800
710 45
313 952
737 156
441 244
205 565
761 154
807 373
714 701
658 48
961 79
301 331
955 506
177 537
108 362
514 241
286 762
65 575
82 950
545 801
365 874
27 102
474 477
177 185
232 188
618 834
165 544
49 271
159 119
832 225
817 266
27 697
271 454
403 92
892 352
225 300
401 609
437 603
787 874
413 614
799 18
913 383
653 315
785 313
537 811
76 617
665 706
511 102
545 936
287 266
565 789
749 864
466 965
190 185
798 253
622 603
985 949
263 887
199 989
799 48
664 736
793 226
679 680
615 303
920 224
364 254
117 484
448 112
296 934
538 638
592 446
394 512
398 928
916 656
703 596
683 66
291 718
398 475
130 969
544 12
617 49
885 907
18 85
19 332
321 666
111 908
419 264
543 504
159 816
412 810
875 862
579 94
921 517
838 328
692 50
450 733
640 308
393 334
18 9
674 763
22 690
306 784
639 441
608 848
10 798
11 19
465 884
753 941
269 385
786 942
674 960
267 587
273 313
674 11
125 642
331 699
835 499
939 988
188 473
622 546
917 197
432 632
925 381
117 184
125 193
152 902
840 799
463 770
133 112
753 488
187 609
107 436
423 373
845 397
943 610
806 819
450 211
591 238
773 374
918 59
960 250
48 421
191 799
263 862
350 675
283 15
450 888
260 390
786 225
834 456
274 80
290 992
581 76
801 232
290 705
954 719
139 601
752 353
215 329
355 14
380 916
803 638
27 182
406 414
869 164
244 591
934 143
218 885
469 514
571 18
736 110
711 524
877 875
555 814
179 443
358 910
899 558
739 512
925 277
440 496
87 793
935 35
272 20
886 152
522 740
849 456
331 257
483 911
76 559
1 390
651 254
164 358
869 901
177 254
750 145
938 968
3 188
207 872
376 626
717 444
899 897
505 917
828 582
140 340
81 255
509 141
850 83
983 24
277 71
215 511
478 26
213 504
376 832
457 772
215 103
351 173
442 466
399 207
898 269
875 538
30 978
412 383
406 232
302 746
256 35
412 868
372 734
565 977
748 99
553 374
898 314
131 255
461 339
959 529
67 711
40 834
216 448
679 452
197 974
8 332
552 453
538 771
747 275
725 102
827 846
160 277
531 725
63 290
819 343
53 22
855 237
36 445
896 422
395 67
750 444
248 754
525 301
927 785
239 623
469 651
279 65
789 628
269 809
504 852
225 439
27 908
352 79
500 63
481 599
43 247
352 230
883 642
427 228
851 809
460 17
81 671
298 738
899 222
425 918
357 754
661 649
79 383
797 365
315 930
528 277
859 709
351 232
459 741
549 129
145 661
331 360
450 577
150 980
898 700
453 574
574 606
988 465
829 652
582 137
765 144
852 461
692 623
715 554
682 151
163 616
975 178
755 494
825 424
123 904
830 722
327 927
392 403
55 667
155 572
67 988
448 919
894 271
824 140
642 608
223 506
35 804
649 550
325 141
45 474
195 800
726 226
628 874
892 469
41 34
21 46
316 107
377 821
960 561
521 201
58 601
756 95
996 444
585 405
878 321
120 629
206 424
649 197
666 833
867 540
937 58
164 239
59 605
517 893
445 18
970 37
484 854
297 726
130 479
799 881
861 359
134 270
819 66
899 783
674 484
541 117
355 611
567 56
948 414
783 83
472 744
597 753
830 955
785 894
774 959
669 936
205 987
52 802
584 375
858 302
418 258
220 750
158 773
538 786
220 457
201 320
72 691
997 797
42 901
211 782
717 168
154 231
33 273
648 205
859 968
225 857
959 276
400 796
933 116
572 937
609 153
843 124
921 32
933 192
973 314
481 495
726 41
313 634
191 110
77 960
169 49
324 654
449 127
594 76
364 382
534 165
641 972
4 728
919 913
226 288
782 243
283 707
340 859
968 596
907 530
930 397
50 75
201 606
681 850
231 794
311 44
368 116
844 303
215 371
658 114
357 440
146 791
2 991
586 838
367 321
717 845
919 649
254 118
968 472
617 934
329 550
666 279
581 696
66 861
974 795
587 75
218 682
25 732
569 571
891 962
806 288
936 960
77 77
548 189
474 396
946 516
147 802
498 611
471 727
874 915
342 796
830 460
543 559
129 854
815 112
751 371
330 973
49 38
226 759
154 948
815 51
852 99
61 961
40 701
616 883
31 913
724 957
867 212
65 266
729 995
717 231
555 831
868 47
157 603
902 445
495 310
761 717
677 699
399 821
56 716
980 14
322 86
297 703
321 188
534 713
295 49
880 251
649 850
804 99
544 805
466 706
774 38
736 226
399 450
518 487
852 454
891 497
552 174
713 539
251 872
272 599
849 545
746 503
602 849
653 902
607 497
886 118
696 380
181 622
460 446
251 50
547 311
836 141
679 450
673 549
499 281
825 944
799 699
547 923
824 752
248 199
668 782
513 133
106 363
808 45
95 565
228 58
550 641
442 63
963 228
860 114
409 461
159 685
959 559
310 705
255 134
915 909
394 923
637 779
823 499
416 797
206 917
909 995
57 756
335 350
815 372
832 195
231 224
134 991
47 541
674 444
352 654
576 940
718 745
596 564
360 540
809 363
357 918
25 717
419 765
136 359
905 585
160 968
310 487
27 294
737 708
361 700
991 440
537 288
204 708
600 484
198 915
832 408
476 906
670 856
567 246
831 158
477 471
958 342
635 786
845 336
36 723
515 558
845 26
86 403
886 400
315 685
444 435
340 146
354 919
517 9
166 920
742 699
40 642
779 51
387 675
397 976
533 774
151 263
665 729
129 236
272 550
984 795
292 715
986 675
684 645
916 502
552 201
195 658
708 591
265 325
300 446
219 14
628 184
265 370
957 293
194 745
539 229
943 178
204 830
827 280
781 887
440 94
751 332
275 986
310 811
256 891
256 962
497 827
196 884
176 761
505 152
380 369
898 395
577 675
954 102
340 755
848 87
770 131
116 599
761 44
935 778
91 368
194 190
73 587
700 389
893 600
969 556
303 272
298 866
319 879
633 252
690 659
141 480
430 459
855 257
386 542
910 789
330 476
414 103
844 755
706 465
373 736
359 674
892 675
553 9
260 562
220 537
16 301
759 361
969 798
339 613
753 354
181 248
703 435
541 946
411 898
985 246
272 783
457 343
351 163
724 361
897 962
262 296
8 264
61 373
337 328
681 752
351 90
876 213
158 53
302 416
13 920
54 286
981 284
798 510
222 331
645 874
169 118
734 258
630 528
855 146
897 967
408 887
99 248
652 283
50 608
528 954
239 414
698 581
443 219
902 495
368 664
134 898
155 888
767 219
364 785
103 621
507 261
860 510
144 957
917 511
464 545
958 796
728 55
625 7
854 170
186 878
775 573
813 671
241 282
66 579
200 604
216 520
381 58
367 75
586 876
772 283
430 401
807 81
88 157
679 432
661 293
865 216
238 436
717 29
608 478
81 134
653 159
568 297
371 385
260 934
568 308
61 31
111 997
506 867
650 550
842 184
751 311
746 59
87 988
465 814
947 694
852 897
545 951
687 420
705 268
575 298
328 625
621 635
854 790
340 478
13 503
813 533
591 763
750 910
75 678
723 566
815 373
675 927
698 359
626 361
658 402
26 553
539 337
127 999
476 392
247 818
350 489
603 411
321 293
970 353
270 747
120 44
970 84
443 794
507 19
421 420
972 164
501 798
148 511
254 979
796 976
816 500
911 497
789 418
122 583
329 110
154 392
827 448
594 475
494 269
41 100
263 266
415 12
874 115
445 563
538 128
979 240
737 705
122 889
471 877
987 244
987 152
599 492
318 813
434 192
643 163
780 474
485 906
372 195
109 711
838 817
408 998
702 816
57 496
373 823
418 527
678 711
202 404
217 629
172 871
34 650
475 815
72 813
359 959
669 795
611 467
464 858
674 19
866 165
340 82
608 238
948 757
513 638
618 501
724 729
730 141
955 109
921 204
514 378
173 280
98 535
392 135
153 562
78 417
498 19
608 417
526 458
447 908
760 38
118 416
556 483
591 199
754 863
240 864
495 267
153 764
899 944
505 545
313 403
773 935
351 163
620 733
640 876
913 418
833 751
586 382
580 388
602 528
391 333
600 194
957 237
181 752
648 207
962 37
971 961
123 734
466 674
549 94
511 457
208 814
195 695
434 145
672 775
459 36
229 415
3 410
162 537
744 183
572 161
473 705
790 542
215 947
40 256
64 116
281 902
596 623
767 827
953 30
417 791
205 412
821 645
181 207
742 334
495 276
980 313
854 967
266 770
377 421
888 657
559 792
415 168
994 506
887 533
323 947
358 303
299 879
86 178
864 832
107 179
491 358
676 439
560 696
116 941
950 936
79 355
522 860
365 493
378 868
814 604
258 52
931 523
52 557
388 368
546 915
624 846
284 36
731 652
944 843
130 199
553 893
752 209
53 427
294 469
72 782
834 459
333 681
589 764
131 736
651 328
174 28
63 626
277 457
652 145
695 221
113 781
341 600
26 217
685 746
527 671
129 108
788 360
123 813
548 377
704 605
632 550
176 229
686 46
543 452
24 689
821 237
188 489
705 162
907 213
235 741
848 433
793 715
527 987
363 267
224 75
624 419
647 207
605 151
955 684
372 147
735 978
818 193
706 923
487 874
614 612
396 74
788 461
448 540
159 315
741 162
932 382
940 716
219 579
614 544
42 173
502 986
530 777
51 672
545 587
198 889
962 159
971 945
837 750
416 770
284 995
728 508
575 215
145 667
563 793
965 759
96 604
732 819
490 625
211 782
671 34
544 760
56 632
733 515
284 892
238 148
7 919
134 965
984 582
374 278
36 546
501 691
509 131
107 233
366 350
735 317
428 36
20 279
145 836
727 752
252 780
699 965
281 258
839 832
109 264
161 565
255 497
627 662
246 115
464 734
402 963
999 198
828 182
17 370
473 972
752 95
59 76
334 450
281 340
955 524
440 741
237 116
129 694
160 216
301 726
688 623
173 54
587 38
407 352
324 603
698 232
307 75
876 108
799 640
516 508
248 754
221 955
1 837
404 349
426 160
135 704
757 113
151 659
10 344
298 909
140 333
759 347
807 447
438 634
141 605
710 305
612 741
577 930
630 612
123 980
35 55
520 257
915 143
838 22
282 277
961 488
834 774
572 720
705 640
597 9
666 198
938 306
588 277
240 866
197 217
624 362
619 583
725 495
516 885
513 915
402 149
922 474
193 587
227 493
854 249
446 175
480 519
795 735
952 67
636 34
395 500
82 259
753 365
602 159
425 620
768 114
587 826
412 690
182 131
380 990
164 35
905 177
264 996
62 699
84 215
67 49
307 831
547 148
658 411
30 148
262 82
259 150
191 200
683 671
12 724
111 62
590 176
171 15
66 853
68 584
633 149
331 134
633 291
702 878
25 643
76 83
584 638
190 335
357 774
498 872
933 368
895 960
974 874
727 417
353 39
540 146
279 337
627 870
747 263
257 680
115 124
761 333
19 698
824 302
173 375
94 673
632 457
331 341
757 957
348 57
202 461
797 887
108 832
446 776
455 207
330 703
387 921
619 442
744 405
131 794
466 268
725 224
564 449
405 55
463 673
133 752
990 664
847 282
57 98
656 644
346 863
784 337
778 732
488 754
547 873
141 618
842 364
812 217
271 757
781 216
320 85
100 266
547 309
406 946
589 955
169 61
749 287
370 952
57 527
751 858
827 955
318 243
459 20
777 481
49 81
165 909
174 368
676 616
561 72
378 434
846 502
140 547
498 595
473 509
718 907
861 223
818 545
564 531
11 276
709 340
601 411
778 225
841 774
198 454
239 753
606 575
121 84
678 745
254 971
877 502
725 971
515 89
619 894
521 431
122 982
392 229
806 722
496 522
975 998
750 45
619 565
648 356
100 740
62 678
179 705
676 290
378 255
148 542
972 349
330 669
249 446
167 73
594 54
51 14
58 920
484 153
860 677
768 484
161 959
16 829
118 691
298 43
584 847
195 797
465 908
353 524
949 66
471 871
885 542
462 874
26 942
970 297
780 885
195 737
917 292
335 210
252 386
233 632
428 188
447 779
655 245
310 151
21 603
144 780
653 905
199 957
254 30
266 168
905 385
677 813
374 173
559 363
994 978
517 143
921 773
17 963
465 575
177 678
810 837
94 673
629 462
844 292
459 234
619 461
273 715
888 647
9 647
624 798
940 354
126 492
454 860
787 495
172 270
106 963
635 333
147 199
842 616
201 990
450 653
367 819
817 75
721 606
755 177
882 696
187 694
906 360
854 992
613 44
6 377
62 718
269 993
960 208
197 110
762 160
331 998
72 481
438 499
676 144
191 193
238 909
268 729
72 495
538 473
202 684
754 896
888 263
470 374
483 199
358 18
15 597
429 40
539 439
582 866
58 566
474 125
853 648
142 94
566 925
960 680
575 767
381 713
86 814
364 850
219 921
869 73
113 234
672 297
514 651
568 605
81 572
219 41
486 934
210 712
391 52
170 169
234 317
482 551
752 671
591 197
270 971
556 811
107 382
384 579
535 621
544 303
695 616
549 114
825 181
232 110
630 568
236 753
655 863
886 70
266 407
729 828
639 887
268 636
214 97
69 3
305 748
363 612
77 1000
180 263
724 254
821 763
515 354
568 408
829 170
928 453
281 447
333 8
643 271
367 601
955 208
307 436
47 612
611 22
284 476
729 142
904 8
713 901
308 770
939 280
733 489
935 218
225 365
635 267
219 219
426 1
788 174
785 85
106 187
662 747
888 389
748 390
290 143
912 460
92 949
789 203
772 176
540 723
990 997
567 174
526 560
733 345
429 314
500 869
615 534
274 513
902 854
348 374
185 543
843 612
814 276
451 984
706 585
933 342
867 47
607 852
196 393
58 691
560 976
509 909
421 526
732 134
859 674
568 79
690 44
671 762
745 855
792 474
815 451
849 76
927 682
426 455
498 122
97 483
743 57
934 957
443 163
188 17
96 301
696 755
868 137
344 367
192 613
415 135
210 6
687 263
70 137
610 112
946 567
975 59
367 688
202 908
925 809
462 741
847 372
860 157
875 715
327 203
689 66
424 741
355 251
739 110
574 424
342 348
758 871
911 316
576 125
285 464
205 852
575 746
255 51
765 434
989 481
899 443
535 677
927 322
783 890
665 17
365 708
579 7
674 474
598 489
952 249
452 235
980 508
559 26
812 586
67 675
118 800
828 965
638 4
893 107
123 420
128 910
916 839
313 58
546 589
190 262
496 849
709 641
19 828
765 619
293 830
981 831
147 762
766 808
914 136
556 10
919 389
227 35
92 834
775 891
505 989
189 316
308 1000
179 897
867 326
507 944
126 160
273 487
295 625
760 390
400 560
948 667
701 318
504 527
417 144
132 630
297 921
273 673
921 604
282 803
746 788
299 788
627 224
848 923
313 273
832 607
274 712
381 132
658 326
470 236
865 74
347 953
977 161
117 971
773 898
37 750
537 871
94 335
257 515
787 293
251 921
632 619
102 876
202 365
600 759
184 23
327 817
329 882
852 304
553 445
194 977
847 589
275 83
949 292
936 883
804 736
706 186
62 787
151 807
917 615
989 103
919 100
334 667
970 247
44 185
161 874
462 589
671 359
650 88
971 620
707 585
123 774
560 412
570 536
502 63
165 486
937 842
508 435
681 270
455 830
703 724
313 967
326 165
604 335
306 327
264 574
347 364
775 386
921 259
673 696
181 422
615 189
623 118
739 122
951 303
379 193
512 654
170 43
729 837
515 773
347 387
750 778
163 45
655 877
572 435
208 679
867 105
222 822
944 489
144 312
505 894
899 874
268 368
204 68
193 996
734 718
848 891
935 484
360 10
445 942
620 283
387 652
474 487
327 960
272 769
14 470
695 128
495 913
332 962
310 50
119 524
414 43
526 966
976 701
642 237
520 772
775 261
99 258
218 600
368 426
247 489
616 382
646 942
903 462
511 977
853 212
607 629
595 266
966 484
721 922
45 959
572 592
849 819
419 670
447 418
906 138
871 694
987 873
334 516
845 889
453 196
177 697
962 411
894 771
44 280
590 614
557 88
258 161
183 758
175 28
166 981
674 433
657 388
904 660
901 343
538 748
796 705
115 714
836 109
388 360
326 231
670 330
842 882
639 928
955 24
357 166
598 472
860 30
42 606
948 115
214 294
350 838
551 9
117 816
175 739
969 857
186 500
382 639
918 27
403 372
889 224
48 759
140 838
444 907
373 533
826 391
228 586
594 175
990 131
869 710
918 517
16 189
179 103
482 397
121 96
672 884
994 9
847 719
977 133
666 290
32 349
934 843
18 612
94 879
588 359
875 314
502 858
960 891
639 33
480 441
676 111
120 151
221 669
802 318
959 197
545 819
661 990
953 830
708 30
741 46
359 648
505 615
857 213
245 464
257 848
310 724
875 284
953 429
98 95
292 106
924 56
398 188
18 936
966 350
748 77
724 706
672 106
318 228
44 881
728 914
638 652
935 389
818 512
958 239
344 267
323 601
141 619
555 72
773 158
586 872
577 520
978 310
889 600
480 647
561 284
935 559
948 198
61 222
460 117
383 370
971 804
774 57
480 111
620 328
551 253
772 205
866 127
79 101
748 107
390 910
469 660
209 677
898 768
236 269
638 357
512 618
27 960
422 286
965 506
110 393
950 516
994 234
334 815
921 72
982 433
92 663
339 802
569 300
920 236
944 804
773 910
221 456
93 151
9 643
35 57
924 118
351 336
503 918
341 37
469 775
437 674
475 561
212 775
362 395
550 484
393 658
465 675
825 613
607 557
965 185
303 642
329 889
158 5
41 831
606 498
172 862
774 42
169 998
393 985
468 882
539 294
968 212
825 3
559 145
681 431
424 876
764 335
340 753
935 273
770 732
593 540
582 293
643 366
703 102
983 387
680 522
734 522
876 1000
496 910
692 435
310 176
511 116
220 425
697 202
933 154
46 818
111 878
595 979
80 105
491 297
819 62
935 170
169 904
813 811
597 664
840 504
971 258
34 702
903 542
48 82
899 187
64 93
71 361
465 659
307 502
563 955
125 477
380 850
12 645
661 544
48 608
217 852
553 370
912 250
331 807
993 311
403 581
942 57
67 825
326 758
713 373
850 240
441 189
185 581
125 452
411 845
48 172
893 627
228 952
758 156
466 910
491 103
511 220
396 784
541 577
301 721
313 605
793 502
83 753
205 978
174 207
730 967
946 574
525 622
130 173
435 635
737 595
167 277
60 247
175 562
635 952
557 475
