1000 7000
2 1
3 1
4 3
5 3
6 3
7 3
8 2
9 7
10 4
11 2
12 3
13 5
14 9
15 7
16 9
17 12
18 2
19 11
20 16
21 19
22 7
23 18
24 12
25 24
26 6
27 25
28 6
29 8
30 12
31 29
32 25
33 10
34 14
35 27
36 24
37 28
38 34
39 15
40 4
41 33
42 41
43 10
44 42
45 42
46 28
47 11
48 28
49 41
50 27
51 50
52 32
53 29
54 23
55 25
56 32
57 41
58 4
59 53
60 25
61 36
62 28
63 18
64 37
65 62
66 6
67 57
68 43
69 24
70 50
71 51
72 9
73 30
74 6
75 67
76 13
77 9
78 12
79 77
80 3
81 61
82 14
83 76
84 30
85 46
86 32
87 9
88 26
89 46
90 78
91 77
92 69
93 26
94 71
95 57
96 29
97 44
98 15
99 33
100 31
101 12
102 38
103 72
104 2
105 76
106 59
107 19
108 17
109 45
110 25
111 77
112 46
113 92
114 105
115 76
116 94
117 98
118 57
119 112
120 110
121 18
122 57
123 78
124 100
125 99
126 59
127 77
128 48
129 1
130 19
131 67
132 79
133 120
134 17
135 103
136 29
137 16
138 105
139 59
140 42
141 104
142 22
143 3
144 141
145 59
146 142
147 94
148 35
149 15
150 95
151 28
152 89
153 131
154 83
155 35
156 37
157 151
158 68
159 145
160 104
161 50
162 76
163 3
164 75
165 39
166 26
167 3
168 150
169 149
170 94
171 59
172 71
173 66
174 121
175 37
176 34
177 162
178 114
179 91
180 85
181 130
182 120
183 124
184 71
185 157
186 148
187 51
188 57
189 116
190 142
191 8
192 131
193 50
194 137
195 23
196 40
197 166
198 176
199 23
200 71
201 9
202 66
203 70
204 2
205 150
206 156
207 43
208 91
209 93
210 172
211 105
212 137
213 55
214 134
215 157
216 8
217 191
218 27
219 96
220 86
221 214
222 98
223 25
224 85
225 43
226 25
227 102
228 164
229 79
230 158
231 11
232 15
233 54
234 79
235 61
236 37
237 44
238 193
239 194
240 143
241 128
242 90
243 234
244 225
245 77
246 137
247 217
248 139
249 139
250 177
251 136
252 14
253 209
254 158
255 160
256 192
257 87
258 141
259 56
260 51
261 188
262 28
263 79
264 100
265 5
266 235
267 124
268 249
269 142
270 2
271 32
272 89
273 16
274 146
275 21
276 47
277 229
278 232
279 212
280 128
281 197
282 10
283 80
284 17
285 195
286 255
287 274
288 151
289 61
290 147
291 185
292 155
293 208
294 187
295 258
296 1
297 43
298 96
299 266
300 95
301 55
302 154
303 144
304 11
305 72
306 113
307 67
308 106
309 63
310 272
311 114
312 263
313 127
314 19
315 131
316 31
317 53
318 76
319 4
320 157
321 241
322 160
323 146
324 213
325 70
326 29
327 165
328 70
329 2
330 147
331 231
332 22
333 195
334 277
335 272
336 253
337 237
338 80
339 25
340 263
341 180
342 67
343 245
344 258
345 212
346 281
347 144
348 246
349 274
350 36
351 316
352 299
353 275
354 340
355 348
356 62
357 273
358 68
359 121
360 26
361 94
362 16
363 352
364 78
365 22
366 338
367 135
368 159
369 304
370 184
371 205
372 258
373 282
374 278
375 332
376 79
377 32
378 259
379 124
380 267
381 117
382 154
383 379
384 111
385 193
386 125
387 103
388 81
389 82
390 76
391 357
392 157
393 239
394 375
395 276
396 113
397 126
398 27
399 392
400 94
401 154
402 326
403 294
404 211
405 346
406 79
407 333
408 397
409 52
410 16
411 206
412 374
413 184
414 64
415 131
416 259
417 376
418 247
419 342
420 264
421 300
422 320
423 247
424 285
425 1
426 333
427 344
428 335
429 169
430 8
431 99
432 21
433 48
434 32
435 30
436 251
437 204
438 315
439 424
440 371
441 303
442 31
443 27
444 126
445 147
446 102
447 51
448 12
449 158
450 271
451 158
452 375
453 238
454 150
455 50
456 181
457 87
458 123
459 132
460 170
461 109
462 238
463 148
464 397
465 231
466 260
467 395
468 237
469 320
470 162
471 207
472 359
473 93
474 373
475 413
476 105
477 352
478 158
479 107
480 275
481 347
482 301
483 165
484 353
485 150
486 474
487 167
488 21
489 433
490 147
491 37
492 466
493 189
494 35
495 351
496 156
497 289
498 433
499 63
500 333
501 451
502 291
503 178
504 499
505 344
506 401
507 96
508 253
509 79
510 476
511 490
512 373
513 145
514 426
515 168
516 300
517 399
518 410
519 374
520 184
521 320
522 113
523 436
524 296
525 471
526 427
527 337
528 74
529 177
530 520
531 497
532 64
533 168
534 433
535 82
536 348
537 41
538 246
539 78
540 161
541 37
542 279
543 290
544 157
545 354
546 152
547 35
548 300
549 331
550 336
551 430
552 371
553 528
554 18
555 331
556 403
557 346
558 489
559 425
560 312
561 216
562 142
563 329
564 466
565 471
566 422
567 173
568 159
569 252
570 19
571 406
572 256
573 160
574 116
575 21
576 456
577 387
578 141
579 214
580 15
581 355
582 344
583 180
584 331
585 22
586 360
587 430
588 387
589 310
590 364
591 15
592 561
593 42
594 172
595 529
596 457
597 130
598 313
599 439
600 182
601 450
602 127
603 327
604 569
605 180
606 539
607 159
608 529
609 332
610 381
611 552
612 581
613 600
614 3
615 182
616 386
617 292
618 617
619 416
620 147
621 354
622 578
623 304
624 53
625 316
626 317
627 99
628 482
629 95
630 373
631 314
632 117
633 61
634 548
635 212
636 439
637 307
638 374
639 611
640 332
641 463
642 477
643 120
644 122
645 368
646 441
647 234
648 119
649 285
650 245
651 33
652 88
653 175
654 87
655 621
656 198
657 284
658 636
659 125
660 344
661 20
662 401
663 508
664 637
665 385
666 351
667 251
668 513
669 617
670 477
671 36
672 111
673 392
674 537
675 351
676 443
677 548
678 335
679 625
680 214
681 275
682 43
683 214
684 35
685 71
686 361
687 322
688 440
689 220
690 516
691 105
692 274
693 435
694 459
695 222
696 201
697 405
698 503
699 687
700 212
701 678
702 479
703 167
704 60
705 448
706 34
707 671
708 262
709 271
710 566
711 157
712 555
713 169
714 532
715 361
716 7
717 33
718 38
719 92
720 20
721 354
722 605
723 627
724 455
725 394
726 610
727 290
728 640
729 633
730 614
731 328
732 497
733 449
734 405
735 204
736 168
737 20
738 583
739 441
740 517
741 686
742 661
743 151
744 615
745 592
746 621
747 473
748 144
749 353
750 501
751 627
752 581
753 279
754 260
755 403
756 328
757 31
758 124
759 468
760 709
761 43
762 702
763 457
764 304
765 355
766 108
767 272
768 233
769 30
770 594
771 520
772 304
773 464
774 514
775 604
776 409
777 328
778 371
779 660
780 706
781 262
782 226
783 711
784 627
785 30
786 166
787 530
788 729
789 562
790 76
791 573
792 211
793 99
794 306
795 88
796 98
797 170
798 352
799 61
800 326
801 219
802 457
803 28
804 348
805 227
806 600
807 35
808 147
809 681
810 73
811 223
812 481
813 2
814 688
815 280
816 523
817 537
818 642
819 747
820 617
821 649
822 245
823 95
824 182
825 368
826 658
827 480
828 363
829 328
830 635
831 206
832 765
833 776
834 120
835 88
836 573
837 516
838 212
839 335
840 426
841 669
842 781
843 629
844 179
845 459
846 335
847 545
848 590
849 386
850 798
851 18
852 144
853 796
854 439
855 639
856 516
857 501
858 346
859 136
860 741
861 110
862 369
863 774
864 196
865 219
866 50
867 616
868 686
869 512
870 18
871 145
872 497
873 566
874 173
875 90
876 728
877 691
878 726
879 792
880 496
881 353
882 756
883 374
884 89
885 492
886 665
887 279
888 546
889 502
890 227
891 441
892 840
893 808
894 707
895 12
896 527
897 472
898 806
899 858
900 133
901 614
902 19
903 581
904 587
905 65
906 90
907 370
908 260
909 166
910 761
911 256
912 369
913 391
914 372
915 492
916 524
917 131
918 369
919 357
920 868
921 913
922 901
923 242
924 587
925 647
926 322
927 568
928 295
929 76
930 713
931 887
932 108
933 416
934 472
935 176
936 748
937 139
938 932
939 270
940 647
941 224
942 105
943 116
944 851
945 843
946 47
947 300
948 187
949 819
950 509
951 434
952 128
953 588
954 623
955 137
956 194
957 311
958 951
959 858
960 865
961 368
962 527
963 257
964 343
965 431
966 592
967 808
968 69
969 812
970 370
971 121
972 736
973 609
974 739
975 337
976 181
977 625
978 39
979 440
980 714
981 121
982 511
983 113
984 324
985 716
986 424
987 139
988 456
989 145
990 238
991 926
992 794
993 493
994 6
995 103
996 987
997 972
998 359
999 192
1000 854
1000 999
999 998
998 997
997 996
996 995
995 994
994 993
993 992
992 991
991 990
990 989
989 988
988 986
986 985
985 984
984 983
983 982
982 981
981 980
980 979
979 978
978 977
977 976
976 975
975 974
974 973
973 971
971 970
970 969
969 968
968 967
967 966
966 965
965 964
964 963
963 962
962 961
961 960
960 959
959 958
958 957
957 956
956 955
955 954
954 953
953 952
952 950
950 949
949 948
948 947
947 946
946 945
945 944
944 943
943 942
942 941
941 940
940 939
939 938
938 937
937 936
936 935
935 934
934 933
933 931
931 930
930 929
929 928
928 927
927 925
925 924
924 923
923 922
922 921
921 920
920 919
919 918
918 917
917 916
916 915
915 914
914 912
912 911
911 910
910 909
909 908
908 907
907 906
906 905
905 904
904 903
903 902
902 900
900 899
899 898
898 897
897 896
896 895
895 894
894 893
893 892
892 891
891 890
890 889
889 888
888 886
886 885
885 884
884 883
883 882
882 881
881 880
880 879
879 878
878 877
877 876
876 875
875 874
874 873
873 872
872 871
871 870
870 869
869 867
867 866
866 864
864 863
863 862
862 861
861 860
860 859
859 857
857 856
856 855
855 853
853 852
852 850
850 849
849 848
848 847
847 846
846 845
845 844
844 842
842 841
841 839
839 838
838 837
837 836
836 835
835 834
834 833
833 832
832 831
831 830
830 829
829 828
828 827
827 826
826 825
825 824
824 823
823 822
822 821
821 820
820 818
818 817
817 816
816 815
815 814
814 813
813 811
811 810
810 809
809 807
807 805
805 804
804 803
803 802
802 801
801 800
800 799
799 797
797 795
795 793
793 791
791 790
790 789
789 788
788 787
787 786
786 785
785 784
784 783
783 782
782 780
780 779
779 778
778 777
777 775
775 773
773 772
772 771
771 770
770 769
769 768
768 767
767 766
766 764
764 763
763 762
762 760
760 759
759 758
758 757
757 755
755 754
754 753
753 752
752 751
751 750
750 749
749 746
746 745
745 744
744 743
743 742
742 740
740 738
738 737
737 735
735 734
734 733
733 732
732 731
731 730
730 727
727 725
725 724
724 723
723 722
722 721
721 720
720 719
719 718
718 717
717 715
715 712
712 710
710 708
708 705
705 704
704 703
703 701
701 700
700 699
699 698
698 697
697 696
696 695
695 694
694 693
693 692
692 690
690 689
689 685
685 684
684 683
683 682
682 680
680 679
679 677
677 676
676 675
675 674
674 673
673 672
672 670
670 668
668 667
667 666
666 664
664 663
663 662
662 659
659 657
657 656
656 655
655 654
654 653
653 652
652 651
651 650
650 648
648 646
646 645
645 644
644 643
643 641
641 638
638 634
634 632
632 631
631 630
630 628
628 626
626 624
624 622
622 620
620 619
619 618
618 613
613 612
612 608
608 607
607 606
606 603
603 602
602 601
601 599
599 598
598 597
597 596
596 595
595 593
593 591
591 589
589 586
586 585
585 584
584 582
582 580
580 579
579 577
577 576
576 575
575 574
574 572
572 571
571 570
570 567
567 565
565 564
564 563
563 560
560 559
559 558
558 557
557 556
556 554
554 553
553 551
551 550
550 549
549 547
547 544
544 543
543 542
542 541
541 540
540 538
538 536
536 535
535 534
534 533
533 531
531 526
526 525
525 522
522 521
521 519
519 518
518 515
515 510
510 507
507 506
506 505
505 504
504 500
500 498
498 495
495 494
494 491
491 488
488 487
487 486
486 485
485 484
484 483
483 478
478 475
475 470
470 469
469 467
467 465
465 462
462 461
461 460
460 458
458 454
454 453
453 452
452 447
447 446
446 445
445 444
444 442
442 438
438 437
437 432
432 429
429 428
428 423
423 421
421 420
420 419
419 418
418 417
417 415
415 414
414 412
412 411
411 408
408 407
407 404
404 402
402 400
400 398
398 396
396 393
393 390
390 389
389 388
388 384
384 383
383 382
382 380
380 378
378 377
377 367
367 366
366 365
365 362
362 358
358 356
356 350
350 349
349 345
345 341
341 339
339 334
334 330
330 325
325 323
323 321
321 319
319 318
318 309
309 308
308 305
305 302
302 298
298 297
297 293
293 288
288 287
287 286
286 283
283 269
269 268
268 265
265 261
261 254
254 250
250 248
248 244
244 243
243 240
240 236
236 230
230 228
228 221
221 218
218 215
215 210
210 203
203 202
202 200
200 199
199 190
190 186
186 183
183 174
174 171
171 163
163 153
153 140
140 138
138 129
129 118
118 115
115 101
101 97
97 84
84 58
58 49
49 1000
812 12
328 42
682 969
458 959
182 538
290 17
631 88
764 285
494 191
91 133
640 918
202 559
425 194
397 120
211 811
822 812
205 374
343 150
460 886
776 800
168 641
728 65
350 798
340 843
976 195
112 431
341 967
160 665
784 765
575 557
720 995
720 397
898 924
161 62
213 709
349 936
353 380
529 428
271 54
248 869
299 598
564 711
375 639
755 76
984 158
504 330
78 703
978 224
285 975
683 490
778 850
229 383
810 130
535 110
978 432
381 782
492 628
618 297
372 218
375 372
53 707
761 231
454 130
456 738
227 90
939 490
872 4
485 520
629 34
817 19
152 958
937 198
846 995
212 906
277 569
275 939
169 682
163 35
124 974
415 619
460 350
706 706
225 684
69 542
913 205
514 885
434 416
763 450
707 279
199 326
264 335
16 473
859 784
109 179
149 982
684 524
229 960
643 741
634 805
9 711
948 546
314 874
675 381
12 76
401 381
715 210
35 17
152 83
613 893
875 261
784 113
72 558
650 364
168 67
129 283
181 528
401 76
457 494
921 427
807 820
29 673
41 873
955 415
308 193
453 567
679 182
91 588
303 103
169 92
374 470
349 297
373 554
399 101
527 181
352 671
344 333
557 732
147 384
928 512
78 454
987 380
319 109
211 429
520 621
442 731
27 893
799 142
242 751
283 549
220 768
452 634
366 915
298 9
872 512
965 226
957 301
409 303
731 628
600 971
701 250
494 394
535 80
182 644
193 777
896 465
98 764
678 700
60 463
326 327
904 931
231 290
944 213
840 992
314 674
923 439
832 367
798 769
412 719
495 979
443 956
719 742
441 541
355 396
75 852
782 681
322 978
190 365
708 266
291 29
820 21
739 566
334 3
73 536
515 745
701 919
661 309
201 771
167 453
305 556
588 241
570 438
802 261
878 760
140 861
882 169
734 311
666 972
508 419
163 738
657 374
682 215
338 317
121 883
790 504
96 425
863 729
341 17
776 16
877 219
739 268
578 110
81 824
242 243
333 940
665 756
323 989
657 699
581 660
515 777
554 722
450 962
978 768
135 790
360 754
373 363
472 98
273 950
545 905
196 514
270 877
217 861
559 944
603 873
1 491
564 117
78 906
25 365
506 55
160 160
522 866
315 532
834 346
250 588
453 730
606 797
657 74
17 174
398 567
409 619
87 398
656 972
336 164
571 680
839 194
59 82
614 713
58 725
664 799
528 659
455 469
542 485
658 464
30 559
529 407
804 791
114 616
131 811
491 450
995 701
135 681
393 405
129 748
898 802
460 145
613 425
261 915
378 154
64 270
676 759
901 593
560 831
642 15
816 690
743 132
812 810
214 877
976 557
358 694
838 873
649 818
84 450
604 261
530 813
923 19
963 205
35 824
838 522
564 28
159 653
814 658
534 323
879 27
720 861
85 588
757 558
359 85
345 840
652 314
333 874
430 575
398 295
817 816
844 587
591 732
389 2
676 404
430 922
134 906
494 501
58 218
654 250
442 417
730 998
223 93
19 414
709 652
819 768
354 877
608 662
16 944
699 996
269 691
949 128
981 754
323 794
43 38
806 976
325 484
929 888
301 547
550 947
67 361
237 368
382 772
68 196
543 397
439 766
246 163
916 387
180 226
615 238
213 575
410 421
660 537
435 338
637 312
673 984
704 55
826 261
809 85
481 893
659 351
514 271
658 904
129 781
19 189
763 743
515 583
472 173
862 174
838 258
242 850
904 510
122 297
381 730
622 930
281 213
835 632
535 146
926 492
33 15
110 296
231 795
319 624
150 702
959 533
382 987
848 552
200 638
367 969
251 932
144 340
972 531
28 331
174 506
873 305
601 206
353 982
957 831
884 23
555 106
444 842
746 289
926 643
964 945
877 644
983 214
96 372
702 954
812 123
779 876
433 684
665 379
561 785
808 621
79 444
638 714
2 874
517 383
679 927
570 832
45 907
279 553
858 140
614 332
559 669
352 392
123 992
776 368
341 683
479 935
649 771
644 116
850 650
929 512
343 528
435 850
754 739
878 65
748 612
632 843
587 307
650 336
703 709
743 425
712 43
813 221
336 360
361 809
320 537
65 289
139 15
753 851
267 892
855 983
177 14
672 487
822 763
823 321
98 524
919 566
138 809
168 83
243 826
362 528
169 915
929 778
628 307
550 33
367 246
260 405
891 544
658 283
604 712
587 481
398 701
861 857
940 887
712 28
907 534
448 74
203 75
733 728
761 831
428 635
39 127
22 39
322 281
344 680
160 925
977 930
139 909
795 837
216 430
963 507
932 474
901 411
138 134
316 633
619 250
729 744
782 657
289 750
429 455
731 632
914 940
848 707
895 52
481 995
853 110
936 443
205 784
269 836
820 695
944 937
32 439
447 672
774 165
620 736
367 202
494 350
409 632
683 341
687 303
765 515
310 539
674 700
535 514
560 943
231 354
144 856
527 262
426 591
326 652
854 397
747 44
676 699
39 507
809 710
577 78
616 925
624 886
751 290
584 510
216 311
166 814
427 359
301 44
696 852
601 626
22 901
599 699
205 49
758 989
66 365
290 334
571 34
323 265
127 322
984 906
71 342
52 149
544 497
700 353
330 591
491 300
998 351
751 441
782 554
919 509
194 199
232 560
176 117
438 906
163 302
995 773
273 233
81 399
103 816
407 781
432 432
135 249
42 782
335 885
745 175
373 253
164 291
407 957
862 340
993 196
968 377
961 988
386 240
55 42
174 488
271 813
414 605
386 405
642 807
981 73
677 386
676 705
661 841
180 82
629 875
251 172
511 596
835 563
956 248
87 242
406 129
86 358
114 819
625 823
895 755
141 957
662 572
764 168
602 322
548 295
818 230
826 150
713 329
576 12
605 668
149 15
372 11
181 234
56 485
592 158
114 303
226 84
251 775
449 989
283 852
434 996
498 100
780 611
622 210
877 356
370 227
237 25
610 93
929 769
926 18
320 520
603 40
166 897
885 206
409 614
962 167
618 842
452 459
20 398
105 426
652 248
273 826
918 240
8 234
251 198
718 286
325 922
818 672
877 490
456 702
220 638
479 769
227 190
587 283
60 246
493 43
868 63
654 117
703 137
334 13
298 953
227 403
75 622
464 44
98 303
292 271
39 669
858 771
405 265
862 796
838 464
878 706
175 705
841 531
543 877
181 527
929 841
814 407
451 355
10 277
547 900
920 301
423 585
201 778
573 179
994 62
120 411
467 871
401 294
170 660
186 944
784 350
757 466
173 597
226 559
810 534
186 772
709 729
858 961
139 909
323 431
193 485
355 794
87 11
670 108
51 608
957 207
25 186
134 65
975 549
82 359
483 136
865 619
579 543
803 74
504 70
554 477
270 48
59 260
367 356
963 80
639 769
306 272
688 663
211 440
150 663
150 644
614 984
878 14
88 193
614 681
157 943
343 519
778 779
134 753
184 497
617 449
720 822
836 923
714 407
421 398
393 215
551 571
936 7
551 428
108 375
670 164
34 617
395 364
116 811
659 880
680 651
473 628
902 399
158 308
706 615
181 930
852 98
456 731
159 140
514 6
169 618
586 535
898 202
365 332
212 365
16 375
2 891
642 488
147 255
221 151
432 204
654 402
484 284
423 109
115 994
964 288
175 635
189 549
233 424
789 905
279 796
38 156
995 633
887 679
181 141
697 460
861 613
248 350
458 344
690 22
661 924
911 653
201 835
611 99
3 433
580 399
554 633
617 618
296 548
40 856
315 829
793 736
437 175
870 392
413 247
522 559
563 425
612 432
530 764
548 222
620 884
869 128
97 525
424 485
340 744
572 815
551 6
532 716
107 339
585 754
312 871
296 459
890 875
990 907
128 420
655 889
368 747
623 523
8 464
208 46
860 699
705 131
847 762
453 588
341 305
176 389
847 5
231 471
377 737
508 572
812 504
602 162
685 180
995 224
621 44
94 554
37 832
594 150
738 235
539 46
786 78
82 714
184 633
369 664
235 912
415 876
389 47
578 368
943 73
468 572
478 563
395 562
711 866
100 340
737 800
878 638
704 522
154 311
975 887
799 874
101 209
607 565
933 490
914 184
108 875
790 734
295 937
802 536
875 357
157 901
890 963
484 386
696 593
832 990
215 22
583 630
546 316
157 541
725 478
705 422
155 832
120 494
29 449
158 921
173 255
217 314
51 414
7 52
393 98
472 838
819 960
275 54
594 364
194 783
204 670
853 898
743 359
159 972
892 123
729 668
333 416
830 945
348 383
481 836
25 93
52 952
357 195
558 678
460 302
972 103
352 15
373 824
796 446
568 884
551 39
807 296
592 884
618 636
823 292
384 98
401 847
393 787
464 757
59 302
405 275
289 382
205 108
554 14
897 352
743 473
769 799
34 549
184 712
355 652
101 358
556 738
524 502
610 948
249 339
613 20
401 653
761 902
915 958
661 666
138 163
313 403
303 258
322 347
350 838
195 676
766 450
951 750
697 289
628 913
932 298
950 592
493 333
642 62
79 759
273 302
57 217
826 586
284 711
549 147
823 633
82 743
845 588
228 385
297 893
190 207
799 228
912 492
905 643
402 905
559 984
552 674
611 967
677 377
524 894
878 577
672 346
285 312
696 516
408 512
71 344
923 950
441 869
511 187
91 345
680 264
290 649
967 231
608 900
146 644
220 483
180 375
686 891
758 464
327 381
76 518
467 397
265 999
185 907
603 128
391 275
276 283
513 32
284 594
237 472
954 429
803 809
51 133
596 841
221 809
326 275
671 649
647 144
50 288
415 831
457 4
286 157
189 84
678 151
622 472
252 266
74 928
60 406
246 477
285 8
282 819
467 962
105 304
591 465
647 154
509 357
866 103
539 795
297 54
877 568
185 270
197 480
885 259
735 609
616 483
653 371
332 249
552 119
935 436
941 495
851 581
35 801
595 716
121 573
492 243
513 349
828 677
287 709
317 65
899 373
743 284
532 551
21 426
213 436
282 955
535 505
305 484
552 921
494 252
494 672
373 337
13 6
67 552
968 651
23 735
19 866
768 117
542 902
689 140
94 106
610 970
806 980
901 267
518 357
380 746
434 363
721 752
656 447
449 139
873 623
841 472
588 243
145 960
100 482
939 185
507 545
877 901
167 312
20 129
874 36
398 399
503 307
105 470
608 510
132 554
377 481
723 324
284 316
149 219
756 735
631 88
988 262
925 507
635 506
541 944
694 860
519 290
760 196
705 975
528 719
199 189
864 256
924 274
844 499
233 72
511 599
212 864
722 850
355 136
79 357
216 247
537 125
320 86
61 648
366 377
917 940
196 917
542 780
279 119
542 385
336 863
78 53
902 547
683 800
156 609
855 113
237 723
809 391
390 909
285 869
808 756
24 553
332 355
473 565
949 962
825 367
771 284
183 902
53 24
632 865
977 208
283 487
229 566
474 91
311 619
726 110
662 118
473 749
665 345
659 297
663 965
601 835
88 433
457 783
647 141
348 440
926 975
540 982
72 507
477 13
122 382
852 202
302 135
832 324
972 966
282 490
324 635
419 882
664 411
551 227
667 310
637 251
232 944
802 176
541 656
389 278
831 14
149 240
563 132
449 980
469 535
521 731
612 144
906 291
870 628
289 809
411 888
183 925
453 642
649 985
262 993
6 38
277 445
928 506
485 192
78 729
459 305
800 598
240 422
401 706
514 109
996 690
614 924
917 179
163 66
410 566
955 776
572 416
921 231
774 500
228 758
414 851
800 38
459 214
919 40
148 212
901 784
707 496
674 866
284 975
892 188
315 693
460 846
429 887
386 381
490 202
405 613
650 903
116 204
595 460
23 386
169 743
238 923
141 227
202 263
450 424
468 93
291 764
650 928
660 719
272 387
999 149
403 676
232 1000
812 519
904 826
920 834
109 425
651 509
771 249
672 204
297 572
336 491
418 939
9 337
724 77
577 280
308 74
426 980
850 891
716 589
422 105
529 988
496 882
130 532
735 267
838 153
644 383
321 525
862 61
490 329
961 937
362 418
397 620
510 787
375 598
703 225
212 149
30 231
114 60
326 160
664 849
583 515
40 307
720 904
584 253
541 209
978 896
515 902
41 727
324 24
601 415
915 26
609 164
223 945
456 722
922 548
415 119
778 505
760 806
410 497
57 695
591 950
203 34
760 105
129 243
10 84
461 729
892 924
220 69
143 467
366 27
498 416
920 780
585 275
771 31
726 994
295 827
212 668
772 498
92 972
407 900
980 101
377 867
288 224
690 948
975 782
197 407
187 472
746 469
851 123
469 868
46 928
595 763
612 257
580 367
618 704
156 986
205 950
525 532
832 844
977 566
972 158
629 525
993 158
633 726
945 196
123 101
215 990
598 718
436 179
882 178
515 405
354 37
921 719
914 878
443 104
261 890
415 415
924 241
318 759
306 908
360 262
251 429
498 927
105 200
377 285
689 986
374 892
962 395
272 646
749 876
117 67
833 361
601 883
994 108
16 918
179 299
79 727
653 781
981 576
212 757
94 709
600 253
647 468
465 914
141 270
688 566
926 257
492 520
980 527
444 485
783 995
73 975
107 862
789 726
834 439
148 353
605 928
747 99
12 251
872 211
776 152
761 560
79 54
580 604
88 410
756 375
349 222
435 829
554 808
246 576
928 387
666 393
844 884
134 412
975 855
359 357
916 102
155 471
74 347
756 734
109 161
734 512
692 809
968 169
96 245
983 214
958 23
906 649
412 801
8 391
99 386
488 366
188 15
713 642
728 261
773 468
331 188
348 506
26 22
618 316
881 121
495 953
953 190
343 752
494 364
102 350
67 593
607 941
934 254
514 671
490 661
200 638
143 821
194 548
215 521
641 812
116 95
636 488
239 68
431 978
327 733
325 884
824 745
998 283
953 758
770 863
500 442
614 970
869 995
515 808
971 83
529 507
994 86
505 164
142 233
965 287
171 820
565 641
923 994
103 914
777 875
668 873
842 628
974 282
89 710
144 840
347 411
848 672
835 340
924 352
638 328
148 240
232 808
154 712
625 154
380 256
128 753
733 48
681 321
30 58
898 121
531 173
196 244
935 378
729 31
710 211
450 366
526 857
920 682
187 679
934 897
1 919
318 414
734 733
791 998
118 116
288 40
283 1000
377 836
866 569
779 457
174 927
784 581
262 699
729 55
951 800
718 15
428 952
36 35
384 161
628 178
217 853
852 268
103 851
420 580
388 968
246 198
778 562
612 29
84 391
543 341
355 386
689 612
647 134
646 725
254 382
235 274
541 823
673 438
18 643
962 444
642 405
318 207
588 771
514 930
622 23
408 56
667 328
461 449
525 665
399 458
731 778
600 985
422 623
265 625
68 791
548 578
137 61
184 865
146 724
98 697
104 767
446 505
953 122
787 906
364 477
607 537
521 446
69 558
534 942
733 685
263 602
14 280
496 399
474 197
245 642
760 571
427 348
822 206
463 732
560 960
496 178
624 518
76 16
309 44
728 609
562 41
672 342
92 576
124 520
513 917
487 721
68 272
829 266
997 241
200 292
821 908
426 695
710 444
839 501
461 19
411 919
260 23
950 435
954 704
972 425
145 818
441 459
76 565
805 270
913 72
331 5
51 733
529 756
256 761
131 719
637 69
443 893
327 249
952 392
168 632
801 923
733 313
229 242
863 808
231 385
389 775
859 562
317 440
552 739
458 925
345 34
926 94
342 787
530 605
588 645
920 697
361 389
982 4
164 941
326 844
970 746
659 714
505 828
919 328
604 408
441 728
821 948
734 719
323 515
511 263
311 262
2 782
138 672
612 983
826 301
398 937
3 795
975 57
384 859
267 245
972 987
934 707
425 144
658 19
281 99
713 521
654 591
614 714
697 791
443 578
514 874
669 841
897 868
727 995
239 632
618 993
51 562
705 903
921 828
926 715
235 553
495 638
352 240
31 109
686 400
273 825
665 551
771 293
639 913
544 497
841 229
790 513
767 891
70 495
209 39
591 996
985 795
34 86
546 688
87 416
241 583
485 712
356 905
170 255
103 995
223 713
578 295
538 365
859 344
383 607
602 419
213 325
762 939
626 598
14 307
241 65
128 254
510 726
332 483
829 679
744 435
81 404
768 321
16 618
225 978
396 398
75 178
116 608
205 836
495 94
510 570
175 735
812 637
471 685
715 144
930 652
55 810
130 10
628 174
151 146
895 204
381 898
505 321
157 849
942 61
631 651
737 451
439 157
193 901
396 909
912 908
717 677
686 966
491 199
696 665
868 993
890 942
263 601
449 746
807 771
773 742
192 789
945 509
761 982
890 490
397 156
832 154
471 465
15 870
886 962
954 62
356 106
706 196
941 618
388 506
247 99
239 512
372 790
771 536
25 133
640 12
165 773
237 472
693 636
597 604
665 578
35 902
449 372
989 740
597 390
840 728
239 843
632 79
614 611
95 402
414 638
762 734
557 578
565 998
953 249
179 513
415 970
341 213
305 215
604 682
761 901
744 444
874 352
314 727
129 487
476 408
141 894
823 237
586 698
298 388
900 891
860 476
689 666
881 552
233 993
893 484
279 994
345 988
715 504
342 658
417 195
88 169
757 557
606 262
649 343
585 256
731 549
566 444
347 771
115 446
282 580
925 360
347 912
416 621
630 413
959 757
926 46
954 398
660 682
376 912
167 308
208 960
755 897
20 774
571 102
33 134
493 852
764 957
577 192
604 531
287 206
603 563
960 564
598 556
467 619
279 973
285 633
882 838
611 39
492 901
386 534
385 524
480 879
70 500
30 408
965 25
587 317
232 567
475 899
869 829
154 941
926 147
985 438
828 159
59 947
480 320
195 796
674 217
716 27
786 95
120 746
414 751
669 58
308 997
826 143
84 177
323 331
768 361
519 659
958 947
618 929
724 789
357 813
839 750
844 73
170 624
726 315
725 935
931 395
537 32
208 108
438 972
332 883
893 557
504 850
130 850
991 121
285 854
603 347
771 475
451 798
465 940
226 176
570 541
572 509
968 459
430 132
366 758
314 114
315 258
460 169
642 445
298 450
148 926
753 252
49 919
210 203
378 865
405 788
296 300
758 329
460 615
372 539
652 825
434 38
558 967
411 893
694 199
477 60
311 842
112 229
431 711
576 321
108 160
459 332
660 755
370 568
107 119
295 93
130 758
76 729
973 40
238 486
897 667
508 66
646 207
918 619
291 428
588 845
176 751
857 398
966 836
306 578
671 72
181 953
33 152
191 257
94 5
671 781
198 991
549 530
148 844
271 818
662 791
893 210
960 838
25 749
327 925
348 682
634 997
500 880
136 18
23 691
823 582
924 693
223 20
863 472
290 722
864 486
47 303
492 756
505 6
282 868
550 831
179 629
509 535
553 678
720 996
929 575
619 542
914 852
676 841
915 776
613 317
619 778
534 660
17 463
330 38
220 299
927 879
766 398
427 787
783 318
244 499
392 63
915 862
55 305
433 942
258 969
98 45
56 228
690 631
20 73
371 20
250 239
988 649
436 15
684 415
265 570
632 927
789 656
313 898
839 195
163 745
141 448
28 260
243 197
269 717
88 262
501 991
639 690
56 840
606 426
995 740
18 870
878 979
876 806
352 190
286 67
514 866
478 426
622 541
610 720
333 242
584 49
90 833
25 223
1000 146
237 630
852 347
325 254
412 729
270 552
618 763
629 555
980 484
376 106
177 954
195 337
386 509
694 779
353 827
972 718
347 352
698 208
462 198
278 374
926 873
987 547
101 895
378 615
72 81
34 106
442 248
757 580
710 179
6 450
167 62
766 977
537 865
415 815
541 350
574 692
239 466
712 560
175 691
123 90
547 246
846 156
88 988
167 602
51 797
211 172
500 569
433 328
142 36
385 847
891 682
499 310
870 481
171 211
652 396
993 294
801 198
185 838
439 888
37 703
874 489
409 247
574 374
761 842
40 67
749 498
807 930
410 599
809 28
423 581
226 812
361 416
253 26
266 546
600 692
532 302
548 474
199 941
134 473
539 311
160 173
103 639
238 319
346 512
444 398
562 769
184 669
47 922
819 788
831 312
613 419
892 363
655 512
984 442
104 788
960 522
161 264
582 414
278 750
499 927
47 721
742 60
982 582
370 788
451 800
218 200
914 415
926 461
254 920
59 909
782 358
973 371
784 294
43 906
184 61
134 894
953 231
812 875
14 286
86 533
85 816
230 655
468 350
270 155
63 73
782 680
50 196
490 754
659 834
246 884
777 843
425 731
957 730
15 588
121 970
137 452
459 557
906 366
520 278
350 527
207 934
130 132
237 256
441 971
854 248
90 39
769 631
712 866
453 78
47 726
530 925
481 536
901 988
265 739
265 421
706 966
97 823
79 835
805 686
933 871
261 11
641 22
239 382
459 352
429 691
616 857
392 310
649 448
186 293
65 265
231 451
625 770
957 679
364 55
926 113
123 296
669 538
919 115
466 907
950 377
234 247
908 565
12 625
269 557
173 550
1000 333
103 403
434 976
31 59
171 797
445 956
845 294
408 465
372 764
140 226
824 673
237 725
350 731
639 600
149 618
303 812
566 500
476 405
463 999
148 506
813 633
278 944
408 657
772 38
263 131
803 912
988 438
168 391
991 689
659 159
322 491
991 961
365 887
238 818
675 827
811 737
680 839
495 441
478 87
218 267
530 740
529 372
763 517
558 48
206 753
595 216
176 527
766 937
754 540
718 3
739 780
618 880
320 770
856 465
83 797
888 425
797 964
832 416
464 911
15 389
604 21
900 609
546 779
670 17
19 651
431 387
267 109
230 400
864 938
735 85
862 946
261 974
742 10
920 93
481 557
577 934
542 85
215 828
844 439
90 885
623 214
674 872
271 241
179 903
340 487
432 913
238 201
210 693
137 979
535 481
414 617
53 464
643 307
746 268
504 487
700 835
58 126
367 726
628 328
814 897
161 967
519 598
642 398
729 728
560 778
746 263
78 973
280 799
418 721
559 377
211 273
750 610
335 620
947 468
364 315
281 113
62 524
922 152
231 55
832 2
616 791
763 929
79 694
766 394
770 496
768 324
933 332
951 870
337 620
934 250
714 701
224 566
717 775
829 497
498 948
738 12
292 114
159 852
246 371
866 276
599 15
699 986
855 883
854 649
250 191
243 787
705 963
89 819
315 421
720 269
632 165
630 809
661 924
294 140
415 906
272 511
496 13
247 970
971 702
245 101
239 220
535 839
657 943
716 623
892 972
488 435
244 523
446 469
608 256
161 739
602 22
386 784
106 97
151 632
84 76
647 747
585 323
617 181
804 242
565 684
119 47
569 52
872 714
969 367
457 479
500 481
616 58
507 237
868 721
796 657
755 304
978 795
975 339
932 946
630 130
176 496
899 100
813 745
463 770
248 133
965 919
329 99
335 580
301 835
843 555
858 448
242 597
287 187
132 569
698 219
714 761
212 874
970 965
734 376
508 432
702 334
432 824
756 30
864 119
673 56
855 706
654 882
420 97
665 941
159 551
664 714
587 224
188 875
251 556
339 274
607 110
286 41
70 390
860 41
96 286
343 532
765 302
750 997
937 184
87 766
480 447
670 750
976 66
974 210
483 578
40 312
352 441
182 325
365 774
411 42
925 812
465 753
749 690
225 215
980 37
483 311
412 811
877 505
714 388
317 202
513 548
988 356
32 217
342 169
562 396
559 752
504 487
176 24
238 253
641 400
63 569
380 124
628 474
213 608
809 693
240 530
237 321
889 227
747 269
16 230
981 309
147 575
598 485
89 322
73 187
107 729
852 487
961 486
93 831
875 525
54 253
574 114
692 643
911 462
44 439
99 926
852 24
508 245
918 801
987 596
677 342
829 94
931 880
63 789
313 376
628 937
51 719
713 553
15 742
532 623
900 58
433 982
226 752
904 941
888 495
837 891
336 916
796 17
157 266
993 858
794 469
539 621
173 196
938 251
225 539
948 821
803 477
228 381
673 380
227 131
373 912
828 415
431 60
678 975
832 587
407 670
290 977
173 946
548 463
353 462
634 125
601 301
33 788
168 828
310 705
616 746
160 35
94 795
769 590
528 123
793 952
929 934
231 434
896 453
266 779
903 601
901 251
39 503
682 933
989 558
303 343
729 956
751 814
403 175
297 871
823 930
215 89
523 103
555 446
224 770
370 172
422 478
332 622
906 812
369 13
707 894
850 23
836 436
610 952
822 590
519 906
347 644
746 734
179 869
990 652
175 754
583 712
333 949
760 914
278 591
836 481
503 984
771 685
988 339
928 380
638 810
805 799
884 336
556 903
906 414
167 545
608 433
381 101
14 941
883 492
972 291
626 718
755 475
165 397
128 742
903 92
242 117
452 708
962 125
538 7
904 867
299 56
156 511
803 31
523 521
811 685
403 846
320 789
537 509
250 836
280 16
133 505
564 521
998 936
943 525
743 535
943 198
708 394
776 450
971 511
547 298
496 781
921 301
809 167
3 457
825 411
915 282
154 957
244 830
354 151
38 538
735 448
193 980
429 443
305 969
618 751
884 851
504 113
280 804
613 312
74 634
267 437
745 988
169 420
923 988
526 522
322 960
291 260
54 514
482 71
822 710
913 452
564 705
508 416
727 195
828 472
908 801
140 94
866 652
640 309
182 788
747 517
128 855
369 389
459 182
243 202
653 632
336 155
570 569
115 196
667 649
801 943
388 927
578 940
600 253
40 569
85 134
988 138
526 213
746 708
262 337
968 340
495 266
834 304
851 64
64 949
243 869
795 864
156 982
235 373
293 107
240 626
116 378
942 580
287 641
329 39
730 900
166 297
952 224
640 999
299 154
22 703
567 893
875 817
541 74
180 461
438 833
562 420
351 553
546 503
893 637
537 874
522 623
198 54
404 473
978 837
892 703
947 1000
816 810
883 173
633 356
188 62
833 71
623 750
604 183
172 520
394 849
823 60
113 915
740 20
209 516
570 717
68 100
261 517
41 883
590 143
556 674
96 130
879 389
923 70
590 834
34 94
153 335
249 856
228 617
133 340
409 788
887 702
570 476
711 499
641 963
636 300
429 196
936 83
152 659
845 859
304 93
427 878
86 809
425 28
367 665
452 557
611 775
603 690
188 532
494 313
964 828
375 481
563 393
403 663
873 67
159 247
477 176
984 938
965 914
578 409
317 331
458 29
718 279
811 412
724 905
84 656
489 687
431 810
472 403
469 834
432 344
520 980
917 908
173 855
263 233
563 750
130 932
210 372
783 847
103 372
28 858
897 538
348 868
270 327
512 171
515 91
422 296
555 386
592 338
922 728
477 855
786 484
208 959
805 995
719 342
200 260
149 746
613 448
126 496
19 234
324 638
285 885
270 745
434 839
566 861
67 355
191 395
353 204
551 398
91 509
120 269
366 290
89 269
116 330
563 215
204 134
18 239
983 488
678 639
852 769
123 244
990 918
474 313
62 342
202 24
644 153
794 322
942 9
690 235
449 57
191 252
490 4
491 208
199 825
593 168
763 50
319 715
380 104
797 792
167 793
297 999
672 810
170 91
325 613
669 859
463 125
128 211
771 952
128 970
489 969
18 720
787 604
707 688
480 518
310 504
854 998
808 607
49 525
489 329
188 725
201 509
720 650
953 328
649 842
810 81
152 137
92 179
866 290
807 799
654 697
695 469
427 507
383 854
182 475
551 871
731 721
370 751
430 450
291 675
107 78
566 452
982 610
900 658
808 200
896 58
526 461
319 942
147 952
778 53
923 681
401 680
430 5
455 123
797 859
288 97
901 255
864 854
863 882
81 115
173 670
482 329
622 50
354 800
204 769
449 483
163 126
482 201
323 592
803 936
385 471
725 90
295 637
518 941
55 157
178 951
279 579
629 659
810 252
20 334
816 13
490 820
21 978
922 972
259 695
518 76
517 995
631 594
534 812
320 501
451 941
519 498
508 81
332 499
832 318
682 704
875 648
977 172
495 247
942 250
325 753
100 459
52 842
5 730
230 938
878 324
821 32
112 396
247 681
998 796
499 78
77 31
554 373
620 54
655 48
153 913
723 980
173 252
333 126
63 529
852 915
946 292
40 25
705 58
205 286
363 54
84 55
427 792
197 638
685 398
662 851
182 189
792 384
862 706
234 125
39 276
568 86
462 336
393 607
892 166
219 949
3 606
397 654
291 782
179 593
796 328
516 193
928 977
683 660
784 789
65 916
353 174
509 984
590 814
979 254
202 833
438 549
203 557
338 187
779 845
172 868
60 574
903 40
699 988
128 585
852 834
359 544
527 205
18 219
472 116
948 349
249 26
934 738
924 451
296 271
138 54
980 819
210 550
889 882
466 908
93 16
560 669
873 803
22 86
554 243
591 845
870 853
942 839
642 803
425 865
271 289
459 915
464 250
131 669
928 352
367 948
616 21
175 278
716 489
83 196
41 621
473 673
863 262
417 767
631 504
144 841
755 253
502 603
271 570
921 984
931 198
570 640
269 899
739 745
940 984
956 821
493 332
594 781
547 707
563 362
554 529
782 706
660 661
230 283
267 930
480 151
142 549
447 49
145 410
746 537
357 437
768 701
481 201
908 713
426 27
556 470
527 980
640 337
971 187
116 221
371 589
490 947
996 864
274 288
825 492
928 19
719 181
382 48
760 552
578 289
110 538
517 485
173 988
174 508
728 144
84 642
588 451
314 573
861 935
427 587
957 685
217 706
753 28
579 598
238 865
402 508
345 699
687 918
777 517
12 860
853 504
954 96
20 441
727 620
558 232
268 153
859 515
894 485
434 963
827 824
331 672
722 228
497 675
544 408
620 273
777 555
2 472
264 82
701 22
605 991
495 259
125 225
709 353
316 370
193 494
517 494
722 523
550 239
998 570
843 93
647 617
441 971
404 1
374 704
694 457
67 978
202 541
893 191
560 262
756 560
406 752
626 272
862 127
48 527
619 860
476 890
212 618
618 268
972 616
72 991
320 17
557 138
680 874
135 802
713 591
694 242
514 118
596 671
198 375
586 644
885 168
785 62
329 97
64 754
96 652
21 135
624 416
641 577
730 655
245 775
17 443
560 938
608 882
608 508
151 157
325 194
607 35
483 461
215 287
939 546
32 662
429 311
887 655
661 69
196 969
411 905
194 564
445 322
829 154
310 404
949 331
366 986
447 555
194 848
394 13
26 132
442 777
784 455
523 680
1000 444
701 718
281 410
84 894
399 77
833 264
595 61
46 781
688 312
159 844
208 881
364 904
33 234
688 157
188 816
259 562
280 188
949 959
205 912
989 32
648 603
663 173
953 242
553 61
256 640
872 63
319 464
697 235
391 351
518 736
297 579
118 776
87 576
488 66
98 291
893 828
1000 745
338 908
320 304
296 242
656 575
38 167
754 326
28 86
821 496
74 545
673 118
693 543
609 759
49 532
711 706
802 293
552 62
718 491
732 871
446 13
531 739
65 483
569 284
780 444
989 741
858 205
748 661
771 903
786 356
413 819
463 497
910 566
408 15
885 627
991 491
229 682
165 522
157 645
89 85
825 288
845 429
441 35
937 592
299 211
381 722
570 63
980 843
857 832
810 387
877 94
775 801
674 457
102 291
727 182
470 542
322 904
938 314
257 762
972 226
947 907
969 352
194 869
700 300
686 403
848 509
661 914
370 622
913 686
868 823
716 991
894 689
2 37
150 183
408 610
516 121
824 355
575 836
135 370
124 274
134 172
85 971
592 795
480 806
981 856
847 347
35 48
437 92
275 388
997 586
707 682
388 512
347 882
251 962
587 833
4 374
344 721
515 88
246 288
495 346
693 226
625 341
785 79
819 61
647 59
92 815
679 705
586 480
793 377
562 189
914 380
100 565
5 258
897 614
959 250
827 391
84 3
434 451
512 868
278 252
418 510
214 369
848 448
177 151
339 993
372 738
302 253
862 471
436 306
907 110
500 394
749 733
184 935
802 534
785 47
556 79
800 554
354 769
271 999
991 530
267 610
214 362
832 920
578 427
888 267
13 484
217 387
674 113
646 752
798 475
906 782
335 353
473 705
703 688
569 743
704 46
407 187
107 269
695 591
857 684
167 582
321 221
333 383
134 994
820 330
111 283
987 725
781 446
485 459
554 836
881 406
592 257
526 639
229 698
381 572
506 438
658 900
634 178
523 343
672 120
402 342
419 783
580 389
199 551
386 416
821 752
9 618
257 413
462 886
809 837
274 195
94 666
843 284
626 79
198 365
59 649
783 600
340 829
379 362
130 538
290 117
734 302
66 650
887 342
531 528
722 695
361 804
439 167
597 555
272 416
65 795
746 330
158 847
561 85
974 888
4 42
343 615
264 90
783 409
288 502
549 313
117 361
879 261
815 907
323 475
269 86
767 387
585 14
450 924
812 497
890 776
390 167
256 233
993 6
507 39
703 280
992 407
667 171
78 870
344 482
919 400
138 965
330 686
961 74
923 132
907 124
291 812
396 296
653 898
288 388
19 160
566 991
161 10
231 585
66 590
989 575
891 336
21 478
552 220
351 334
809 826
637 257
905 451
349 33
772 557
716 988
330 143
504 634
218 843
432 735
661 635
322 421
250 551
770 695
28 153
978 473
729 836
287 615
999 985
542 987
326 122
264 609
594 656
498 768
854 163
797 929
701 514
416 471
165 951
103 537
9 192
379 433
399 90
74 17
355 749
870 615
224 681
336 486
253 817
980 833
113 458
971 128
598 814
116 386
274 114
657 570
2 283
372 36
404 400
148 797
412 759
791 370
855 987
155 478
662 459
916 486
966 774
939 886
623 915
29 54
624 248
530 685
72 977
729 253
50 828
938 228
597 813
151 728
205 803
261 657
143 866
991 176
413 460
374 930
335 387
635 754
791 310
287 164
769 214
41 367
594 170
334 978
57 543
345 836
492 613
830 606
133 986
445 821
102 546
284 171
276 436
746 918
434 418
632 384
750 554
723 24
354 695
237 56
891 410
375 934
539 734
720 204
376 23
568 516
686 477
913 852
121 314
731 10
745 554
107 362
386 494
540 181
588 739
500 777
710 830
564 874
430 600
622 283
150 805
282 542
745 836
501 546
907 865
771 231
945 651
496 877
410 682
772 35
811 997
827 623
497 872
471 390
24 278
82 445
986 173
360 363
260 730
946 860
443 166
816 716
945 739
420 311
346 354
702 543
165 508
732 528
269 13
290 554
998 644
817 372
86 335
416 528
740 346
863 362
429 182
272 31
341 725
78 43
585 38
898 132
11 749
114 981
534 280
923 403
126 884
218 91
619 212
909 986
347 710
891 123
153 127
852 514
556 846
883 281
412 140
240 132
112 423
54 353
108 646
881 328
771 233
796 98
83 389
450 704
827 781
260 692
205 331
176 111
743 760
251 411
542 155
929 842
195 6
3 334
661 654
886 883
332 431
171 682
737 415
547 620
311 915
246 806
268 867
626 421
831 11
517 228
70 725
82 797
130 616
269 84
966 142
573 506
187 649
63 95
67 276
542 962
767 729
596 139
560 387
397 573
801 742
818 913
709 870
485 899
334 190
331 105
610 651
300 255
350 149
424 714
675 768
496 317
456 794
180 443
16 367
108 576
840 816
37 278
528 900
89 873
977 862
512 419
674 938
86 811
525 375
142 861
178 551
344 989
784 633
999 523
450 799
966 458
87 289
188 354
226 615
476 276
695 554
491 339
150 720
94 929
789 26
576 587
927 318
950 272
794 710
508 300
110 244
532 825
178 196
162 72
347 755
660 989
328 393
112 503
431 829
206 557
143 219
537 133
404 70
779 838
490 198
793 639
815 599
146 676
747 993
99 660
648 446
190 759
261 975
155 302
210 691
261 360
493 353
774 149
339 896
445 552
542 828
778 237
913 357
701 275
934 11
456 799
909 582
908 646
299 521
563 63
774 508
212 824
324 266
514 985
889 662
489 958
547 782
138 618
893 811
821 190
341 826
759 629
626 249
770 667
81 276
135 332
507 854
472 347
683 183
844 985
294 571
705 685
302 840
2 194
384 546
372 823
803 724
324 130
148 428
703 445
777 580
434 837
535 635
817 257
241 218
140 13
697 886
78 196
390 350
896 79
253 773
848 619
100 55
482 171
616 600
179 536
725 744
730 964
220 611
828 899
911 460
698 320
515 959
660 775
205 256
28 555
525 458
512 227
750 625
576 346
233 365
460 754
718 957
568 541
439 937
749 747
418 701
659 446
572 285
540 319
225 776
585 920
146 750
726 449
794 895
611 301
406 26
335 422
963 123
412 254
1000 401
454 160
957 770
54 112
782 528
655 593
864 7
108 592
40 10
904 185
837 833
210 515
288 242
717 896
149 250
3 128
639 501
270 456
919 595
474 675
619 701
59 480
71 483
492 518
54 462
646 747
613 890
483 856
751 901
502 551
678 252
752 504
959 668
262 373
47 230
930 735
567 665
499 340
857 637
99 342
89 910
151 744
951 53
305 985
536 54
305 807
310 565
233 408
780 621
850 846
933 178
194 131
470 499
487 693
34 678
939 937
33 474
879 441
425 983
388 183
341 312
229 44
451 651
623 813
658 582
759 824
954 590
88 953
997 775
452 927
863 382
856 742
182 895
230 86
620 958
270 617
661 961
963 498
662 463
45 937
760 319
261 803
755 65
839 348
626 751
133 642
383 489
383 340
777 916
873 964
581 396
708 142
991 593
55 670
606 652
323 99
254 717
781 583
282 360
463 619
612 908
396 947
286 346
261 130
94 414
161 134
275 674
618 869
890 618
621 672
123 496
212 943
877 728
87 345
963 159
66 549
495 927
272 813
942 132
545 533
666 35
60 58
926 292
909 677
701 815
662 882
176 175
254 874
570 53
211 340
241 532
810 276
88 87
219 82
614 381
416 115
524 631
922 827
856 449
264 183
64 908
434 277
502 239
643 687
378 71
603 853
480 618
705 764
845 919
300 275
741 458
88 67
245 265
65 362
544 100
359 328
957 959
549 792
478 458
529 192
44 856
825 483
246 876
794 881
155 91
900 445
511 248
864 340
701 108
207 928
608 244
554 918
709 564
21 102
293 539
394 549
31 689
564 570
451 277
719 709
154 957
204 618
957 16
123 67
347 657
252 682
599 954
517 805
259 307
845 889
438 551
591 590
160 820
448 154
863 962
918 166
784 368
383 122
540 740
749 506
187 238
191 352
157 785
443 59
300 415
317 640
229 737
908 260
413 740
701 356
521 627
346 619
92 304
396 729
586 983
221 496
847 124
260 763
174 3
769 702
341 473
561 438
697 922
661 468
823 461
440 714
332 696
999 785
865 775
757 746
241 450
573 329
444 88
442 832
886 617
441 563
1000 578
499 1
820 48
860 512
225 995
690 299
436 908
34 40
786 300
750 142
471 378
465 674
858 266
234 259
821 743
672 674
674 172
571 523
386 845
839 430
729 962
869 528
568 164
463 254
395 705
82 564
590 217
482 899
509 447
541 715
388 329
852 212
86 413
258 422
851 471
432 96
976 579
94 652
905 543
599 909
824 300
516 32
930 413
859 350
64 790
118 399
963 804
216 321
742 48
871 825
921 593
523 302
954 896
790 969
877 210
509 388
771 700
113 377
726 53
842 323
74 141
944 960
632 36
435 160
984 374
318 305
959 256
503 840
808 264
473 644
383 36
88 334
710 154
206 552
874 787
927 47
358 947
982 871
382 990
363 769
425 717
973 680
871 383
646 827
471 31
66 119
804 853
358 505
56 513
651 563
610 930
876 577
799 319
308 210
330 180
897 22
53 754
137 221
47 924
954 782
252 869
74 371
876 55
919 431
994 931
212 569
498 955
273 88
649 296
828 933
954 978
731 724
944 359
282 219
353 342
211 587
957 956
11 284
66 184
115 281
202 59
365 326
765 51
346 990
922 765
742 173
248 227
585 825
395 543
885 218
804 747
703 447
82 113
296 65
697 147
558 410
88 898
948 922
911 204
969 646
170 184
763 710
886 418
960 699
917 281
379 844
642 720
184 81
497 723
222 480
241 194
443 779
52 328
532 391
388 963
498 500
561 557
974 260
959 799
79 934
129 227
298 457
890 123
197 482
961 386
931 418
548 201
881 374
764 600
914 412
263 503
59 411
23 823
621 33
318 333
559 51
860 446
920 208
689 101
838 117
534 1
554 769
142 82
681 434
197 257
759 946
356 459
633 817
849 730
62 606
656 518
964 972
180 867
967 883
351 220
221 157
925 885
318 774
207 66
322 350
295 755
213 80
248 2
732 845
450 97
614 793
765 458
676 929
164 296
515 995
151 514
750 735
860 75
492 67
768 418
172 813
244 62
64 736
581 491
939 795
939 382
191 905
185 55
350 867
213 700
214 217
303 363
789 315
734 515
932 280
92 501
915 456
191 687
529 978
124 771
505 468
724 414
469 695
913 908
608 170
738 125
487 173
487 41
555 627
906 572
73 838
293 349
35 987
316 484
606 564
383 791
204 110
157 106
365 672
194 69
546 972
144 931
323 384
11 983
554 877
715 916
617 978
964 7
842 651
566 631
421 448
909 300
757 625
648 65
486 122
93 841
124 31
766 589
571 446
675 776
44 476
454 389
747 660
662 769
400 589
388 580
879 172
796 296
713 988
109 796
988 198
580 553
141 111
557 345
473 63
891 231
971 516
175 344
464 69
657 188
767 215
387 396
44 998
985 534
329 756
305 445
997 317
427 884
580 490
552 335
917 52
919 442
137 239
308 445
633 601
815 316
712 751
100 553
87 755
862 84
528 415
83 166
401 877
366 862
196 980
384 917
711 465
703 302
747 847
799 10
678 731
833 966
518 389
495 933
16 604
371 356
521 896
124 453
314 921
252 489
757 862
326 635
289 819
666 28
390 387
469 816
781 67
807 301
233 299
902 301
8 601
848 624
77 880
152 971
811 742
603 403
390 567
386 928
308 678
64 403
570 49
467 532
832 351
1 273
925 417
17 254
878 284
163 864
186 306
47 314
716 996
914 650
929 105
134 651
405 236
636 549
80 975
677 102
374 264
680 677
930 650
933 48
911 807
112 95
760 448
443 159
160 476
932 356
7 88
676 418
966 411
737 311
413 398
661 413
89 138
788 692
739 371
177 720
167 1
448 641
151 926
753 242
949 662
749 37
454 955
718 424
87 771
168 454
219 499
988 180
871 307
677 775
847 961
313 206
198 365
642 112
705 700
361 747
783 654
960 461
885 588
358 677
483 323
173 878
57 53
359 160
287 280
592 388
945 485
849 905
368 142
841 490
236 73
726 553
13 370
309 685
714 249
571 19
896 548
600 743
255 952
583 310
697 541
25 175
431 993
134 225
714 798
222 326
878 302
23 299
336 891
491 332
350 49
948 62
156 597
548 547
208 410
950 483
657 257
249 326
550 87
236 383
60 616
917 458
756 290
532 291
622 91
491 22
83 323
919 438
336 239
1000 819
653 544
800 302
627 309
747 400
134 177
144 982
791 194
483 412
702 547
989 14
35 676
350 832
621 470
60 621
439 957
852 59
360 443
751 3
402 339
867 497
830 536
81 10
421 621
519 915
928 122
149 507
690 314
135 499
119 311
267 194
605 909
351 470
824 316
654 101
949 225
112 872
881 778
398 544
458 301
775 916
775 737
51 923
421 464
774 537
83 539
447 392
861 687
354 797
249 684
261 8
879 197
975 724
268 112
764 372
640 77
814 538
813 414
877 216
752 233
124 3
394 834
872 570
719 607
642 226
585 967
164 254
978 815
926 490
861 597
25 690
579 852
265 838
405 391
976 494
496 157
342 99
20 241
847 566
791 738
57 841
94 727
541 572
61 423
371 819
860 273
125 396
585 438
181 741
234 990
498 156
606 81
322 191
756 977
715 520
360 898
624 123
694 454
228 165
335 106
730 599
994 194
983 854
947 930
919 515
22 532
613 768
959 627
604 934
805 714
964 670
144 165
970 587
103 189
294 197
795 437
982 23
229 140
70 317
831 175
706 340
108 853
831 670
955 66
131 786
807 760
924 94
33 950
138 893
89 135
924 783
158 236
375 257
573 386
912 444
784 756
608 969
639 243
308 790
928 593
704 790
236 86
36 627
871 268
754 525
660 312
547 29
286 817
554 921
717 858
613 465
785 852
94 572
714 775
368 753
894 641
726 71
50 129
748 113
990 920
583 502
530 649
817 129
402 167
25 370
186 470
673 989
913 322
97 118
222 626
618 464
886 115
596 695
160 287
559 343
196 149
149 141
270 78
244 965
686 23
492 268
609 223
544 516
633 521
498 640
455 854
320 115
161 341
979 915
258 320
468 537
678 805
882 968
284 299
321 126
745 321
543 164
679 353
225 87
78 663
516 722
188 533
225 187
102 349
20 203
740 711
515 488
807 769
67 397
522 443
763 739
902 266
971 306
744 932
594 195
269 173
705 461
647 456
156 281
836 100
810 176
15 575
695 325
721 821
263 761
499 594
859 378
683 752
683 181
376 778
950 628
440 996
451 7
287 438
538 959
134 122
48 699
23 148
320 742
854 95
688 935
312 352
455 899
79 346
475 489
116 806
801 776
782 907
345 604
562 421
894 234
932 47
546 294
35 307
401 865
151 241
944 441
691 814
511 399
887 121
927 337
113 355
261 79
34 246
666 957
190 595
993 560
853 474
780 538
755 239
479 532
972 257
71 775
173 662
783 933
270 59
765 61
491 734
979 26
982 525
471 645
556 524
997 464
353 760
998 776
307 107
364 829
603 631
644 786
718 127
537 778
190 339
72 302
679 681
557 403
47 660
535 379
194 954
713 531
658 547
653 62
242 317
947 16
801 196
322 590
720 871
209 859
512 909
589 633
35 190
201 497
876 433
386 736
618 421
967 450
863 628
944 620
987 105
300 242
183 140
10 974
832 902
811 570
202 695
884 751
600 588
20 436
523 827
247 757
558 141
768 214
185 421
525 711
304 523
662 176
149 486
388 23
593 332
26 550
300 146
734 261
49 899
725 105
862 571
711 324
889 771
191 830
892 73
595 67
595 195
33 609
631 743
427 420
969 223
721 804
417 620
871 454
910 465
35 947
270 771
894 98
279 158
582 84
503 171
717 529
137 97
839 749
520 119
342 617
421 840
460 414
867 837
301 682
628 128
899 687
136 250
407 144
227 415
937 341
869 81
177 653
754 5
123 368
984 273
113 816
581 404
592 924
605 799
927 244
931 232
833 177
320 418
832 240
932 546
979 120
773 800
156 155
522 878
150 630
798 858
613 614
537 378
177 205
448 141
725 103
279 730
148 557
148 598
495 331
451 79
878 473
980 575
452 385
15 853
710 601
215 812
541 323
527 103
244 717
171 326
56 320
876 801
750 555
885 376
454 597
421 335
909 684
68 400
253 712
313 434
597 962
636 879
981 138
206 514
840 576
895 377
529 247
801 123
498 279
875 37
372 303
986 295
47 632
344 406
839 299
612 8
238 788
925 600
113 570
498 482
210 304
550 744
866 739
17 702
739 715
18 243
889 110
93 355
112 935
585 788
147 303
90 549
148 384
306 366
847 260
916 803
546 57
795 465
167 764
830 163
757 905
366 199
554 645
932 458
598 17
319 516
416 744
480 408
125 563
175 137
939 972
28 442
906 836
951 822
336 424
328 781
979 92
88 45
503 532
901 19
887 452
195 219
979 302
217 26
162 103
426 743
184 452
640 453
626 441
865 590
370 961
404 192
237 349
232 492
510 91
894 132
703 748
50 440
466 681
135 618
712 979
431 561
365 895
687 70
659 991
303 551
95 381
729 707
550 683
773 960
444 411
159 18
457 146
178 560
177 922
253 312
224 888
134 35
456 589
931 172
723 466
846 233
291 817
499 574
886 840
251 623
640 329
474 761
320 96
370 651
314 848
87 974
8 538
478 572
743 463
928 408
992 465
281 774
699 283
474 131
105 584
912 76
836 744
192 737
739 155
2 913
886 53
942 88
659 245
59 771
178 402
218 986
111 169
803 851
981 810
745 277
352 438
533 9
745 188
694 724
988 836
888 48
487 225
469 181
951 146
899 527
865 480
1000 468
318 975
136 803
79 651
88 881
889 782
969 620
696 985
820 15
62 683
260 707
239 548
45 80
959 541
372 295
763 823
149 372
526 80
82 285
165 956
737 521
141 405
389 706
72 188
222 209
267 133
680 481
561 506
398 725
19 519
693 770
493 781
213 841
125 18
973 646
167 641
45 61
118 659
846 434
994 189
321 67
900 260
117 1
77 812
682 867
636 447
580 374
214 480
849 792
437 691
683 173
233 955
613 80
865 351
539 458
877 858
117 860
212 776
587 586
452 640
86 268
993 439
918 665
808 558
600 118
290 245
551 283
362 874
224 164
621 226
435 115
326 849
624 903
488 889
528 562
181 939
377 613
278 525
83 646
115 437
33 682
316 404
630 584
747 29
606 205
319 719
568 40
943 996
884 543
457 782
721 411
376 989
514 449
447 5
441 948
629 561
317 474
57 297
325 946
150 155
225 931
970 821
816 144
687 264
46 52
814 495
483 118
918 189
545 348
295 716
277 986
811 276
572 945
242 219
725 248
178 743
915 949
93 500
763 731
134 131
625 160
277 947
488 459
159 547
262 32
369 453
80 890
186 531
749 3
251 427
522 473
774 428
927 436
518 866
996 42
201 651
950 972
430 830
728 437
468 588
393 989
231 837
367 824
827 416
195 468
292 77
504 716
503 65
282 783
824 21
23 277
248 376
557 972
408 30
969 284
273 228
416 713
537 855
270 134
601 363
439 464
531 245
309 294
428 34
406 591
219 603
979 780
752 819
200 887
171 511
90 168
233 795
649 505
639 121
483 918
734 239
835 273
918 264
649 144
