2000 6000
2 1
3 2
4 1
5 1
6 2
7 2
8 4
9 6
10 6
11 3
12 7
13 4
14 2
15 1
16 7
17 9
18 12
19 8
20 19
21 6
22 18
23 11
24 8
25 23
26 16
27 8
28 14
29 9
30 19
31 20
32 9
33 19
34 19
35 23
36 9
37 5
38 34
39 18
40 21
41 10
42 24
43 30
44 7
45 41
46 11
47 46
48 9
49 25
50 28
51 31
52 31
53 42
54 53
55 6
56 2
57 3
58 53
59 53
60 29
61 44
62 22
63 9
64 46
65 20
66 32
67 7
68 55
69 48
70 37
71 41
72 35
73 13
74 43
75 15
76 23
77 17
78 19
79 9
80 57
81 77
82 37
83 59
84 38
85 55
86 79
87 61
88 70
89 31
90 54
91 69
92 38
93 24
94 62
95 7
96 68
97 85
98 63
99 5
100 20
101 69
102 56
103 13
104 95
105 27
106 77
107 64
108 83
109 55
110 64
111 36
112 15
113 32
114 73
115 11
116 49
117 4
118 84
119 56
120 65
121 96
122 83
123 28
124 4
125 54
126 1
127 42
128 49
129 97
130 25
131 104
132 1
133 28
134 110
135 15
136 3
137 9
138 79
139 11
140 5
141 18
142 6
143 53
144 107
145 18
146 140
147 127
148 90
149 6
150 61
151 63
152 24
153 128
154 120
155 77
156 18
157 74
158 115
159 41
160 130
161 153
162 5
163 156
164 63
165 74
166 81
167 35
168 88
169 12
170 58
171 64
172 57
173 70
174 77
175 73
176 124
177 5
178 80
179 20
180 179
181 129
182 144
183 30
184 18
185 155
186 49
187 94
188 37
189 68
190 58
191 121
192 173
193 24
194 187
195 121
196 5
197 148
198 42
199 62
200 13
201 57
202 28
203 32
204 193
205 20
206 10
207 202
208 29
209 95
210 159
211 59
212 103
213 128
214 6
215 141
216 199
217 78
218 85
219 214
220 187
221 40
222 17
223 79
224 74
225 136
226 147
227 117
228 98
229 62
230 95
231 222
232 140
233 224
234 212
235 45
236 84
237 47
238 95
239 125
240 222
241 105
242 12
243 145
244 101
245 105
246 14
247 89
248 103
249 157
250 119
251 84
252 117
253 114
254 142
255 54
256 195
257 177
258 178
259 82
260 102
261 147
262 159
263 42
264 150
265 150
266 19
267 185
268 221
269 252
270 94
271 206
272 113
273 229
274 176
275 111
276 239
277 119
278 36
279 202
280 129
281 42
282 9
283 249
284 40
285 73
286 29
287 35
288 271
289 152
290 185
291 101
292 225
293 153
294 233
295 80
296 163
297 263
298 175
299 101
300 66
301 94
302 104
303 299
304 111
305 37
306 221
307 193
308 57
309 293
310 59
311 243
312 141
313 272
314 59
315 57
316 153
317 37
318 202
319 243
320 163
321 129
322 110
323 271
324 322
325 232
326 284
327 110
328 41
329 206
330 300
331 122
332 100
333 81
334 176
335 185
336 276
337 336
338 74
339 92
340 110
341 60
342 157
343 258
344 259
345 199
346 72
347 292
348 314
349 155
350 173
351 91
352 326
353 84
354 273
355 165
356 310
357 291
358 322
359 113
360 24
361 225
362 194
363 134
364 65
365 174
366 174
367 43
368 16
369 86
370 299
371 89
372 136
373 226
374 164
375 311
376 109
377 171
378 168
379 19
380 213
381 242
382 32
383 249
384 173
385 130
386 378
387 100
388 353
389 384
390 108
391 105
392 386
393 331
394 27
395 160
396 173
397 278
398 39
399 187
400 110
401 69
402 78
403 337
404 70
405 46
406 230
407 90
408 304
409 77
410 201
411 89
412 266
413 188
414 28
415 110
416 350
417 160
418 382
419 100
420 85
421 292
422 196
423 267
424 235
425 34
426 366
427 386
428 368
429 226
430 278
431 388
432 286
433 126
434 306
435 312
436 208
437 21
438 421
439 79
440 78
441 72
442 361
443 308
444 263
445 125
446 10
447 146
448 408
449 340
450 127
451 333
452 417
453 153
454 331
455 19
456 332
457 262
458 82
459 276
460 255
461 416
462 11
463 345
464 361
465 45
466 418
467 284
468 239
469 24
470 214
471 347
472 355
473 432
474 397
475 150
476 311
477 428
478 435
479 436
480 454
481 355
482 191
483 184
484 281
485 382
486 372
487 248
488 471
489 36
490 187
491 307
492 304
493 148
494 113
495 273
496 317
497 243
498 482
499 18
500 35
501 2
502 329
503 217
504 414
505 369
506 68
507 329
508 139
509 146
510 345
511 253
512 111
513 38
514 421
515 75
516 328
517 178
518 234
519 205
520 434
521 1
522 178
523 310
524 131
525 15
526 49
527 250
528 253
529 200
530 37
531 185
532 366
533 315
534 485
535 201
536 231
537 328
538 89
539 46
540 109
541 458
542 140
543 340
544 439
545 414
546 228
547 242
548 348
549 240
550 121
551 277
552 409
553 168
554 466
555 30
556 80
557 298
558 236
559 497
560 300
561 275
562 297
563 115
564 194
565 511
566 437
567 36
568 226
569 115
570 221
571 260
572 260
573 153
574 17
575 300
576 148
577 551
578 9
579 2
580 337
581 219
582 210
583 286
584 314
585 404
586 505
587 219
588 439
589 376
590 512
591 446
592 1
593 496
594 454
595 197
596 470
597 192
598 137
599 80
600 528
601 13
602 264
603 35
604 487
605 434
606 119
607 418
608 217
609 429
610 307
611 128
612 454
613 182
614 543
615 510
616 539
617 484
618 283
619 593
620 347
621 208
622 116
623 217
624 123
625 14
626 11
627 33
628 236
629 576
630 453
631 576
632 139
633 216
634 226
635 616
636 584
637 284
638 513
639 324
640 528
641 301
642 352
643 161
644 246
645 570
646 138
647 460
648 517
649 69
650 107
651 121
652 410
653 645
654 58
655 7
656 221
657 125
658 132
659 457
660 211
661 574
662 540
663 10
664 260
665 542
666 37
667 633
668 342
669 536
670 198
671 127
672 311
673 570
674 517
675 371
676 576
677 27
678 418
679 401
680 487
681 499
682 484
683 221
684 174
685 152
686 571
687 185
688 629
689 356
690 189
691 491
692 603
693 376
694 494
695 341
696 478
697 351
698 468
699 618
700 649
701 52
702 325
703 347
704 377
705 288
706 136
707 186
708 61
709 114
710 669
711 229
712 273
713 667
714 500
715 342
716 77
717 256
718 200
719 527
720 145
721 266
722 153
723 721
724 527
725 686
726 239
727 517
728 371
729 655
730 612
731 621
732 712
733 667
734 498
735 104
736 238
737 689
738 350
739 730
740 20
741 607
742 488
743 457
744 268
745 459
746 249
747 243
748 153
749 464
750 420
751 223
752 603
753 147
754 209
755 193
756 723
757 51
758 536
759 83
760 209
761 555
762 468
763 742
764 495
765 319
766 295
767 140
768 100
769 476
770 197
771 618
772 512
773 639
774 388
775 121
776 538
777 693
778 618
779 592
780 200
781 446
782 411
783 663
784 350
785 103
786 540
787 680
788 519
789 75
790 401
791 558
792 425
793 746
794 471
795 636
796 455
797 231
798 323
799 132
800 680
801 520
802 496
803 316
804 246
805 504
806 312
807 520
808 715
809 78
810 314
811 177
812 133
813 121
814 633
815 221
816 552
817 270
818 791
819 495
820 24
821 506
822 107
823 541
824 731
825 345
826 334
827 527
828 661
829 715
830 532
831 195
832 189
833 337
834 564
835 729
836 401
837 245
838 577
839 404
840 766
841 294
842 507
843 431
844 471
845 33
846 626
847 370
848 800
849 164
850 693
851 780
852 86
853 275
854 286
855 380
856 401
857 91
858 80
859 128
860 297
861 333
862 771
863 364
864 183
865 69
866 479
867 683
868 634
869 391
870 544
871 121
872 80
873 144
874 196
875 709
876 542
877 549
878 347
879 77
880 133
881 205
882 586
883 623
884 675
885 663
886 370
887 388
888 886
889 481
890 440
891 850
892 508
893 589
894 263
895 754
896 162
897 675
898 432
899 460
900 250
901 493
902 779
903 324
904 404
905 474
906 309
907 159
908 153
909 303
910 247
911 122
912 855
913 153
914 446
915 77
916 245
917 25
918 854
919 87
920 183
921 242
922 778
923 213
924 239
925 705
926 129
927 563
928 193
929 567
930 853
931 157
932 711
933 620
934 918
935 75
936 46
937 869
938 863
939 487
940 762
941 377
942 856
943 189
944 674
945 21
946 22
947 594
948 567
949 431
950 332
951 425
952 615
953 274
954 68
955 204
956 375
957 699
958 316
959 821
960 425
961 432
962 665
963 675
964 403
965 106
966 716
967 77
968 458
969 752
970 319
971 10
972 24
973 819
974 532
975 687
976 759
977 525
978 766
979 568
980 350
981 356
982 686
983 975
984 517
985 501
986 504
987 660
988 841
989 43
990 837
991 591
992 727
993 183
994 7
995 250
996 647
997 19
998 359
999 280
1000 872
1001 928
1002 299
1003 582
1004 95
1005 297
1006 916
1007 577
1008 476
1009 322
1010 838
1011 612
1012 316
1013 891
1014 760
1015 445
1016 526
1017 593
1018 393
1019 781
1020 238
1021 880
1022 487
1023 513
1024 305
1025 779
1026 178
1027 139
1028 82
1029 291
1030 861
1031 457
1032 633
1033 609
1034 107
1035 640
1036 582
1037 934
1038 578
1039 802
1040 195
1041 303
1042 368
1043 179
1044 796
1045 726
1046 408
1047 547
1048 287
1049 125
1050 587
1051 751
1052 471
1053 977
1054 690
1055 668
1056 187
1057 911
1058 180
1059 649
1060 494
1061 188
1062 949
1063 239
1064 394
1065 994
1066 438
1067 93
1068 552
1069 90
1070 47
1071 898
1072 1060
1073 911
1074 399
1075 1006
1076 142
1077 935
1078 467
1079 228
1080 46
1081 716
1082 333
1083 1076
1084 95
1085 783
1086 522
1087 912
1088 609
1089 211
1090 387
1091 719
1092 898
1093 569
1094 455
1095 366
1096 628
1097 318
1098 333
1099 519
1100 414
1101 156
1102 170
1103 25
1104 627
1105 1025
1106 217
1107 131
1108 781
1109 381
1110 93
1111 75
1112 724
1113 1006
1114 182
1115 957
1116 472
1117 1054
1118 323
1119 138
1120 855
1121 412
1122 351
1123 544
1124 1094
1125 791
1126 878
1127 44
1128 396
1129 844
1130 228
1131 875
1132 841
1133 1007
1134 439
1135 246
1136 708
1137 997
1138 20
1139 438
1140 402
1141 335
1142 641
1143 359
1144 790
1145 152
1146 880
1147 123
1148 1061
1149 39
1150 278
1151 61
1152 1080
1153 382
1154 501
1155 1075
1156 618
1157 900
1158 898
1159 466
1160 432
1161 879
1162 145
1163 326
1164 297
1165 14
1166 706
1167 552
1168 841
1169 306
1170 175
1171 1075
1172 377
1173 638
1174 484
1175 926
1176 213
1177 125
1178 269
1179 42
1180 1056
1181 884
1182 121
1183 2
1184 1171
1185 47
1186 44
1187 413
1188 952
1189 1034
1190 11
1191 189
1192 538
1193 625
1194 678
1195 751
1196 351
1197 1189
1198 67
1199 554
1200 294
1201 324
1202 1084
1203 414
1204 880
1205 552
1206 506
1207 973
1208 1089
1209 1004
1210 961
1211 105
1212 140
1213 98
1214 123
1215 386
1216 912
1217 1094
1218 575
1219 604
1220 1144
1221 495
1222 1142
1223 570
1224 120
1225 887
1226 1023
1227 654
1228 978
1229 888
1230 263
1231 1061
1232 183
1233 696
1234 962
1235 1118
1236 92
1237 471
1238 690
1239 993
1240 1150
1241 302
1242 652
1243 403
1244 430
1245 210
1246 238
1247 112
1248 106
1249 87
1250 839
1251 1039
1252 1219
1253 156
1254 1109
1255 591
1256 265
1257 501
1258 276
1259 431
1260 697
1261 689
1262 821
1263 417
1264 129
1265 879
1266 31
1267 1255
1268 1060
1269 972
1270 563
1271 785
1272 703
1273 1133
1274 664
1275 265
1276 865
1277 242
1278 274
1279 1269
1280 959
1281 311
1282 985
1283 382
1284 839
1285 968
1286 36
1287 220
1288 479
1289 411
1290 388
1291 498
1292 1270
1293 497
1294 708
1295 425
1296 373
1297 168
1298 987
1299 1034
1300 426
1301 1233
1302 1144
1303 193
1304 440
1305 960
1306 1067
1307 910
1308 224
1309 720
1310 831
1311 498
1312 793
1313 713
1314 730
1315 1168
1316 820
1317 1128
1318 1245
1319 1021
1320 850
1321 663
1322 710
1323 1267
1324 359
1325 798
1326 1096
1327 344
1328 508
1329 787
1330 680
1331 1183
1332 518
1333 386
1334 1059
1335 1015
1336 991
1337 401
1338 307
1339 789
1340 167
1341 426
1342 626
1343 852
1344 162
1345 466
1346 319
1347 525
1348 19
1349 103
1350 847
1351 1237
1352 31
1353 642
1354 35
1355 541
1356 106
1357 289
1358 874
1359 395
1360 892
1361 1179
1362 798
1363 289
1364 888
1365 701
1366 837
1367 1289
1368 551
1369 110
1370 1309
1371 1193
1372 1246
1373 293
1374 396
1375 418
1376 675
1377 822
1378 903
1379 161
1380 117
1381 54
1382 770
1383 1125
1384 570
1385 847
1386 954
1387 700
1388 596
1389 899
1390 559
1391 729
1392 1358
1393 829
1394 826
1395 286
1396 1186
1397 211
1398 98
1399 62
1400 418
1401 1393
1402 790
1403 1093
1404 375
1405 1223
1406 691
1407 1000
1408 670
1409 1167
1410 1346
1411 823
1412 599
1413 140
1414 428
1415 989
1416 808
1417 628
1418 67
1419 1044
1420 111
1421 799
1422 374
1423 1128
1424 1240
1425 80
1426 348
1427 414
1428 1183
1429 221
1430 307
1431 1340
1432 814
1433 1110
1434 127
1435 527
1436 710
1437 184
1438 923
1439 493
1440 1171
1441 562
1442 569
1443 948
1444 1019
1445 100
1446 27
1447 497
1448 272
1449 783
1450 337
1451 1389
1452 959
1453 526
1454 660
1455 80
1456 355
1457 544
1458 474
1459 1333
1460 467
1461 871
1462 347
1463 1031
1464 1157
1465 1268
1466 1439
1467 43
1468 363
1469 423
1470 36
1471 20
1472 1199
1473 117
1474 795
1475 90
1476 811
1477 892
1478 1113
1479 802
1480 429
1481 858
1482 936
1483 1001
1484 739
1485 1110
1486 261
1487 799
1488 357
1489 420
1490 24
1491 1205
1492 1364
1493 63
1494 1462
1495 819
1496 1208
1497 749
1498 1332
1499 490
1500 1171
1501 395
1502 796
1503 680
1504 1377
1505 356
1506 1173
1507 437
1508 198
1509 168
1510 229
1511 269
1512 961
1513 1170
1514 1268
1515 1251
1516 575
1517 1348
1518 231
1519 1120
1520 1497
1521 1263
1522 1260
1523 1448
1524 613
1525 1204
1526 641
1527 238
1528 1315
1529 282
1530 1203
1531 221
1532 1478
1533 284
1534 1002
1535 1294
1536 1111
1537 1082
1538 77
1539 995
1540 708
1541 1326
1542 799
1543 1465
1544 622
1545 267
1546 71
1547 432
1548 249
1549 663
1550 340
1551 1242
1552 1551
1553 716
1554 833
1555 228
1556 672
1557 638
1558 1527
1559 968
1560 1060
1561 112
1562 919
1563 1084
1564 405
1565 822
1566 556
1567 533
1568 397
1569 908
1570 1416
1571 527
1572 64
1573 14
1574 963
1575 338
1576 166
1577 733
1578 1240
1579 70
1580 451
1581 921
1582 1234
1583 1327
1584 730
1585 1236
1586 261
1587 406
1588 308
1589 571
1590 28
1591 996
1592 972
1593 1223
1594 645
1595 1494
1596 1048
1597 896
1598 833
1599 1366
1600 1583
1601 1092
1602 539
1603 602
1604 344
1605 426
1606 27
1607 1181
1608 1350
1609 359
1610 525
1611 1068
1612 902
1613 1102
1614 410
1615 1116
1616 630
1617 1606
1618 892
1619 300
1620 925
1621 801
1622 633
1623 1137
1624 1578
1625 1045
1626 1406
1627 466
1628 1082
1629 63
1630 1562
1631 233
1632 518
1633 358
1634 1180
1635 761
1636 1024
1637 528
1638 1251
1639 58
1640 199
1641 256
1642 1502
1643 168
1644 1384
1645 4
1646 147
1647 724
1648 1118
1649 107
1650 940
1651 1256
1652 1385
1653 947
1654 1250
1655 1523
1656 247
1657 431
1658 874
1659 1553
1660 1401
1661 1172
1662 1640
1663 595
1664 708
1665 839
1666 642
1667 1021
1668 1400
1669 1067
1670 670
1671 580
1672 1565
1673 20
1674 1412
1675 708
1676 532
1677 260
1678 643
1679 1524
1680 890
1681 449
1682 783
1683 952
1684 69
1685 1079
1686 1382
1687 1154
1688 1007
1689 337
1690 644
1691 1186
1692 1448
1693 1053
1694 732
1695 1436
1696 68
1697 564
1698 3
1699 612
1700 592
1701 15
1702 994
1703 343
1704 6
1705 616
1706 1171
1707 678
1708 163
1709 843
1710 1600
1711 1214
1712 778
1713 1542
1714 1403
1715 1586
1716 1371
1717 1158
1718 1378
1719 282
1720 1164
1721 2
1722 1208
1723 811
1724 1559
1725 1580
1726 793
1727 294
1728 1366
1729 1361
1730 1712
1731 1194
1732 482
1733 1023
1734 1514
1735 1254
1736 1669
1737 786
1738 143
1739 588
1740 434
1741 174
1742 172
1743 810
1744 768
1745 389
1746 484
1747 398
1748 1149
1749 25
1750 1217
1751 931
1752 1352
1753 1246
1754 440
1755 211
1756 1250
1757 846
1758 839
1759 472
1760 494
1761 200
1762 236
1763 990
1764 654
1765 509
1766 809
1767 1260
1768 1331
1769 1545
1770 471
1771 271
1772 1668
1773 687
1774 682
1775 1598
1776 329
1777 13
1778 474
1779 1146
1780 310
1781 998
1782 1494
1783 1559
1784 1116
1785 848
1786 1760
1787 521
1788 1625
1789 52
1790 316
1791 1738
1792 442
1793 865
1794 1269
1795 223
1796 964
1797 463
1798 1140
1799 836
1800 656
1801 349
1802 1132
1803 1233
1804 1383
1805 1083
1806 420
1807 1022
1808 118
1809 1073
1810 644
1811 1256
1812 1024
1813 811
1814 1603
1815 252
1816 1228
1817 1357
1818 807
1819 1735
1820 68
1821 1200
1822 958
1823 719
1824 156
1825 1729
1826 676
1827 1814
1828 1789
1829 1786
1830 558
1831 1312
1832 1439
1833 1326
1834 661
1835 53
1836 1176
1837 899
1838 567
1839 263
1840 1397
1841 1802
1842 302
1843 1593
1844 1188
1845 204
1846 1434
1847 448
1848 550
1849 490
1850 1038
1851 1353
1852 333
1853 999
1854 51
1855 929
1856 1140
1857 203
1858 1419
1859 292
1860 1692
1861 265
1862 806
1863 30
1864 1110
1865 1273
1866 1711
1867 1425
1868 1443
1869 775
1870 1710
1871 1542
1872 1119
1873 1519
1874 1272
1875 146
1876 285
1877 1493
1878 1781
1879 317
1880 1201
1881 312
1882 371
1883 166
1884 148
1885 116
1886 955
1887 1427
1888 1841
1889 916
1890 367
1891 1184
1892 683
1893 1553
1894 1877
1895 549
1896 327
1897 33
1898 342
1899 1620
1900 37
1901 193
1902 117
1903 1014
1904 1407
1905 1126
1906 1353
1907 1838
1908 494
1909 1576
1910 1818
1911 294
1912 1846
1913 1415
1914 1539
1915 271
1916 1234
1917 471
1918 1447
1919 959
1920 1024
1921 1703
1922 53
1923 186
1924 1127
1925 476
1926 1410
1927 292
1928 1528
1929 1516
1930 827
1931 475
1932 1406
1933 1159
1934 224
1935 339
1936 581
1937 413
1938 1501
1939 1381
1940 1174
1941 658
1942 1043
1943 1856
1944 1153
1945 1235
1946 733
1947 1665
1948 1575
1949 1752
1950 598
1951 533
1952 1538
1953 972
1954 1831
1955 51
1956 740
1957 1620
1958 895
1959 1424
1960 494
1961 1186
1962 1815
1963 77
1964 1057
1965 1578
1966 869
1967 343
1968 1523
1969 988
1970 1668
1971 1577
1972 404
1973 431
1974 1638
1975 517
1976 1904
1977 865
1978 352
1979 1000
1980 399
1981 136
1982 600
1983 1947
1984 1830
1985 1016
1986 1606
1987 1471
1988 696
1989 1988
1990 1480
1991 1295
1992 374
1993 515
1994 586
1995 848
1996 1091
1997 1313
1998 212
1999 516
2000 1387
2000 1999
1999 1998
1998 1997
1997 1996
1996 1995
1995 1994
1994 1993
1993 1992
1992 1991
1991 1990
1990 1989
1989 1987
1987 1986
1986 1985
1985 1984
1984 1983
1983 1982
1982 1981
1981 1980
1980 1979
1979 1978
1978 1977
1977 1976
1976 1975
1975 1974
1974 1973
1973 1972
1972 1971
1971 1970
1970 1969
1969 1968
1968 1967
1967 1966
1966 1965
1965 1964
1964 1963
1963 1962
1962 1961
1961 1960
1960 1959
1959 1958
1958 1957
1957 1956
1956 1955
1955 1954
1954 1953
1953 1952
1952 1951
1951 1950
1950 1949
1949 1948
1948 1946
1946 1945
1945 1944
1944 1943
1943 1942
1942 1941
1941 1940
1940 1939
1939 1938
1938 1937
1937 1936
1936 1935
1935 1934
1934 1933
1933 1932
1932 1931
1931 1930
1930 1929
1929 1928
1928 1927
1927 1926
1926 1925
1925 1924
1924 1923
1923 1922
1922 1921
1921 1920
1920 1919
1919 1918
1918 1917
1917 1916
1916 1915
1915 1914
1914 1913
1913 1912
1912 1911
1911 1910
1910 1909
1909 1908
1908 1907
1907 1906
1906 1905
1905 1903
1903 1902
1902 1901
1901 1900
1900 1899
1899 1898
1898 1897
1897 1896
1896 1895
1895 1894
1894 1893
1893 1892
1892 1891
1891 1890
1890 1889
1889 1888
1888 1887
1887 1886
1886 1885
1885 1884
1884 1883
1883 1882
1882 1881
1881 1880
1880 1879
1879 1878
1878 1876
1876 1875
1875 1874
1874 1873
1873 1872
1872 1871
1871 1870
1870 1869
1869 1868
1868 1867
1867 1866
1866 1865
1865 1864
1864 1863
1863 1862
1862 1861
1861 1860
1860 1859
1859 1858
1858 1857
1857 1855
1855 1854
1854 1853
1853 1852
1852 1851
1851 1850
1850 1849
1849 1848
1848 1847
1847 1845
1845 1844
1844 1843
1843 1842
1842 1840
1840 1839
1839 1837
1837 1836
1836 1835
1835 1834
1834 1833
1833 1832
1832 1829
1829 1828
1828 1827
1827 1826
1826 1825
1825 1824
1824 1823
1823 1822
1822 1821
1821 1820
1820 1819
1819 1817
1817 1816
1816 1813
1813 1812
1812 1811
1811 1810
1810 1809
1809 1808
1808 1807
1807 1806
1806 1805
1805 1804
1804 1803
1803 1801
1801 1800
1800 1799
1799 1798
1798 1797
1797 1796
1796 1795
1795 1794
1794 1793
1793 1792
1792 1791
1791 1790
1790 1788
1788 1787
1787 1785
1785 1784
1784 1783
1783 1782
1782 1780
1780 1779
1779 1778
1778 1777
1777 1776
1776 1775
1775 1774
1774 1773
1773 1772
1772 1771
1771 1770
1770 1769
1769 1768
1768 1767
1767 1766
1766 1765
1765 1764
1764 1763
1763 1762
1762 1761
1761 1759
1759 1758
1758 1757
1757 1756
1756 1755
1755 1754
1754 1753
1753 1751
1751 1750
1750 1749
1749 1748
1748 1747
1747 1746
1746 1745
1745 1744
1744 1743
1743 1742
1742 1741
1741 1740
1740 1739
1739 1737
1737 1736
1736 1734
1734 1733
1733 1732
1732 1731
1731 1730
1730 1728
1728 1727
1727 1726
1726 1725
1725 1724
1724 1723
1723 1722
1722 1721
1721 1720
1720 1719
1719 1718
1718 1717
1717 1716
1716 1715
1715 1714
1714 1713
1713 1709
1709 1708
1708 1707
1707 1706
1706 1705
1705 1704
1704 1702
1702 1701
1701 1700
1700 1699
1699 1698
1698 1697
1697 1696
1696 1695
1695 1694
1694 1693
1693 1691
1691 1690
1690 1689
1689 1688
1688 1687
1687 1686
1686 1685
1685 1684
1684 1683
1683 1682
1682 1681
1681 1680
1680 1679
1679 1678
1678 1677
1677 1676
1676 1675
1675 1674
1674 1673
1673 1672
1672 1671
1671 1670
1670 1667
1667 1666
1666 1664
1664 1663
1663 1662
1662 1661
1661 1660
1660 1659
1659 1658
1658 1657
1657 1656
1656 1655
1655 1654
1654 1653
1653 1652
1652 1651
1651 1650
1650 1649
1649 1648
1648 1647
1647 1646
1646 1645
1645 1644
1644 1643
1643 1642
1642 1641
1641 1639
1639 1637
1637 1636
1636 1635
1635 1634
1634 1633
1633 1632
1632 1631
1631 1630
1630 1629
1629 1628
1628 1627
1627 1626
1626 1624
1624 1623
1623 1622
1622 1621
1621 1619
1619 1618
1618 1617
1617 1616
1616 1615
1615 1614
1614 1613
1613 1612
1612 1611
1611 1610
1610 1609
1609 1608
1608 1607
1607 1605
1605 1604
1604 1602
1602 1601
1601 1599
1599 1597
1597 1596
1596 1595
1595 1594
1594 1592
1592 1591
1591 1590
1590 1589
1589 1588
1588 1587
1587 1585
1585 1584
1584 1582
1582 1581
1581 1579
1579 1574
1574 1573
1573 1572
1572 1571
1571 1570
1570 1569
1569 1568
1568 1567
1567 1566
1566 1564
1564 1563
1563 1561
1561 1560
1560 1558
1558 1557
1557 1556
1556 1555
1555 1554
1554 1552
1552 1550
1550 1549
1549 1548
1548 1547
1547 1546
1546 1544
1544 1543
1543 1541
1541 1540
1540 1537
1537 1536
1536 1535
1535 1534
1534 1533
1533 1532
1532 1531
1531 1530
1530 1529
1529 1526
1526 1525
1525 1522
1522 1521
1521 1520
1520 1518
1518 1517
1517 1515
1515 1513
1513 1512
1512 1511
1511 1510
1510 1509
1509 1508
1508 1507
1507 1506
1506 1505
1505 1504
1504 1503
1503 1500
1500 1499
1499 1498
1498 1496
1496 1495
1495 1492
1492 1491
1491 1490
1490 1489
1489 1488
1488 1487
1487 1486
1486 1485
1485 1484
1484 1483
1483 1482
1482 1481
1481 1479
1479 1477
1477 1476
1476 1475
1475 1474
1474 1473
1473 1472
1472 1470
1470 1469
1469 1468
1468 1467
1467 1466
1466 1464
1464 1463
1463 1461
1461 1460
1460 1459
1459 1458
1458 1457
1457 1456
1456 1455
1455 1454
1454 1453
1453 1452
1452 1451
1451 1450
1450 1449
1449 1446
1446 1445
1445 1444
1444 1442
1442 1441
1441 1440
1440 1438
1438 1437
1437 1435
1435 1433
1433 1432
1432 1431
1431 1430
1430 1429
1429 1428
1428 1426
1426 1423
1423 1422
1422 1421
1421 1420
1420 1418
1418 1417
1417 1414
1414 1413
1413 1411
1411 1409
1409 1408
1408 1405
1405 1404
1404 1402
1402 1399
1399 1398
1398 1396
1396 1395
1395 1394
1394 1392
1392 1391
1391 1390
1390 1388
1388 1386
1386 1380
1380 1379
1379 1376
1376 1375
1375 1374
1374 1373
1373 1372
1372 1370
1370 1369
1369 1368
1368 1367
1367 1365
1365 1363
1363 1362
1362 1360
1360 1359
1359 1356
1356 1355
1355 1354
1354 1351
1351 1349
1349 1347
1347 1345
1345 1344
1344 1343
1343 1342
1342 1341
1341 1339
1339 1338
1338 1337
1337 1336
1336 1335
1335 1334
1334 1330
1330 1329
1329 1328
1328 1325
1325 1324
1324 1323
1323 1322
1322 1321
1321 1320
1320 1319
1319 1318
1318 1317
1317 1316
1316 1314
1314 1311
1311 1310
1310 1308
1308 1307
1307 1306
1306 1305
1305 1304
1304 1303
1303 1302
1302 1301
1301 1300
1300 1299
1299 1298
1298 1297
1297 1296
1296 1293
1293 1292
1292 1291
1291 1290
1290 1288
1288 1287
1287 1286
1286 1285
1285 1284
1284 1283
1283 1282
1282 1281
1281 1280
1280 1279
1279 1278
1278 1277
1277 1276
1276 1275
1275 1274
1274 1271
1271 1266
1266 1265
1265 1264
1264 1262
1262 1261
1261 1259
1259 1258
1258 1257
1257 1253
1253 1252
1252 1249
1249 1248
1248 1247
1247 1244
1244 1243
1243 1241
1241 1239
1239 1238
1238 1232
1232 1231
1231 1230
1230 1229
1229 1227
1227 1226
1226 1225
1225 1224
1224 1222
1222 1221
1221 1220
1220 1218
1218 1216
1216 1215
1215 1213
1213 1212
1212 1211
1211 1210
1210 1209
1209 1207
1207 1206
1206 1202
1202 1198
1198 1197
1197 1196
1196 1195
1195 1192
1192 1191
1191 1190
1190 1187
1187 1185
1185 1182
1182 1178
1178 1177
1177 1175
1175 1169
1169 1166
1166 1165
1165 1163
1163 1162
1162 1161
1161 1160
1160 1156
1156 1155
1155 1152
1152 1151
1151 1148
1148 1147
1147 1145
1145 1143
1143 1141
1141 1139
1139 1138
1138 1136
1136 1135
1135 1134
1134 1131
1131 1130
1130 1129
1129 1124
1124 1123
1123 1122
1122 1121
1121 1117
1117 1115
1115 1114
1114 1112
1112 1108
1108 1107
1107 1106
1106 1105
1105 1104
1104 1103
1103 1101
1101 1100
1100 1099
1099 1098
1098 1097
1097 1095
1095 1090
1090 1088
1088 1087
1087 1086
1086 1085
1085 1081
1081 1078
1078 1077
1077 1074
1074 1072
1072 1071
1071 1070
1070 1069
1069 1066
1066 1065
1065 1064
1064 1063
1063 1062
1062 1058
1058 1055
1055 1052
1052 1051
1051 1050
1050 1049
1049 1047
1047 1046
1046 1042
1042 1041
1041 1040
1040 1037
1037 1036
1036 1035
1035 1033
1033 1032
1032 1030
1030 1029
1029 1028
1028 1027
1027 1026
1026 1020
1020 1018
1018 1017
1017 1013
1013 1012
1012 1011
1011 1010
1010 1009
1009 1008
1008 1005
1005 1003
1003 992
992 986
986 984
984 983
983 982
982 981
981 980
980 979
979 976
976 974
974 971
971 970
970 969
969 967
967 966
966 965
965 956
956 953
953 951
951 950
950 946
946 945
945 944
944 943
943 942
942 941
941 939
939 938
938 937
937 933
933 932
932 930
930 927
927 924
924 922
922 920
920 917
917 915
915 914
914 913
913 909
909 907
907 906
906 905
905 904
904 901
901 897
897 894
894 893
893 889
889 885
885 883
883 882
882 881
881 877
877 876
876 873
873 870
870 868
868 867
867 866
866 864
864 862
862 860
860 859
859 857
857 851
851 849
849 845
845 842
842 840
840 835
835 834
834 832
832 830
830 828
828 825
825 824
824 818
818 817
817 816
816 815
815 813
813 812
812 805
805 804
804 803
803 797
797 794
794 792
792 788
788 784
784 782
782 777
777 776
776 774
774 773
773 772
772 769
769 767
767 765
765 764
764 763
763 758
758 757
757 756
756 755
755 753
753 750
750 748
748 747
747 745
745 744
744 743
743 741
741 738
738 737
737 736
736 735
735 734
734 728
728 725
725 722
722 718
718 717
717 714
714 707
707 704
704 702
702 698
698 695
695 694
694 692
692 688
688 685
685 684
684 681
681 679
679 677
677 673
673 671
671 666
666 662
662 659
659 657
657 653
653 651
651 650
650 648
648 646
646 637
637 635
635 632
632 631
631 624
624 619
619 617
617 614
614 611
611 610
610 608
608 606
606 605
605 601
601 597
597 590
590 585
585 583
583 579
579 573
573 572
572 566
566 565
565 561
561 560
560 557
557 553
553 548
548 546
546 545
545 537
537 535
535 534
534 531
531 530
530 529
529 524
524 523
523 514
514 503
503 502
502 492
492 489
489 486
486 483
483 480
480 477
477 473
473 469
469 465
465 462
462 461
461 456
456 452
452 450
450 447
447 444
444 443
443 441
441 433
433 427
427 424
424 422
422 419
419 415
415 407
407 400
400 392
392 390
390 385
385 383
383 379
379 365
365 362
362 360
360 354
354 346
346 330
330 321
321 320
320 313
313 296
296 290
290 279
279 257
257 254
254 251
251 244
244 241
241 237
237 227
227 218
218 215
215 207
207 190
190 181
181 169
169 158
158 154
154 151
151 149
149 135
135 99
99 76
76 50
50 26
26 2000
426 1933
895 136
220 140
988 1900
754 1021
1176 91
1968 1041
344 1119
1947 60
552 1174
1679 1745
35 1980
1532 354
922 1811
1740 525
457 1149
1636 165
657 1704
1955 1856
876 1644
87 1060
101 51
1521 54
465 444
1618 1468
1564 1368
1348 1648
1 1599
1409 879
1755 1274
422 1148
1312 564
619 409
264 320
1964 573
1633 1491
1542 50
455 85
528 1062
881 1271
639 497
496 445
395 1986
1216 848
121 1803
950 970
1885 894
1303 613
1285 503
1076 1566
1057 1248
1649 1060
1144 950
363 103
1373 23
520 1596
392 363
348 1367
215 786
588 1915
1237 335
1229 1889
853 1121
1624 883
448 137
1736 699
110 1856
1157 1384
1838 1253
1275 1520
1115 1211
1925 146
1513 1506
643 625
539 79
413 1230
1470 1775
896 1993
875 674
1163 519
1569 1675
1882 898
282 1678
1282 1039
558 119
1681 908
1054 24
1881 1606
582 918
996 523
104 1120
895 1760
105 1925
598 142
1012 1331
1357 1760
658 932
961 1239
277 1291
1761 242
1149 1186
1209 1442
1399 554
1823 1441
1963 1980
1451 1170
1282 418
342 345
838 1738
1068 1291
1051 1849
1132 425
15 60
1350 92
333 291
1476 1110
903 1834
739 1036
476 653
632 914
83 790
1207 83
779 1716
1453 1548
838 1969
169 521
1297 240
651 1301
1392 1311
1953 2000
1462 77
1910 1780
815 716
1369 1000
1913 1642
431 352
434 348
63 1637
1536 1565
1533 1516
388 725
1317 1701
1353 36
1698 1967
319 745
821 1650
1781 132
847 1082
81 947
588 215
567 1994
341 1018
1006 1352
1268 403
270 893
1969 800
853 657
692 1285
1604 205
1301 741
742 1922
53 473
1554 522
1468 1251
1466 1635
1980 55
1424 384
87 672
1426 781
25 1355
506 1696
704 1994
1630 1710
1915 1748
488 1585
1506 1567
40 1230
1751 1910
1161 1593
1579 1219
1625 978
1713 1558
581 1401
181 151
1857 7
1702 558
551 363
72 405
152 532
117 338
257 640
221 1974
236 296
240 1971
1541 1748
1077 1819
1728 1518
918 1141
1291 309
315 1450
7 1148
1862 368
772 909
1441 1933
623 1276
267 1909
234 879
1174 487
809 821
568 1413
1583 350
219 1996
1136 1663
1971 1136
937 779
1926 637
1004 944
1852 1787
71 127
1402 1644
1904 693
1571 20
506 138
1310 1096
861 1315
16 230
225 443
105 234
1721 1361
139 427
1063 657
1952 416
554 418
545 1804
1799 624
1317 298
318 1703
192 1239
335 1175
841 1501
1730 1547
1989 856
1441 307
1667 446
872 1513
522 157
924 287
1056 473
628 1477
100 1600
250 427
481 1768
1007 919
93 1024
524 1693
1239 934
141 606
912 1579
24 1582
1446 930
1438 1248
1886 1967
792 361
1837 941
893 1419
197 288
56 1142
412 1029
52 1414
1106 504
1789 576
1533 696
274 1930
1863 444
1725 650
1897 1660
1627 1162
1522 1782
1074 418
188 1710
1997 1966
1459 385
1413 404
1817 1870
726 1817
392 922
1617 866
1147 276
719 243
892 1009
669 795
1956 788
921 647
1416 1829
1538 346
312 1603
339 1886
290 122
344 104
1920 458
1380 1421
286 663
938 1348
1590 1433
793 8
802 481
1620 1813
811 757
937 892
1238 226
181 826
1063 1901
22 519
622 1352
1810 365
1785 541
1555 1541
1240 423
207 492
499 830
1662 1351
1164 1300
408 1634
877 326
552 1696
521 114
366 732
1602 1584
1287 388
1104 224
1116 1448
988 1241
1663 671
1514 580
1761 1869
1219 13
1664 1774
1407 734
1060 424
119 636
749 1963
1046 640
575 1115
1854 647
1222 1861
1309 957
197 690
1712 648
1227 211
431 1225
1589 987
761 2
1087 1605
28 519
1154 146
460 146
1137 255
1721 1857
504 63
1924 1574
882 77
766 1584
583 1431
1641 477
54 1810
1148 72
73 1642
1246 260
1131 1159
1657 1273
1771 636
890 468
325 1259
1322 962
887 1180
1256 1597
1180 1769
1199 22
850 1762
1923 1191
1614 903
545 1423
1682 1686
1197 142
1767 1164
1800 1205
24 1537
1147 1041
3 700
1879 468
64 889
1009 1487
1860 1595
1357 559
1750 709
1964 1631
1053 1363
1401 860
1001 735
250 949
505 767
655 49
1090 528
1228 1802
621 1444
684 1458
944 1037
631 1693
251 803
1864 339
1970 352
1715 1827
686 1022
108 1467
415 38
1157 358
758 919
1798 1811
1964 199
1994 1377
835 937
325 678
722 130
1285 955
1646 972
1676 1148
1326 1615
988 1390
1208 363
400 1448
157 1622
892 1556
1719 914
1465 1041
418 34
970 1458
135 1604
1733 1294
601 856
180 1017
516 246
212 207
1948 1841
555 1551
998 1155
1128 955
862 1506
772 19
1411 932
966 236
45 1828
1431 287
1933 532
1739 1164
532 885
1482 270
476 1400
1240 1693
1595 423
1577 1795
1101 945
450 704
1074 314
1598 1573
160 485
664 563
1201 205
736 95
1610 1485
369 826
1096 493
1892 1850
1894 1571
346 1484
1630 1841
785 1922
978 1082
1395 1586
1159 403
1239 992
1906 1318
1874 1903
349 1459
943 609
1787 310
1154 1312
1513 882
804 1046
529 1407
1247 1149
1423 510
1591 383
1968 752
1154 1337
681 1478
796 745
647 586
396 669
1630 1347
8 1339
1002 1416
649 1161
206 514
272 1452
601 1086
1947 1870
604 23
1126 1537
874 924
401 279
1023 1554
491 1548
217 21
1719 887
577 198
1965 1726
1239 1930
795 613
64 1444
882 1067
1288 1016
1390 1180
717 244
1167 515
1146 1942
1847 1567
1115 168
541 689
1927 1683
232 611
337 503
432 196
808 1575
1370 1579
645 1223
239 603
1783 284
527 1628
495 851
1144 45
1612 1640
159 990
1678 1078
760 699
1662 1957
459 991
1186 350
276 1243
821 345
1567 1645
600 1817
452 1805
1785 734
1936 1331
1375 631
270 1079
420 1338
415 428
1479 449
405 1526
868 1140
1489 864
458 405
749 1764
1760 1630
1798 668
824 711
1796 249
1931 960
1590 1731
1161 1658
995 1859
287 1580
29 1762
1287 117
1256 433
1648 507
911 1096
859 105
86 12
679 970
1681 1883
484 1502
462 1476
1559 414
71 51
262 719
651 1418
1179 548
1016 679
1111 817
1323 271
1718 1111
1567 234
245 576
1897 1653
1887 1275
776 1577
1405 370
1136 1589
1992 1315
33 1558
1327 253
1152 1035
1713 505
1674 167
789 1176
286 996
1581 506
1433 204
208 1825
1099 1329
1258 95
816 227
167 662
328 303
213 158
410 712
1747 1539
396 1913
79 1459
986 69
1416 1219
1724 1623
1827 997
1173 1508
837 34
480 272
850 94
1107 1296
1950 1016
1174 1434
497 162
1701 1935
1848 243
54 448
516 278
1497 1039
1014 1931
1279 1572
1080 840
1225 452
1075 268
361 1705
1352 1924
1291 1819
1604 1301
1815 816
751 100
695 1867
314 950
1579 748
138 829
1111 1075
647 1151
1990 390
841 78
345 1567
1623 1915
190 1057
1227 974
626 1832
648 830
1281 792
658 1750
1051 1975
1074 971
151 629
1704 1212
362 1262
3 702
1131 704
270 1195
1461 1475
531 1892
1217 2
1833 109
938 194
986 480
229 570
897 1643
966 1631
260 1970
1533 1116
729 315
1016 1895
598 731
277 498
1972 1219
1462 1737
1738 854
962 1030
1223 1571
402 251
1172 560
555 983
613 68
390 1520
635 872
1186 1922
168 1364
446 553
1050 765
335 723
811 1373
226 1796
825 901
823 1539
1789 400
1311 1224
558 961
1380 1865
1736 1171
42 1769
43 723
86 1580
484 210
1327 883
1957 1534
906 1661
1809 1120
20 1484
1374 985
1384 842
417 1163
475 1047
911 975
145 206
327 999
1721 538
117 369
930 158
1040 953
486 608
269 1349
468 1743
1578 429
1413 487
1680 952
114 1149
195 96
1070 940
1497 1457
455 1214
1752 1823
543 175
332 220
1172 1473
432 1724
1072 9
1752 700
1480 1539
377 1329
280 893
393 56
151 745
36 587
43 1221
786 1533
1707 498
1024 889
1461 250
74 1356
1431 984
993 505
1557 502
392 1096
776 1388
632 1120
1175 1408
504 1024
1610 1677
1249 892
424 5
854 35
923 482
1083 1877
1584 383
1367 1508
365 1014
1867 711
158 273
1660 610
1729 933
692 292
1315 1255
932 1196
87 1277
1281 180
214 862
1695 486
714 1489
223 778
285 298
1663 1941
651 649
921 1530
139 808
93 581
1224 220
1474 784
331 538
166 405
937 769
1630 1798
283 1502
1342 1325
454 997
1646 1565
1505 738
1739 1308
1189 508
1315 1011
1943 1680
1899 1759
543 1166
56 1372
129 1225
1994 221
371 1065
918 1975
1299 653
1 260
1824 104
1194 1646
1306 1680
187 932
1942 494
525 1854
1964 237
1402 423
147 858
83 1809
382 275
1691 76
50 752
1756 960
1219 1701
1804 109
106 1394
1074 997
280 1411
257 1612
1817 574
810 781
1556 1781
638 563
372 1702
1976 720
1147 1105
1856 18
977 1197
897 1963
71 548
1941 1052
401 177
1587 1366
1330 680
1605 195
1328 1146
926 766
1329 883
584 1916
635 52
1156 911
928 1782
1330 1363
1325 256
803 578
1629 1396
1572 1096
813 381
1413 1510
57 142
1288 1017
1783 1384
266 565
480 1463
1514 849
111 1467
1600 1021
383 1390
1645 929
1506 1707
1454 800
247 1486
1867 1025
887 1059
1553 1279
647 943
678 1192
1756 429
243 943
143 588
54 1756
776 253
1994 1653
933 1510
1217 1990
789 438
275 670
47 1387
798 493
1771 1285
227 350
1541 770
1198 1256
198 1648
235 1793
1548 692
1296 640
644 676
537 1289
1278 1576
365 1753
775 419
1805 992
1484 1173
457 602
1303 1607
376 1035
290 1195
843 1925
1717 839
1530 1429
421 1617
292 825
113 1416
992 1180
933 1390
1808 1708
1051 59
1231 1965
566 535
141 39
1073 221
1415 868
792 1714
552 609
390 509
125 81
905 810
225 768
1947 1369
758 1568
1628 1231
1641 918
882 678
1564 1223
1261 1799
19 56
923 685
398 1786
394 1715
575 949
1029 1135
1944 1051
170 285
1653 521
440 468
51 763
1680 67
1097 1691
914 561
359 660
716 526
1211 730
515 1990
56 1960
909 1260
395 982
32 289
574 690
1562 553
1021 578
1340 2
68 1071
1113 1019
1931 1164
176 26
904 290
1371 1243
1232 114
73 1885
1496 1640
621 1333
1622 242
932 653
1205 547
1476 845
846 577
1999 1168
186 914
429 1112
1489 469
1110 956
198 392
857 480
716 1782
1421 1282
614 211
805 41
1045 587
1485 88
932 602
1178 1313
480 1778
1043 1177
288 665
1485 1471
779 1776
168 594
1073 976
757 1376
657 1788
351 529
922 1271
209 1155
1242 1966
567 46
1358 173
302 97
1273 1837
853 1344
1167 1912
39 338
931 1945
920 558
1934 4
143 29
909 590
212 493
1999 1830
1796 421
466 1240
1765 714
810 1823
11 66
1410 434
345 863
1200 576
520 384
941 131
486 1791
171 874
1816 980
1473 1080
909 27
447 1823
1063 1056
1770 1264
1438 1179
1596 579
1013 1448
311 1357
1932 1709
92 1862
344 803
946 1385
258 829
161 1116
195 425
452 1633
1807 1456
511 1250
866 1221
399 632
1211 303
103 1995
1351 575
283 765
626 1635
789 375
1759 1322
502 1734
1202 368
793 662
646 1748
1203 1596
845 453
1673 66
697 1710
365 72
418 259
833 819
1583 120
106 1116
1842 560
1881 895
980 1952
671 735
1396 181
1929 1815
1410 42
494 1483
1900 607
316 166
589 949
1207 1032
1850 1358
1478 40
1507 1784
344 1583
477 1348
1651 576
1310 1809
1989 321
136 706
1099 269
104 1897
503 1592
109 355
1303 1171
202 698
55 510
901 404
187 1884
1467 759
458 530
1458 295
455 108
780 767
1824 444
1064 1267
1164 922
865 1519
1874 18
1188 974
23 1528
389 1742
145 429
665 1289
399 331
1213 131
777 856
963 670
1788 1232
27 1743
1361 1612
885 1442
1313 524
542 1750
1075 1538
1065 81
1822 1449
229 1454
1094 1966
297 893
1023 1493
348 1509
530 152
1735 1663
1757 317
280 113
1906 1117
1993 1165
1266 1218
755 886
966 692
140 1820
1625 788
1105 368
1261 718
210 1753
1613 635
1138 910
572 142
459 1224
1336 328
1796 738
254 1242
811 1788
673 1519
562 1566
1737 1639
778 701
1421 1361
78 1882
1987 1033
19 640
1549 1599
1741 1157
380 472
1151 551
1640 68
1661 946
1086 1894
1764 471
388 110
100 326
1378 124
1484 877
1111 798
182 1914
905 1097
1047 201
1357 805
1276 787
1689 88
507 778
1723 1329
1574 519
1342 1160
1270 1337
14 1729
205 1369
598 1392
189 1688
1953 60
1508 723
923 857
1661 554
1693 631
1070 1288
65 1381
1061 1577
95 140
1299 634
323 1436
1517 920
641 336
1727 1721
1760 1590
1649 268
990 1713
921 1156
1709 1912
542 934
221 1753
1134 1611
1539 638
777 546
1180 1986
1773 427
1699 1854
189 1289
1009 339
1928 268
535 769
833 1928
1435 1524
1787 105
1038 1495
1248 680
642 1611
248 733
1278 181
166 1376
1802 809
662 1938
1579 1500
190 1203
1470 587
1707 117
396 4
1879 891
996 1830
1325 17
696 385
347 572
1656 1337
1517 594
1969 933
94 34
324 123
1622 1107
309 1902
840 1812
280 1778
133 899
1789 676
857 363
379 1136
1873 533
1104 1074
411 219
1165 1111
44 279
665 1133
1255 489
1595 988
1241 1229
1040 1904
33 80
1330 1671
346 518
880 1471
958 1555
87 1259
332 830
1401 1543
653 1094
1373 565
49 1048
1536 37
1376 1304
884 1483
1386 616
1047 1923
1945 1770
287 377
1847 643
197 1167
425 804
1986 283
177 1108
202 1386
1950 830
229 1926
314 1998
1653 1765
1247 1689
304 536
810 984
753 1702
78 755
1397 1392
558 276
1080 1945
579 1334
441 1065
802 756
1937 994
1271 751
1100 165
1929 1584
1272 1105
1992 1527
862 1927
1629 802
1908 1967
1358 58
334 1656
1600 267
1952 1765
1181 530
1285 744
1738 1982
1084 1221
1386 1360
944 183
1639 1666
1545 567
494 1631
784 406
724 474
883 691
698 81
699 1216
980 649
1178 650
1394 160
141 463
1683 1483
842 1224
1759 1420
1438 137
704 1749
1379 982
1739 1549
374 162
1204 463
543 1256
472 1901
549 1594
595 1451
1963 1727
541 340
1822 455
31 575
1995 1016
1152 1789
1889 1432
765 207
1755 1268
1429 503
965 480
1736 985
885 1860
1453 559
361 1434
1512 47
387 323
778 52
978 560
1927 808
948 1324
755 1431
1989 836
103 1871
374 1744
575 1884
868 1338
1549 310
868 104
1889 1001
1400 1229
1903 1752
1803 138
1049 680
1487 1133
456 1328
758 786
1622 1563
1433 746
841 76
311 1806
1496 1416
77 1530
1986 1044
397 1297
525 1874
1626 1796
285 427
1459 1780
912 1685
1012 1297
83 1368
930 121
1219 56
483 362
520 59
1826 1146
675 15
1058 255
1551 660
886 1454
1601 75
853 511
290 1885
1922 311
1960 1554
921 933
1406 394
449 202
563 624
1034 1283
428 1082
1096 860
1114 1103
114 506
1959 1016
1090 999
1861 1560
1796 294
957 503
56 1717
1002 916
1309 976
1529 407
1030 109
1391 91
1525 415
1626 1819
1273 972
1477 1091
106 1738
1089 1788
1699 1195
1841 949
1451 1846
1915 797
64 1506
833 916
1674 1724
1832 361
804 1055
1469 1222
1392 680
1651 1095
185 1016
754 1480
1619 291
1837 1842
790 1317
1162 1677
825 593
450 1076
343 888
611 1283
1995 16
1422 794
16 798
1477 891
337 1759
775 1480
959 873
1163 1528
1721 929
245 1352
1380 862
1454 1758
1186 205
1444 1904
1538 1880
248 55
848 1532
330 1669
911 1215
974 158
1637 1247
472 100
1627 947
1875 1634
1337 1347
208 471
581 717
921 14
1917 1766
1645 364
770 1806
1337 244
1913 1970
1536 18
176 1175
774 509
960 164
1463 1245
1230 586
284 1689
160 567
1283 844
857 1092
1209 203
918 1125
930 1205
1449 1688
9 266
636 1361
535 1544
405 1163
1678 1308
552 1364
1950 1140
829 1782
700 585
1428 1340
431 1982
536 284
1760 1639
843 1453
1492 689
1307 291
3 1852
1396 1942
1456 890
549 1800
1515 1133
273 1453
1234 1464
401 1453
1144 1933
266 1828
464 1574
1564 801
605 223
912 758
1401 449
300 570
863 1403
644 1695
1846 318
1450 1193
645 1361
1176 74
1878 230
514 1576
1756 1021
946 779
1931 219
441 509
1619 535
983 1704
625 1019
773 1283
1329 1487
1804 1417
961 1175
887 1606
31 1605
1834 62
1638 1909
929 699
1477 1745
1963 1875
735 1759
293 755
811 353
1723 1628
910 1435
922 496
264 590
116 1077
1034 1224
828 1002
1064 1417
1325 1013
1711 1053
797 605
831 1539
1297 1111
217 1918
622 1941
1568 1027
462 345
840 829
1771 1735
1163 1103
678 1886
888 549
1965 1505
869 303
1707 1641
597 931
821 503
1965 1428
1345 469
409 181
1208 318
662 329
1509 21
107 1501
955 1279
1165 1621
521 1632
1488 404
706 485
125 708
1990 412
1266 722
501 810
1278 1582
1762 197
514 39
719 1321
1693 1176
1028 227
1506 151
1772 335
318 1022
1425 292
1129 158
1217 482
1245 1605
678 1207
16 510
91 1530
1726 1646
36 204
1525 592
119 754
980 1569
1720 1498
184 837
1858 1843
486 502
1011 1634
467 1614
1571 227
1785 1711
220 248
1778 153
1798 662
866 1855
446 1833
938 742
310 916
414 1917
1106 381
223 597
1450 1315
949 709
674 812
1391 1415
1478 244
844 1175
1327 1697
711 973
827 1476
1660 1576
669 1625
540 597
514 1330
1711 1305
254 1619
1285 285
1345 55
867 233
2000 19
614 609
1783 1477
1525 1809
781 1462
937 235
162 1608
1584 597
1545 1182
512 475
1780 410
28 574
858 385
439 1665
1897 203
573 1657
265 248
76 1538
1347 400
1861 1601
187 127
86 1149
97 701
1882 1669
144 1642
51 393
966 275
659 431
95 176
378 1449
1106 343
943 1302
839 1370
121 1018
618 537
1016 333
1834 1157
1857 1101
1122 1930
1923 1738
483 1617
243 326
1108 1448
1975 1253
701 1202
1896 352
5 1806
1528 838
1856 844
1732 1648
333 825
333 747
200 166
447 189
1927 1673
1641 370
695 409
208 1883
1135 154
1707 183
886 187
1993 1602
792 1243
438 1872
1871 999
175 169
916 203
368 508
696 1467
1139 815
1536 974
1734 1131
1365 582
735 1942
476 499
1037 441
394 1713
955 1029
900 1185
535 1392
1913 1123
1325 710
1217 1180
646 45
859 264
1238 136
1266 746
1327 971
1264 630
1480 61
853 91
156 516
1897 1246
431 1110
854 1148
270 965
26 1118
297 1595
1991 1242
1858 942
1077 1201
1946 1095
417 694
1323 1272
1684 1681
1771 1154
1669 536
1781 1926
1388 1917
1065 563
1880 593
1710 1334
1280 1905
1499 6
1299 1270
470 1356
802 727
1420 767
38 1218
898 1094
247 1721
608 1021
1298 267
184 389
1303 685
1629 1248
933 1182
1439 1690
47 565
186 1289
644 1345
423 656
1774 1797
1014 194
1287 1812
1884 264
1284 1885
504 844
1584 581
1618 687
286 886
420 1246
936 1570
134 1858
1146 1334
679 320
1327 141
1937 1101
1295 1100
1263 1302
1565 933
1170 1499
342 1200
1781 1673
711 1925
810 1750
1347 996
917 1581
1790 634
1968 1051
1722 935
1427 646
98 1048
499 1715
1017 1744
1029 1762
1260 933
133 198
1870 1601
1525 265
14 932
1927 686
267 1360
1994 1195
245 56
1343 1961
958 1966
1365 1121
1188 1407
1151 1864
1625 556
1488 179
728 884
836 1620
236 949
1880 712
1397 249
1961 158
1352 15
423 1954
266 1949
1914 1765
1237 1223
629 1279
1142 424
979 131
661 1118
353 467
438 1388
688 1188
251 674
1274 567
1076 1647
14 1234
1539 428
376 436
552 1804
1378 641
271 1788
212 7
489 1764
881 1190
8 1150
889 1585
1124 446
1471 1577
495 1374
1373 1096
330 1571
350 1386
173 1868
24 725
1717 724
511 1401
1759 1988
1751 722
264 248
1397 984
568 271
1068 637
213 1692
1417 890
1986 708
630 789
526 667
534 979
1703 698
1421 909
310 1771
1758 284
1357 68
315 1861
1196 1620
243 63
700 115
158 1662
552 1264
323 1575
715 889
1555 952
1930 1241
290 440
1349 1984
1755 63
346 1658
77 1864
76 1702
1674 392
806 1271
1386 268
1929 1857
1121 1895
1469 832
1720 1443
395 184
1776 1274
66 676
660 65
127 1414
1423 766
629 824
526 1499
242 1057
679 551
818 1048
904 416
311 1098
1930 376
171 1779
314 1649
1275 917
1592 89
506 1340
753 603
1368 632
1456 527
25 349
1405 333
1235 619
1666 83
851 404
1501 921
1649 1161
939 1430
1431 1819
735 1605
45 705
44 678
1281 550
1534 1148
1674 648
996 989
1673 50
668 752
1187 1259
1662 685
1606 37
1197 1162
944 1254
1424 487
443 374
1078 158
835 488
1037 1473
620 115
1115 922
262 645
694 462
1214 1934
1192 1714
398 752
1140 853
367 355
1608 688
1526 1310
35 1383
1540 1969
808 1112
936 727
1193 196
1118 1555
551 307
769 1379
1665 1244
957 334
1437 856
61 1707
61 576
1615 779
88 21
1403 1140
1460 474
1585 943
21 267
463 520
426 1213
1520 1580
1310 976
571 640
973 974
1830 1880
1586 761
1336 242
1372 1646
18 950
441 1459
1932 1421
715 1901
167 1868
739 735
1947 981
912 1516
843 1466
105 222
1195 1765
1644 1429
189 1376
1617 1581
1227 1876
1177 988
798 1244
1016 1618
1870 1081
1300 1730
464 388
1369 390
257 411
228 280
501 1099
864 685
465 1696
1071 859
440 654
881 1040
379 18
1613 410
379 1529
961 629
358 248
635 613
1002 822
1584 355
635 1259
709 1811
847 1487
1534 1572
783 1312
1965 957
348 1222
1239 1197
1606 726
606 851
1479 1984
583 1567
531 189
1010 1570
1924 1532
1142 945
755 910
397 1851
1774 1602
1265 282
1238 908
129 1229
777 1937
1015 1367
570 735
718 1620
1538 48
236 1653
1222 68
1952 1597
541 1145
407 1093
1295 1648
1601 1155
1436 1421
328 865
445 1026
962 809
175 1573
307 1976
1596 744
1144 1377
1029 1485
1905 1731
1328 602
1746 1856
1300 220
219 504
1658 947
719 171
1035 1094
119 1398
206 1831
1404 1432
1408 733
1476 62
1438 1355
839 971
702 818
1419 743
950 381
952 1517
20 250
1548 1171
1693 1678
1123 266
1663 1080
910 1241
1024 221
953 665
727 431
1785 780
1751 516
1686 976
70 452
1184 1104
620 1020
1621 135
1657 992
669 1520
1785 1350
429 1791
1383 1799
19 1690
355 406
1189 971
1751 1433
300 1325
300 1853
656 1985
1441 722
93 1839
325 60
1051 1713
1232 334
1683 71
213 1368
1166 463
152 1595
353 1537
859 858
642 1893
1217 961
813 1294
1278 1869
590 1468
1658 718
1130 682
746 1983
316 532
603 329
48 350
812 1167
1114 1565
1101 1315
525 1466
1358 312
1272 1166
459 926
794 85
1904 89
1158 1383
416 1562
1896 287
819 1513
1841 563
1264 1773
1291 240
1805 427
1741 404
1869 905
1216 617
1783 1578
504 840
1276 593
1033 1649
1032 1179
1092 191
477 1799
1664 987
1901 1647
1771 1856
96 1164
1590 1062
1465 1900
1156 1683
299 1686
1615 724
1563 433
1378 470
119 838
16 410
952 1502
1300 1460
798 1429
1427 963
1171 699
1862 1550
963 1266
1165 1804
1486 779
816 320
1395 136
569 431
900 957
1794 1946
707 1018
519 162
1621 1659
1439 171
1485 418
1468 1217
766 655
1920 1682
1485 80
859 1436
108 1322
1457 1674
104 1502
811 25
322 1356
373 604
1117 1029
1039 1244
1414 1089
1859 477
1693 898
1905 1326
1007 811
890 176
1612 843
164 1748
1422 71
1924 1621
1997 1877
1232 734
1690 671
51 1957
1200 806
247 1089
1565 613
1862 105
1782 1257
67 1766
294 789
1631 957
1056 1905
327 147
119 477
706 250
984 115
1137 289
245 673
1830 1187
275 1444
408 76
532 1839
1448 622
739 314
1454 1866
1174 1032
1288 1436
1582 230
1058 1614
1864 1700
167 1763
52 1199
1871 1303
490 648
92 52
480 764
955 851
1824 1011
1676 754
619 563
1594 1129
565 1793
22 882
847 498
550 1431
1194 710
1908 716
370 1597
244 130
182 1211
327 687
1890 1013
23 1281
34 1713
275 51
1179 1004
796 1869
1102 95
945 1169
600 1948
1010 1494
209 1793
1741 917
1399 930
141 1984
1023 1932
944 467
1747 912
624 1318
1368 132
1135 899
1119 899
1345 283
1451 572
871 289
1782 50
194 1880
1149 342
1272 1934
270 547
478 1764
230 1292
555 1773
1090 328
811 1178
428 810
60 1945
579 1546
469 1404
45 30
431 1340
1219 178
872 625
910 367
1265 495
258 1531
1174 94
1866 487
814 1728
1258 1308
469 1976
1920 1685
1583 528
283 499
880 51
1390 327
857 1310
286 609
1327 1728
222 1548
1078 944
1037 831
1317 604
331 1255
562 482
457 1588
1625 1030
1909 728
1578 1207
1257 191
870 809
119 647
1607 1726
1805 756
303 933
228 378
1208 1733
336 1265
519 876
1357 1018
958 1080
461 165
892 582
1788 369
559 822
1630 1044
42 1780
1857 100
856 1648
933 1661
390 1510
1594 1160
424 1597
472 1929
1299 1294
725 180
344 256
1189 1185
1905 1588
409 976
371 816
595 390
490 413
412 804
464 1697
1558 1344
856 854
802 1152
1432 1631
925 1274
1453 730
1337 1649
1186 1797
1736 525
1852 1442
609 144
885 223
987 1556
359 1374
1422 1398
1094 822
27 980
483 1949
1579 829
454 266
1348 855
856 1906
54 684
1561 41
1834 1789
284 1412
1986 443
1998 1169
894 972
370 356
1529 668
1999 1463
1763 1908
1088 481
1098 1341
196 1541
1798 445
1481 1051
1443 204
344 1041
804 1628
70 628
148 1142
113 419
1126 1393
60 834
648 1007
914 58
890 762
103 353
1893 340
784 650
52 42
245 264
1656 1846
1473 589
1568 812
305 1895
313 1715
1459 769
1603 1791
797 1871
280 602
1364 62
414 1170
1861 1818
819 658
699 644
1260 870
715 944
1532 1267
430 539
433 1099
1165 734
1503 1098
888 975
845 1457
58 36
97 1125
646 1773
1942 862
1519 506
1149 760
1981 217
1160 760
379 1047
1586 1043
493 808
1542 18
1467 9
984 1396
852 354
741 1828
952 1261
1034 837
50 1949
454 1327
439 1568
137 1955
1066 419
1466 1648
691 1444
252 1403
1772 1535
1544 145
1540 1239
1944 879
706 391
1651 685
1873 10
1958 1036
715 1923
1842 764
718 1153
1571 330
1978 1783
1227 1388
1142 1020
554 1830
1974 914
504 449
1327 1513
255 447
1483 385
746 257
1645 1356
1630 1055
1818 359
1511 1823
153 535
670 1433
1173 482
1501 248
77 314
1227 406
1207 402
266 1730
177 533
1269 520
1128 11
1366 14
1069 772
1130 1347
1170 1238
125 992
425 1674
155 794
1393 1597
1910 1655
412 1821
222 1489
1218 1618
503 487
1358 1746
1757 1771
137 837
1609 1474
821 1557
1146 1090
82 342
15 1270
415 858
806 521
527 1807
1627 715
555 938
556 200
1038 125
1870 1410
1532 747
1584 1978
1804 20
1576 1544
633 976
1317 722
343 1066
1923 1683
203 758
564 728
1795 729
18 543
742 349
825 925
334 1780
526 1047
1024 1866
1885 461
4 1179
154 1813
886 989
54 1822
1856 1228
337 329
1408 58
1138 1253
1795 1554
255 1156
80 888
1019 1079
125 766
983 1897
357 1501
679 1219
1031 713
1701 1185
1006 268
1848 106
434 862
1271 184
1436 194
1747 409
1916 1582
822 1
1080 347
1112 1840
1736 1556
1056 94
1313 445
1157 1735
919 695
1315 857
962 276
1489 1162
1697 1748
1941 760
1520 1485
1418 39
40 1787
133 239
79 1471
1026 1597
42 166
610 434
168 1706
401 1766
974 1438
65 67
1580 288
387 1554
665 1276
1112 679
717 184
1970 530
768 756
578 454
50 1198
1716 1956
389 92
1797 325
443 908
697 549
967 1768
407 761
666 546
1822 793
1471 1330
1513 1285
1814 188
1295 1834
288 934
483 225
180 337
780 198
875 568
1475 929
1829 1317
1084 523
1283 796
1341 1843
635 301
1630 1514
799 458
997 1495
1328 964
249 291
867 1967
304 732
1281 1046
1965 1435
715 155
1471 1439
1961 544
1691 907
749 1596
1896 1031
897 1735
192 1877
1371 47
1362 1188
1831 1051
1017 1611
694 697
95 1672
1107 1974
129 59
1850 1821
716 1951
857 162
1757 406
1437 1957
1692 4
1881 685
731 235
1423 1603
653 444
54 1605
653 1670
1341 747
1073 747
806 799
620 1201
1151 655
1168 1335
1741 360
668 925
1280 1529
565 359
946 1512
1115 1647
90 368
324 1767
1788 144
1242 976
75 1129
1927 314
1866 880
1886 898
585 1369
1728 1053
329 677
205 395
1106 1961
1472 1121
767 51
770 938
705 856
1351 1445
420 844
1972 945
1258 494
1725 251
1500 1476
844 1962
1367 84
760 923
1317 47
7 1316
436 774
1176 1831
768 1202
410 1945
1741 1824
668 1760
704 161
1006 639
1241 314
141 1083
1044 741
1176 984
1906 762
809 1936
1603 1574
700 815
997 39
1592 1875
172 1765
1588 1
113 1912
424 255
1246 1168
1833 1782
864 838
1578 1973
956 259
1373 754
1041 1213
1139 181
1347 643
1033 1838
1712 344
108 625
977 235
147 47
654 1089
609 922
703 1899
736 441
414 1918
529 666
1771 1721
1286 1901
81 1163
1805 424
261 1779
122 1190
166 324
559 581
980 1142
583 1057
1978 1633
1883 1191
1983 1033
950 970
1635 396
469 1830
1730 1757
919 1754
529 162
1941 1076
265 1141
1464 414
1347 430
1571 374
1430 326
310 505
47 1760
792 192
1161 30
777 93
1923 1148
904 1245
1350 1652
166 175
1250 1878
1018 458
871 1514
1943 834
1207 569
894 1865
722 989
1100 1555
1746 768
797 1891
335 1259
406 1574
1170 257
261 1661
1835 872
749 426
883 1084
949 119
1304 105
674 1243
1108 862
1850 1919
1474 181
948 1301
1191 1571
829 97
22 1878
134 1586
1247 1191
62 394
1171 1433
869 1163
1281 405
510 1817
1060 936
1797 1183
1453 167
699 1999
1299 1278
849 1646
1742 842
719 29
1615 1763
1306 852
1598 1213
645 1719
881 768
1525 1513
1682 513
1448 34
1568 741
1259 1245
1595 1020
650 1957
1602 893
1734 1498
1526 1696
1810 804
8 1492
704 1115
834 1605
724 1701
1565 66
579 248
633 1246
338 378
1974 200
1572 1596
1552 1568
813 221
70 1506
1201 898
1702 1947
1439 1362
477 1709
1665 494
546 1662
79 740
1340 463
60 1009
1387 1972
524 398
1993 1712
1632 447
1019 1545
1402 444
1341 1088
1386 602
315 1394
1454 824
1670 1143
804 1470
210 215
1029 1235
243 1549
1872 1089
1486 1981
1693 395
841 1830
1726 1676
119 211
1298 1127
80 1811
1557 1036
1859 395
1537 1010
480 1880
95 693
1927 1041
589 1475
563 521
502 812
1207 400
230 546
221 399
962 1955
1082 691
501 259
1646 1513
1907 409
1419 1505
1384 1444
488 250
1290 1830
1305 766
1286 230
1041 219
619 139
1036 599
998 848
1154 1608
298 1959
569 235
1748 1151
1559 215
71 6
1801 1329
1578 1806
1988 288
1053 867
1448 1644
1862 691
