2000 10000
2 1
3 2
4 2
5 1
6 4
7 2
8 6
9 1
10 5
11 6
12 3
13 6
14 7
15 10
16 3
17 13
18 7
19 8
20 5
21 14
22 15
23 17
24 17
25 17
26 13
27 4
28 27
29 24
30 13
31 20
32 4
33 29
34 12
35 5
36 11
37 21
38 16
39 3
40 23
41 31
42 13
43 23
44 21
45 6
46 26
47 34
48 7
49 16
50 24
51 25
52 42
53 49
54 21
55 25
56 3
57 8
58 46
59 12
60 27
61 9
62 37
63 5
64 23
65 42
66 26
67 14
68 36
69 17
70 65
71 1
72 44
73 12
74 73
75 39
76 13
77 34
78 42
79 53
80 22
81 39
82 26
83 65
84 64
85 54
86 62
87 4
88 21
89 82
90 30
91 77
92 68
93 68
94 91
95 13
96 7
97 54
98 96
99 76
100 73
101 70
102 65
103 11
104 102
105 5
106 90
107 7
108 74
109 9
110 93
111 8
112 51
113 80
114 28
115 42
116 85
117 100
118 112
119 34
120 71
121 101
122 41
123 121
124 81
125 111
126 76
127 84
128 86
129 100
130 129
131 108
132 20
133 98
134 116
135 103
136 10
137 13
138 55
139 88
140 104
141 88
142 2
143 54
144 67
145 28
146 30
147 10
148 11
149 109
150 125
151 66
152 143
153 95
154 149
155 49
156 39
157 2
158 142
159 134
160 64
161 153
162 103
163 30
164 138
165 112
166 121
167 84
168 36
169 131
170 61
171 133
172 150
173 38
174 157
175 71
176 112
177 144
178 122
179 30
180 121
181 133
182 51
183 74
184 36
185 92
186 152
187 89
188 44
189 156
190 133
191 45
192 94
193 3
194 44
195 8
196 174
197 92
198 56
199 66
200 135
201 179
202 170
203 124
204 187
205 105
206 138
207 93
208 195
209 56
210 207
211 95
212 163
213 206
214 9
215 8
216 201
217 114
218 207
219 131
220 169
221 10
222 62
223 76
224 66
225 151
226 118
227 174
228 124
229 181
230 200
231 19
232 102
233 124
234 113
235 93
236 93
237 135
238 209
239 123
240 63
241 106
242 88
243 50
244 231
245 118
246 46
247 227
248 130
249 203
250 226
251 243
252 200
253 92
254 171
255 3
256 149
257 147
258 103
259 225
260 156
261 90
262 103
263 227
264 69
265 135
266 254
267 74
268 90
269 116
270 233
271 91
272 254
273 82
274 258
275 158
276 195
277 110
278 116
279 20
280 6
281 169
282 269
283 7
284 53
285 283
286 57
287 183
288 275
289 57
290 114
291 188
292 24
293 31
294 149
295 9
296 275
297 231
298 159
299 46
300 149
301 268
302 123
303 32
304 187
305 107
306 302
307 109
308 261
309 131
310 226
311 134
312 190
313 122
314 313
315 130
316 242
317 280
318 270
319 271
320 59
321 208
322 3
323 242
324 279
325 274
326 105
327 7
328 26
329 83
330 66
331 127
332 291
333 84
334 80
335 47
336 157
337 239
338 191
339 37
340 112
341 57
342 135
343 291
344 147
345 12
346 100
347 274
348 287
349 213
350 114
351 271
352 50
353 77
354 134
355 57
356 190
357 152
358 330
359 9
360 6
361 164
362 266
363 140
364 97
365 99
366 355
367 53
368 310
369 257
370 258
371 301
372 84
373 197
374 290
375 64
376 111
377 310
378 290
379 325
380 173
381 48
382 8
383 179
384 133
385 56
386 32
387 74
388 288
389 192
390 201
391 261
392 270
393 287
394 150
395 20
396 73
397 6
398 267
399 301
400 315
401 357
402 166
403 242
404 157
405 179
406 358
407 308
408 167
409 2
410 182
411 219
412 257
413 50
414 287
415 225
416 137
417 170
418 373
419 279
420 108
421 329
422 292
423 398
424 338
425 97
426 123
427 126
428 193
429 282
430 114
431 367
432 324
433 77
434 6
435 228
436 394
437 418
438 307
439 329
440 65
441 11
442 68
443 242
444 408
445 344
446 387
447 262
448 354
449 118
450 271
451 339
452 18
453 54
454 123
455 31
456 414
457 40
458 83
459 27
460 249
461 63
462 395
463 435
464 297
465 220
466 35
467 58
468 204
469 334
470 132
471 164
472 257
473 70
474 253
475 128
476 141
477 23
478 234
479 125
480 83
481 46
482 319
483 394
484 479
485 341
486 112
487 305
488 437
489 197
490 477
491 426
492 192
493 68
494 404
495 204
496 272
497 440
498 467
499 485
500 430
501 326
502 173
503 265
504 43
505 79
506 340
507 70
508 436
509 501
510 185
511 338
512 354
513 305
514 382
515 3
516 331
517 30
518 98
519 366
520 46
521 161
522 28
523 201
524 135
525 58
526 364
527 267
528 38
529 400
530 312
531 440
532 526
533 211
534 204
535 95
536 49
537 366
538 406
539 109
540 151
541 234
542 59
543 195
544 454
545 41
546 505
547 221
548 412
549 213
550 268
551 310
552 310
553 150
554 486
555 386
556 273
557 201
558 464
559 151
560 247
561 189
562 476
563 512
564 318
565 176
566 524
567 113
568 110
569 64
570 265
571 282
572 206
573 367
574 305
575 52
576 567
577 471
578 534
579 154
580 204
581 156
582 489
583 373
584 504
585 434
586 164
587 11
588 323
589 13
590 500
591 485
592 88
593 278
594 488
595 22
596 367
597 206
598 131
599 163
600 575
601 129
602 79
603 53
604 76
605 370
606 144
607 283
608 202
609 346
610 209
611 401
612 184
613 35
614 331
615 513
616 465
617 87
618 400
619 200
620 424
621 43
622 340
623 440
624 42
625 26
626 451
627 427
628 233
629 304
630 155
631 169
632 146
633 179
634 56
635 282
636 561
637 48
638 128
639 519
640 626
641 98
642 123
643 287
644 322
645 246
646 207
647 107
648 98
649 599
650 596
651 563
652 185
653 366
654 71
655 560
656 635
657 652
658 93
659 595
660 311
661 517
662 428
663 153
664 94
665 145
666 619
667 578
668 117
669 650
670 375
671 339
672 305
673 621
674 242
675 504
676 238
677 139
678 218
679 609
680 574
681 316
682 656
683 293
684 118
685 52
686 354
687 485
688 254
689 372
690 366
691 42
692 689
693 161
694 513
695 72
696 192
697 459
698 340
699 440
700 605
701 35
702 247
703 428
704 382
705 683
706 232
707 456
708 31
709 579
710 571
711 322
712 410
713 99
714 64
715 628
716 394
717 107
718 153
719 61
720 609
721 10
722 673
723 284
724 109
725 545
726 230
727 456
728 421
729 570
730 95
731 505
732 214
733 77
734 260
735 10
736 282
737 7
738 141
739 581
740 423
741 508
742 612
743 670
744 383
745 16
746 352
747 238
748 174
749 542
750 611
751 218
752 429
753 661
754 173
755 376
756 564
757 447
758 203
759 655
760 701
761 85
762 227
763 349
764 276
765 741
766 201
767 467
768 525
769 548
770 292
771 545
772 295
773 146
774 621
775 23
776 346
777 82
778 727
779 455
780 337
781 207
782 471
783 171
784 713
785 686
786 125
787 183
788 418
789 40
790 327
791 18
792 424
793 34
794 504
795 535
796 392
797 550
798 9
799 716
800 394
801 557
802 99
803 417
804 423
805 9
806 673
807 268
808 435
809 617
810 34
811 632
812 566
813 772
814 325
815 652
816 730
817 639
818 186
819 25
820 187
821 497
822 406
823 490
824 740
825 623
826 316
827 256
828 815
829 343
830 96
831 157
832 692
833 225
834 147
835 173
836 204
837 374
838 4
839 431
840 729
841 234
842 831
843 154
844 664
845 202
846 683
847 355
848 288
849 433
850 414
851 168
852 617
853 798
854 311
855 515
856 485
857 653
858 71
859 123
860 35
861 750
862 572
863 31
864 772
865 556
866 329
867 65
868 862
869 317
870 274
871 390
872 869
873 224
874 587
875 300
876 494
877 250
878 868
879 771
880 101
881 664
882 396
883 67
884 57
885 33
886 100
887 108
888 202
889 31
890 155
891 215
892 767
893 397
894 161
895 218
896 759
897 513
898 281
899 123
900 784
901 777
902 136
903 413
904 521
905 148
906 859
907 543
908 408
909 898
910 837
911 447
912 82
913 587
914 497
915 693
916 633
917 329
918 638
919 738
920 16
921 198
922 468
923 109
924 21
925 278
926 544
927 478
928 422
929 472
930 877
931 328
932 461
933 393
934 871
935 806
936 694
937 292
938 937
939 748
940 21
941 868
942 836
943 776
944 760
945 154
946 774
947 574
948 750
949 706
950 245
951 306
952 53
953 935
954 320
955 746
956 847
957 748
958 831
959 699
960 862
961 660
962 725
963 760
964 686
965 770
966 629
967 963
968 879
969 440
970 816
971 344
972 185
973 952
974 503
975 578
976 465
977 744
978 445
979 249
980 91
981 239
982 244
983 771
984 218
985 304
986 3
987 511
988 784
989 732
990 515
991 339
992 775
993 672
994 50
995 68
996 982
997 227
998 33
999 942
1000 666
1001 669
1002 414
1003 113
1004 569
1005 369
1006 955
1007 283
1008 444
1009 744
1010 846
1011 215
1012 565
1013 855
1014 507
1015 22
1016 291
1017 709
1018 204
1019 370
1020 899
1021 845
1022 346
1023 380
1024 964
1025 557
1026 467
1027 867
1028 155
1029 278
1030 567
1031 565
1032 921
1033 24
1034 647
1035 830
1036 48
1037 439
1038 647
1039 899
1040 773
1041 605
1042 781
1043 568
1044 716
1045 146
1046 929
1047 290
1048 847
1049 763
1050 536
1051 810
1052 763
1053 918
1054 650
1055 301
1056 519
1057 934
1058 201
1059 437
1060 429
1061 1044
1062 845
1063 27
1064 319
1065 253
1066 675
1067 1062
1068 694
1069 180
1070 521
1071 193
1072 300
1073 959
1074 604
1075 200
1076 190
1077 527
1078 909
1079 901
1080 411
1081 1019
1082 303
1083 139
1084 445
1085 157
1086 878
1087 176
1088 534
1089 855
1090 939
1091 470
1092 164
1093 798
1094 1037
1095 956
1096 694
1097 863
1098 1089
1099 479
1100 766
1101 165
1102 13
1103 764
1104 946
1105 880
1106 67
1107 408
1108 584
1109 440
1110 560
1111 158
1112 468
1113 28
1114 757
1115 864
1116 200
1117 285
1118 148
1119 223
1120 1082
1121 92
1122 1093
1123 705
1124 472
1125 352
1126 1077
1127 350
1128 97
1129 1033
1130 818
1131 1092
1132 461
1133 206
1134 229
1135 289
1136 637
1137 651
1138 661
1139 219
1140 464
1141 362
1142 113
1143 614
1144 631
1145 873
1146 722
1147 496
1148 519
1149 11
1150 625
1151 698
1152 658
1153 851
1154 99
1155 986
1156 1135
1157 705
1158 573
1159 762
1160 1027
1161 957
1162 158
1163 696
1164 324
1165 39
1166 647
1167 563
1168 569
1169 1036
1170 966
1171 155
1172 20
1173 418
1174 250
1175 93
1176 523
1177 318
1178 1143
1179 972
1180 1113
1181 635
1182 862
1183 537
1184 464
1185 494
1186 691
1187 377
1188 976
1189 609
1190 259
1191 86
1192 621
1193 1057
1194 101
1195 8
1196 821
1197 871
1198 130
1199 59
1200 465
1201 322
1202 19
1203 130
1204 467
1205 969
1206 235
1207 940
1208 270
1209 809
1210 25
1211 236
1212 546
1213 1082
1214 938
1215 205
1216 1145
1217 952
1218 595
1219 830
1220 852
1221 1144
1222 123
1223 720
1224 463
1225 528
1226 470
1227 383
1228 958
1229 141
1230 415
1231 853
1232 802
1233 218
1234 78
1235 1232
1236 225
1237 969
1238 866
1239 971
1240 1151
1241 548
1242 1018
1243 1107
1244 879
1245 310
1246 190
1247 1128
1248 748
1249 1235
1250 1192
1251 718
1252 557
1253 32
1254 605
1255 733
1256 1033
1257 611
1258 13
1259 193
1260 70
1261 542
1262 732
1263 1187
1264 406
1265 1195
1266 10
1267 534
1268 1091
1269 707
1270 743
1271 1222
1272 1147
1273 1198
1274 1071
1275 75
1276 397
1277 716
1278 1172
1279 629
1280 902
1281 812
1282 750
1283 171
1284 253
1285 636
1286 745
1287 1039
1288 780
1289 450
1290 1047
1291 656
1292 1211
1293 1274
1294 590
1295 1116
1296 697
1297 986
1298 240
1299 704
1300 79
1301 852
1302 1166
1303 742
1304 684
1305 445
1306 247
1307 438
1308 649
1309 97
1310 935
1311 119
1312 491
1313 420
1314 45
1315 426
1316 707
1317 698
1318 787
1319 705
1320 642
1321 480
1322 808
1323 688
1324 329
1325 1264
1326 865
1327 592
1328 123
1329 1133
1330 80
1331 449
1332 453
1333 283
1334 684
1335 494
1336 1197
1337 66
1338 8
1339 141
1340 846
1341 277
1342 411
1343 1161
1344 825
1345 638
1346 351
1347 168
1348 709
1349 327
1350 1047
1351 1048
1352 139
1353 92
1354 528
1355 751
1356 472
1357 1254
1358 747
1359 538
1360 1175
1361 384
1362 1202
1363 663
1364 633
1365 922
1366 917
1367 1362
1368 77
1369 487
1370 299
1371 480
1372 430
1373 295
1374 558
1375 1350
1376 212
1377 149
1378 72
1379 235
1380 138
1381 374
1382 420
1383 980
1384 301
1385 883
1386 735
1387 1138
1388 191
1389 502
1390 248
1391 1152
1392 1204
1393 1278
1394 1342
1395 976
1396 601
1397 726
1398 247
1399 889
1400 705
1401 664
1402 825
1403 143
1404 384
1405 211
1406 923
1407 849
1408 255
1409 800
1410 923
1411 505
1412 610
1413 1277
1414 214
1415 1291
1416 254
1417 646
1418 704
1419 228
1420 1188
1421 1390
1422 1399
1423 899
1424 750
1425 477
1426 330
1427 867
1428 270
1429 276
1430 830
1431 1076
1432 673
1433 548
1434 758
1435 987
1436 528
1437 985
1438 581
1439 798
1440 1116
1441 540
1442 330
1443 292
1444 464
1445 1195
1446 112
1447 732
1448 535
1449 592
1450 545
1451 204
1452 617
1453 854
1454 669
1455 486
1456 1084
1457 1023
1458 552
1459 1129
1460 795
1461 1370
1462 172
1463 1072
1464 563
1465 833
1466 1341
1467 438
1468 186
1469 463
1470 219
1471 772
1472 695
1473 1212
1474 435
1475 433
1476 1045
1477 1102
1478 1044
1479 125
1480 518
1481 549
1482 1403
1483 1054
1484 861
1485 757
1486 756
1487 505
1488 905
1489 1355
1490 506
1491 1098
1492 1486
1493 665
1494 934
1495 619
1496 1395
1497 191
1498 131
1499 1103
1500 602
1501 1103
1502 1031
1503 855
1504 691
1505 98
1506 1470
1507 1324
1508 1291
1509 1265
1510 1261
1511 758
1512 964
1513 1259
1514 134
1515 1508
1516 614
1517 1302
1518 1477
1519 461
1520 336
1521 229
1522 874
1523 1477
1524 1496
1525 391
1526 484
1527 1408
1528 382
1529 1413
1530 582
1531 370
1532 1003
1533 1290
1534 127
1535 790
1536 306
1537 312
1538 996
1539 1316
1540 21
1541 565
1542 377
1543 517
1544 530
1545 630
1546 1047
1547 1362
1548 907
1549 1446
1550 1227
1551 988
1552 538
1553 186
1554 1473
1555 1020
1556 9
1557 943
1558 345
1559 1245
1560 1491
1561 1425
1562 1319
1563 525
1564 1116
1565 798
1566 836
1567 1298
1568 51
1569 340
1570 1471
1571 1159
1572 624
1573 491
1574 1453
1575 545
1576 548
1577 718
1578 877
1579 1497
1580 361
1581 379
1582 1083
1583 108
1584 884
1585 636
1586 691
1587 1286
1588 735
1589 184
1590 1232
1591 949
1592 782
1593 437
1594 1302
1595 587
1596 501
1597 1134
1598 1329
1599 29
1600 1209
1601 282
1602 963
1603 950
1604 570
1605 327
1606 425
1607 1449
1608 414
1609 71
1610 1180
1611 785
1612 409
1613 461
1614 1361
1615 226
1616 898
1617 724
1618 1442
1619 182
1620 864
1621 1582
1622 282
1623 517
1624 370
1625 12
1626 1465
1627 227
1628 614
1629 1627
1630 971
1631 1079
1632 1212
1633 66
1634 806
1635 1103
1636 1181
1637 986
1638 1505
1639 362
1640 1418
1641 1290
1642 419
1643 628
1644 421
1645 1273
1646 901
1647 338
1648 1422
1649 1330
1650 647
1651 114
1652 104
1653 1577
1654 1422
1655 850
1656 1110
1657 899
1658 1322
1659 1494
1660 465
1661 724
1662 397
1663 603
1664 1658
1665 500
1666 1552
1667 195
1668 60
1669 1024
1670 3
1671 141
1672 1154
1673 210
1674 443
1675 1601
1676 305
1677 607
1678 1496
1679 375
1680 598
1681 1355
1682 1168
1683 1168
1684 829
1685 1226
1686 1003
1687 805
1688 657
1689 590
1690 1154
1691 379
1692 582
1693 1590
1694 1512
1695 808
1696 1445
1697 1167
1698 1525
1699 1353
1700 162
1701 1673
1702 23
1703 1040
1704 1433
1705 309
1706 150
1707 1642
1708 1442
1709 434
1710 1403
1711 687
1712 747
1713 1639
1714 317
1715 690
1716 163
1717 1618
1718 477
1719 392
1720 1230
1721 482
1722 1429
1723 1346
1724 5
1725 104
1726 898
1727 707
1728 399
1729 1474
1730 1587
1731 372
1732 1166
1733 1236
1734 1451
1735 792
1736 393
1737 65
1738 1298
1739 442
1740 273
1741 876
1742 1431
1743 1217
1744 154
1745 606
1746 1638
1747 733
1748 1325
1749 898
1750 645
1751 18
1752 950
1753 447
1754 88
1755 1039
1756 1420
1757 165
1758 1208
1759 248
1760 1262
1761 737
1762 773
1763 1704
1764 1445
1765 806
1766 284
1767 1737
1768 748
1769 306
1770 280
1771 971
1772 290
1773 161
1774 955
1775 1232
1776 1311
1777 1188
1778 478
1779 599
1780 1736
1781 274
1782 1578
1783 1781
1784 421
1785 827
1786 534
1787 242
1788 837
1789 453
1790 1382
1791 1673
1792 929
1793 1752
1794 485
1795 865
1796 1749
1797 1575
1798 369
1799 244
1800 146
1801 1152
1802 55
1803 761
1804 729
1805 1442
1806 499
1807 435
1808 1803
1809 320
1810 1564
1811 112
1812 681
1813 760
1814 114
1815 32
1816 1234
1817 1207
1818 129
1819 427
1820 1478
1821 812
1822 779
1823 114
1824 614
1825 1477
1826 248
1827 213
1828 588
1829 1232
1830 513
1831 19
1832 403
1833 59
1834 1259
1835 488
1836 1552
1837 184
1838 717
1839 1438
1840 1003
1841 287
1842 791
1843 1617
1844 82
1845 901
1846 154
1847 1060
1848 552
1849 1628
1850 1807
1851 319
1852 1487
1853 1129
1854 283
1855 579
1856 581
1857 1
1858 1637
1859 1090
1860 664
1861 1278
1862 253
1863 1098
1864 883
1865 880
1866 1617
1867 53
1868 420
1869 508
1870 1135
1871 1757
1872 1697
1873 1759
1874 935
1875 890
1876 131
1877 404
1878 743
1879 561
1880 1120
1881 51
1882 1227
1883 232
1884 1261
1885 1838
1886 1114
1887 1792
1888 1354
1889 1165
1890 172
1891 1725
1892 1073
1893 741
1894 1423
1895 1550
1896 1310
1897 1676
1898 973
1899 1136
1900 436
1901 782
1902 1530
1903 77
1904 1782
1905 1164
1906 1642
1907 585
1908 1190
1909 1887
1910 990
1911 987
1912 809
1913 1221
1914 1607
1915 566
1916 31
1917 1424
1918 1107
1919 1577
1920 798
1921 130
1922 974
1923 1717
1924 694
1925 312
1926 1681
1927 223
1928 279
1929 234
1930 1257
1931 1139
1932 1128
1933 239
1934 789
1935 757
1936 132
1937 1026
1938 1285
1939 532
1940 1017
1941 821
1942 1564
1943 1503
1944 353
1945 1930
1946 475
1947 864
1948 216
1949 1294
1950 973
1951 320
1952 1412
1953 1142
1954 1052
1955 748
1956 1368
1957 982
1958 36
1959 1017
1960 476
1961 1605
1962 516
1963 811
1964 466
1965 348
1966 1581
1967 836
1968 1
1969 1653
1970 1147
1971 165
1972 1888
1973 1490
1974 864
1975 1741
1976 294
1977 496
1978 600
1979 697
1980 1725
1981 1321
1982 340
1983 1832
1984 1892
1985 794
1986 818
1987 1906
1988 1014
1989 216
1990 592
1991 549
1992 990
1993 1454
1994 1858
1995 840
1996 349
1997 572
1998 1534
1999 1384
2000 1418
2000 1999
1999 1998
1998 1997
1997 1996
1996 1995
1995 1994
1994 1993
1993 1992
1992 1991
1991 1990
1990 1989
1989 1988
1988 1987
1987 1986
1986 1985
1985 1984
1984 1983
1983 1982
1982 1981
1981 1980
1980 1979
1979 1978
1978 1977
1977 1976
1976 1975
1975 1974
1974 1973
1973 1972
1972 1971
1971 1970
1970 1969
1969 1968
1968 1967
1967 1966
1966 1965
1965 1964
1964 1963
1963 1962
1962 1961
1961 1960
1960 1959
1959 1958
1958 1957
1957 1956
1956 1955
1955 1954
1954 1953
1953 1952
1952 1951
1951 1950
1950 1949
1949 1948
1948 1947
1947 1946
1946 1945
1945 1944
1944 1943
1943 1942
1942 1941
1941 1940
1940 1939
1939 1938
1938 1937
1937 1936
1936 1935
1935 1934
1934 1933
1933 1932
1932 1931
1931 1929
1929 1928
1928 1927
1927 1926
1926 1925
1925 1924
1924 1923
1923 1922
1922 1921
1921 1920
1920 1919
1919 1918
1918 1917
1917 1916
1916 1915
1915 1914
1914 1913
1913 1912
1912 1911
1911 1910
1910 1909
1909 1908
1908 1907
1907 1905
1905 1904
1904 1903
1903 1902
1902 1901
1901 1900
1900 1899
1899 1898
1898 1897
1897 1896
1896 1895
1895 1894
1894 1893
1893 1891
1891 1890
1890 1889
1889 1886
1886 1885
1885 1884
1884 1883
1883 1882
1882 1881
1881 1880
1880 1879
1879 1878
1878 1877
1877 1876
1876 1875
1875 1874
1874 1873
1873 1872
1872 1871
1871 1870
1870 1869
1869 1868
1868 1867
1867 1866
1866 1865
1865 1864
1864 1863
1863 1862
1862 1861
1861 1860
1860 1859
1859 1857
1857 1856
1856 1855
1855 1854
1854 1853
1853 1852
1852 1851
1851 1850
1850 1849
1849 1848
1848 1847
1847 1846
1846 1845
1845 1844
1844 1843
1843 1842
1842 1841
1841 1840
1840 1839
1839 1837
1837 1836
1836 1835
1835 1834
1834 1833
1833 1831
1831 1830
1830 1829
1829 1828
1828 1827
1827 1826
1826 1825
1825 1824
1824 1823
1823 1822
1822 1821
1821 1820
1820 1819
1819 1818
1818 1817
1817 1816
1816 1815
1815 1814
1814 1813
1813 1812
1812 1811
1811 1810
1810 1809
1809 1808
1808 1806
1806 1805
1805 1804
1804 1802
1802 1801
1801 1800
1800 1799
1799 1798
1798 1797
1797 1796
1796 1795
1795 1794
1794 1793
1793 1791
1791 1790
1790 1789
1789 1788
1788 1787
1787 1786
1786 1785
1785 1784
1784 1783
1783 1780
1780 1779
1779 1778
1778 1777
1777 1776
1776 1775
1775 1774
1774 1773
1773 1772
1772 1771
1771 1770
1770 1769
1769 1768
1768 1767
1767 1766
1766 1765
1765 1764
1764 1763
1763 1762
1762 1761
1761 1760
1760 1758
1758 1756
1756 1755
1755 1754
1754 1753
1753 1751
1751 1750
1750 1748
1748 1747
1747 1746
1746 1745
1745 1744
1744 1743
1743 1742
1742 1740
1740 1739
1739 1738
1738 1735
1735 1734
1734 1733
1733 1732
1732 1731
1731 1730
1730 1729
1729 1728
1728 1727
1727 1726
1726 1724
1724 1723
1723 1722
1722 1721
1721 1720
1720 1719
1719 1718
1718 1716
1716 1715
1715 1714
1714 1713
1713 1712
1712 1711
1711 1710
1710 1709
1709 1708
1708 1707
1707 1706
1706 1705
1705 1703
1703 1702
1702 1701
1701 1700
1700 1699
1699 1698
1698 1696
1696 1695
1695 1694
1694 1693
1693 1692
1692 1691
1691 1690
1690 1689
1689 1688
1688 1687
1687 1686
1686 1685
1685 1684
1684 1683
1683 1682
1682 1680
1680 1679
1679 1678
1678 1677
1677 1675
1675 1674
1674 1672
1672 1671
1671 1670
1670 1669
1669 1668
1668 1667
1667 1666
1666 1665
1665 1664
1664 1663
1663 1662
1662 1661
1661 1660
1660 1659
1659 1657
1657 1656
1656 1655
1655 1654
1654 1652
1652 1651
1651 1650
1650 1649
1649 1648
1648 1647
1647 1646
1646 1645
1645 1644
1644 1643
1643 1641
1641 1640
1640 1636
1636 1635
1635 1634
1634 1633
1633 1632
1632 1631
1631 1630
1630 1629
1629 1626
1626 1625
1625 1624
1624 1623
1623 1622
1622 1621
1621 1620
1620 1619
1619 1616
1616 1615
1615 1614
1614 1613
1613 1612
1612 1611
1611 1610
1610 1609
1609 1608
1608 1606
1606 1604
1604 1603
1603 1602
1602 1600
1600 1599
1599 1598
1598 1597
1597 1596
1596 1595
1595 1594
1594 1593
1593 1592
1592 1591
1591 1589
1589 1588
1588 1586
1586 1585
1585 1584
1584 1583
1583 1580
1580 1579
1579 1576
1576 1574
1574 1573
1573 1572
1572 1571
1571 1570
1570 1569
1569 1568
1568 1567
1567 1566
1566 1565
1565 1563
1563 1562
1562 1561
1561 1560
1560 1559
1559 1558
1558 1557
1557 1556
1556 1555
1555 1554
1554 1553
1553 1551
1551 1549
1549 1548
1548 1547
1547 1546
1546 1545
1545 1544
1544 1543
1543 1542
1542 1541
1541 1540
1540 1539
1539 1538
1538 1537
1537 1536
1536 1535
1535 1533
1533 1532
1532 1531
1531 1529
1529 1528
1528 1527
1527 1526
1526 1524
1524 1523
1523 1522
1522 1521
1521 1520
1520 1519
1519 1518
1518 1517
1517 1516
1516 1515
1515 1514
1514 1513
1513 1511
1511 1510
1510 1509
1509 1507
1507 1506
1506 1504
1504 1502
1502 1501
1501 1500
1500 1499
1499 1498
1498 1495
1495 1493
1493 1492
1492 1489
1489 1488
1488 1485
1485 1484
1484 1483
1483 1482
1482 1481
1481 1480
1480 1479
1479 1476
1476 1475
1475 1472
1472 1469
1469 1468
1468 1467
1467 1466
1466 1464
1464 1463
1463 1462
1462 1461
1461 1460
1460 1459
1459 1458
1458 1457
1457 1456
1456 1455
1455 1452
1452 1450
1450 1448
1448 1447
1447 1444
1444 1443
1443 1441
1441 1440
1440 1439
1439 1437
1437 1436
1436 1435
1435 1434
1434 1432
1432 1430
1430 1428
1428 1427
1427 1426
1426 1421
1421 1419
1419 1417
1417 1416
1416 1415
1415 1414
1414 1411
1411 1410
1410 1409
1409 1407
1407 1406
1406 1405
1405 1404
1404 1402
1402 1401
1401 1400
1400 1398
1398 1397
1397 1396
1396 1394
1394 1393
1393 1392
1392 1391
1391 1389
1389 1388
1388 1387
1387 1386
1386 1385
1385 1383
1383 1381
1381 1380
1380 1379
1379 1378
1378 1377
1377 1376
1376 1375
1375 1374
1374 1373
1373 1372
1372 1371
1371 1369
1369 1367
1367 1366
1366 1365
1365 1364
1364 1363
1363 1360
1360 1359
1359 1358
1358 1357
1357 1356
1356 1352
1352 1351
1351 1349
1349 1348
1348 1347
1347 1345
1345 1344
1344 1343
1343 1340
1340 1339
1339 1338
1338 1337
1337 1336
1336 1335
1335 1334
1334 1333
1333 1332
1332 1331
1331 1328
1328 1327
1327 1326
1326 1323
1323 1320
1320 1318
1318 1317
1317 1315
1315 1314
1314 1313
1313 1312
1312 1309
1309 1308
1308 1307
1307 1306
1306 1305
1305 1304
1304 1303
1303 1301
1301 1300
1300 1299
1299 1297
1297 1296
1296 1295
1295 1293
1293 1292
1292 1289
1289 1288
1288 1287
1287 1284
1284 1283
1283 1282
1282 1281
1281 1280
1280 1279
1279 1276
1276 1275
1275 1272
1272 1271
1271 1270
1270 1269
1269 1268
1268 1267
1267 1266
1266 1263
1263 1260
1260 1258
1258 1256
1256 1255
1255 1253
1253 1252
1252 1251
1251 1250
1250 1249
1249 1248
1248 1247
1247 1246
1246 1244
1244 1243
1243 1242
1242 1241
1241 1240
1240 1239
1239 1238
1238 1237
1237 1233
1233 1231
1231 1229
1229 1228
1228 1225
1225 1224
1224 1223
1223 1220
1220 1219
1219 1218
1218 1216
1216 1215
1215 1214
1214 1213
1213 1210
1210 1206
1206 1205
1205 1203
1203 1201
1201 1200
1200 1199
1199 1196
1196 1194
1194 1193
1193 1191
1191 1189
1189 1186
1186 1185
1185 1184
1184 1183
1183 1182
1182 1179
1179 1178
1178 1177
1177 1176
1176 1174
1174 1173
1173 1171
1171 1170
1170 1169
1169 1163
1163 1162
1162 1160
1160 1158
1158 1157
1157 1156
1156 1155
1155 1153
1153 1150
1150 1149
1149 1148
1148 1146
1146 1141
1141 1140
1140 1137
1137 1132
1132 1131
1131 1130
1130 1127
1127 1126
1126 1125
1125 1124
1124 1123
1123 1122
1122 1121
1121 1119
1119 1118
1118 1117
1117 1115
1115 1112
1112 1111
1111 1109
1109 1108
1108 1106
1106 1105
1105 1104
1104 1101
1101 1100
1100 1099
1099 1097
1097 1096
1096 1095
1095 1094
1094 1088
1088 1087
1087 1086
1086 1085
1085 1081
1081 1080
1080 1078
1078 1075
1075 1074
1074 1070
1070 1069
1069 1068
1068 1067
1067 1066
1066 1065
1065 1064
1064 1063
1063 1061
1061 1059
1059 1058
1058 1056
1056 1055
1055 1053
1053 1051
1051 1050
1050 1049
1049 1046
1046 1043
1043 1042
1042 1041
1041 1038
1038 1035
1035 1034
1034 1032
1032 1030
1030 1029
1029 1028
1028 1025
1025 1022
1022 1021
1021 1016
1016 1015
1015 1013
1013 1012
1012 1011
1011 1010
1010 1009
1009 1008
1008 1007
1007 1006
1006 1005
1005 1004
1004 1002
1002 1001
1001 1000
1000 999
999 998
998 997
997 995
995 994
994 993
993 992
992 991
991 989
989 984
984 983
983 981
981 979
979 978
978 977
977 975
975 970
970 968
968 967
967 965
965 962
962 961
961 960
960 954
954 953
953 951
951 948
948 947
947 945
945 944
944 941
941 936
936 933
933 932
932 931
931 930
930 928
928 927
927 926
926 925
925 924
924 920
920 919
919 916
916 915
915 914
914 913
913 912
912 911
911 910
910 908
908 906
906 904
904 903
903 900
900 897
897 896
896 895
895 894
894 893
893 892
892 891
891 888
888 887
887 886
886 885
885 882
882 881
881 875
875 872
872 870
870 860
860 858
858 857
857 856
856 848
848 844
844 843
843 842
842 841
841 839
839 838
838 835
835 834
834 832
832 828
828 826
826 824
824 823
823 822
822 820
820 819
819 817
817 814
814 813
813 807
807 804
804 803
803 801
801 799
799 797
797 796
796 793
793 788
788 786
786 783
783 778
778 769
769 768
768 765
765 755
755 754
754 753
753 752
752 749
749 739
739 736
736 734
734 731
731 728
728 723
723 721
721 719
719 715
715 714
714 712
712 711
711 710
710 708
708 703
703 702
702 700
700 685
685 682
682 680
680 679
679 678
678 677
677 676
676 674
674 671
671 668
668 667
667 662
662 659
659 654
654 648
648 644
644 643
643 641
641 640
640 634
634 627
627 622
622 620
620 618
618 616
616 615
615 613
613 608
608 597
597 594
594 593
593 591
591 589
589 586
586 583
583 580
580 577
577 576
576 562
562 559
559 555
555 554
554 553
553 551
551 547
547 541
541 539
539 533
533 531
531 529
529 522
522 520
520 514
514 510
510 509
509 498
498 495
495 493
493 492
492 483
483 481
481 474
474 473
473 469
469 462
462 460
460 458
458 457
457 452
452 448
448 446
446 441
441 432
432 416
416 407
407 405
405 402
402 389
389 388
388 385
385 381
381 378
378 371
371 368
368 365
365 363
363 360
360 359
359 356
356 347
347 342
342 335
335 333
333 332
332 321
321 314
314 298
298 296
296 286
286 264
264 263
263 252
252 251
251 241
241 237
237 222
222 217
217 199
199 196
196 194
194 178
178 177
177 175
175 160
160 120
120 115
115 2000
1278 1183
437 44
20 446
685 307
234 1621
341 778
1653 1331
204 1594
1847 658
585 210
1878 290
632 1469
90 1071
1030 317
98 411
1945 306
349 1376
173 733
1040 369
341 858
1635 1625
955 1034
627 1639
648 1159
1720 474
1115 1233
1053 1598
1020 98
414 1142
1904 49
706 512
239 201
933 1055
1775 411
1620 1972
1596 115
1148 1606
1597 903
413 1775
600 244
1476 132
81 66
164 880
374 1100
1149 577
1440 277
829 1854
1260 30
793 1762
85 1386
1501 412
370 33
935 1000
1126 1966
561 1347
1830 77
143 389
1268 1911
1010 658
1234 1641
270 158
364 1026
1055 1098
859 1623
1009 199
963 1296
1328 861
212 1332
1649 262
1960 1338
1766 209
597 1789
51 1908
565 217
1857 1061
1570 151
1176 126
1576 285
1908 582
781 434
81 1268
480 95
1426 1408
1669 1043
732 1426
1634 1980
1769 498
405 583
799 171
1231 1322
1824 655
1133 1153
1437 999
1932 708
1493 1696
1315 1064
1158 1574
981 146
1189 935
360 1002
981 1920
417 346
928 1101
1272 1174
847 78
1084 854
6 670
20 216
1275 1795
1490 1951
1367 768
341 1157
1302 524
1811 1673
674 490
410 170
515 7
1107 1178
351 1794
1871 730
1584 1197
1866 955
1522 1941
87 237
188 797
1564 1577
1085 1554
429 256
280 386
1228 591
761 1306
1312 1637
1166 1627
1773 770
1500 1517
1065 1995
1301 1083
1375 1283
1519 823
1971 1462
1390 58
1963 1886
141 474
1211 744
1334 772
77 438
426 446
73 1388
158 1592
1460 197
191 9
1443 876
510 1492
666 817
630 29
438 636
521 371
844 753
1496 1013
1784 407
844 1181
1627 213
1952 1622
1565 51
247 109
117 1024
251 437
280 1911
728 761
1141 945
1580 1709
80 1578
330 452
1464 1275
1681 177
1358 1600
1812 877
498 984
1034 1763
224 62
1437 1632
68 692
603 1687
447 348
1644 1330
1038 1587
1517 1224
1675 1117
392 198
727 1491
1090 424
1300 84
1419 901
663 149
562 804
435 886
1578 350
37 854
1553 180
1861 835
774 1197
772 1250
719 290
839 798
288 1462
1885 1565
2000 1377
277 1537
37 1770
573 1292
529 951
1300 1359
213 458
637 1336
523 1765
961 849
451 1296
1937 84
882 1169
982 775
692 1169
546 866
754 1043
813 1174
817 1143
93 1385
1096 1346
1803 1392
1080 1308
1424 792
1992 1602
897 737
820 442
1610 833
1959 1701
870 591
1809 1002
45 1767
1292 914
56 857
593 109
1806 500
1892 1688
1347 1960
751 1323
924 771
1507 743
1536 172
1356 326
27 1146
88 1314
668 1248
1366 248
1514 712
1920 657
1117 1921
421 512
552 922
882 664
1986 1898
668 1984
726 909
1432 526
852 262
1759 787
452 1230
829 198
798 1119
182 194
850 311
231 101
613 1967
1240 1003
1666 1516
1413 473
457 1651
911 433
958 1534
147 694
1480 161
1742 257
807 284
1402 570
763 1604
266 1584
1684 1965
283 848
1851 648
163 1874
347 1868
1871 1928
712 1155
688 1133
1827 21
534 1187
1443 1306
1589 275
1197 249
204 1343
1278 311
275 469
1669 1313
1961 909
783 1519
1738 475
754 1481
635 1608
741 1817
1838 1322
508 567
224 371
997 303
903 165
1507 193
856 1107
1927 784
96 1130
391 1595
1465 408
1235 1173
1005 1203
810 340
157 1639
1312 1550
468 346
716 172
474 692
856 64
609 1376
834 714
1497 1464
945 761
707 1944
704 1335
859 172
1726 290
981 1863
1501 535
437 1137
1482 813
984 1256
1947 549
613 1809
1536 1154
1867 1221
684 370
1130 1715
1659 1628
1315 188
359 714
1355 173
388 84
971 335
1472 240
1404 1759
1014 1305
206 739
547 961
114 818
390 83
804 333
47 1425
1052 285
472 57
770 718
1243 831
1266 476
811 1630
1869 588
346 634
1938 1625
363 1360
672 143
1312 910
1344 1137
1469 1701
1125 147
431 1516
1572 529
1598 902
84 694
1169 840
469 1702
289 1979
612 690
314 635
1994 902
1396 676
1937 665
153 708
760 1632
1778 1622
1137 237
1117 560
1814 1060
1753 714
1554 1897
1950 922
1252 374
1415 239
873 216
1469 1728
756 1218
234 864
1923 1044
676 386
359 1035
1271 805
1365 1495
555 387
1100 1178
1426 659
1932 1005
1731 1376
1966 1536
1751 1145
1225 1190
407 1219
434 1980
1375 992
1729 709
1743 402
1207 88
1934 1013
1751 923
100 488
1499 1202
207 1877
1604 1430
965 1937
1081 1569
758 1067
637 305
636 1516
859 1071
1779 363
764 588
1027 1521
885 1970
892 960
1800 635
1836 1343
1220 1298
1079 42
330 1175
744 44
1110 1763
419 1853
1369 99
1169 1055
1769 227
1166 1299
1171 532
502 192
1152 55
689 1745
1088 951
600 876
1270 659
1833 1678
73 1599
1713 576
429 1535
1633 132
1538 149
375 801
451 1306
1837 1893
84 1621
27 690
435 1235
537 1067
1942 1522
532 1136
1166 1211
1162 364
1292 1238
772 874
1357 72
220 404
1556 894
551 946
838 6
1626 388
1077 1274
860 4
1070 1863
1736 1397
884 1012
574 267
631 49
1287 1735
961 274
345 58
814 669
1915 916
1861 369
375 465
852 1051
324 352
356 281
495 1183
931 1425
788 231
497 1815
215 1362
1448 1479
1752 1853
263 760
1429 96
1363 1076
1444 1695
159 1224
626 170
874 1363
1995 1301
483 1581
1357 489
719 1766
1932 145
1858 1568
1046 146
1999 1657
417 798
1245 261
1688 197
1891 608
183 1483
1653 49
1763 808
108 878
810 1757
246 942
707 166
662 1316
883 638
1136 519
176 1929
1078 1486
1746 944
1140 674
1281 1785
1267 1382
1782 1815
974 1271
148 1545
1653 1433
727 957
1475 1898
1566 1785
775 136
655 448
728 1910
1395 1182
125 1805
479 1492
1276 1616
997 111
278 542
165 1130
674 1251
1036 664
1621 327
576 1762
1546 1447
1582 141
941 320
581 588
1769 1668
1825 1975
1466 245
1860 303
765 1093
1987 856
1986 1394
645 151
814 1011
1689 32
1793 786
584 265
757 1690
362 166
753 1697
1717 942
917 874
1118 1541
195 734
179 978
185 959
353 165
667 522
1885 1349
1380 1832
970 1573
189 1524
1565 1553
70 946
994 1926
868 823
1696 710
250 136
1221 1165
142 444
1403 1399
1915 679
1200 107
1807 933
1117 1084
1009 1538
1413 86
1990 1197
142 977
903 60
1234 1136
1845 122
257 1281
445 447
890 1477
876 939
1617 644
1102 790
75 1168
604 908
445 1191
1276 1612
1160 1857
1186 1617
28 1302
789 88
209 1261
893 985
1431 465
293 1338
628 321
1316 1168
310 244
1763 418
1325 736
1926 366
329 122
330 1553
1169 1489
1142 1515
1954 1197
809 282
1618 162
978 1702
1391 1049
1721 1623
1142 18
613 1036
1453 1803
538 727
1093 1130
1251 463
15 1773
1613 1932
1447 1536
1084 754
1387 1752
266 1892
1945 1005
53 1243
1217 1335
1704 125
1512 359
161 668
1395 1317
446 699
1161 839
611 48
1979 1528
1063 224
1329 1777
1529 146
389 716
1720 1794
1388 334
20 124
600 605
1315 76
743 111
1427 1475
173 137
1327 224
271 1686
1213 290
513 602
730 627
1124 193
1260 258
403 1512
1845 979
1454 143
747 217
292 405
516 413
1887 1386
1523 294
518 412
97 1201
1490 1140
93 1661
639 354
547 823
1432 1762
1273 1806
1137 1835
1977 1470
38 942
1347 1075
1487 329
1714 214
859 1725
136 1588
789 1728
868 584
596 630
984 1312
134 1234
1347 1530
1687 1566
1752 972
793 1175
117 1728
1154 830
1158 1815
28 992
716 1223
1163 886
614 852
1787 303
932 1833
1144 383
1968 1915
1796 1278
1195 1667
638 1483
657 946
1025 1782
611 1125
939 530
1521 120
1342 966
204 236
1439 856
1158 817
1001 1578
312 90
4 144
1773 631
297 1800
1634 967
264 1286
1067 290
1415 1288
1817 1677
148 705
1671 1689
277 1842
697 1874
1042 67
1644 1855
1944 42
537 1955
938 299
450 310
1628 1234
872 83
725 244
1883 290
1967 491
1195 1700
1740 466
307 1217
1442 16
83 1004
1210 483
876 78
385 1505
1803 1413
74 1322
907 605
1039 53
296 1778
68 1763
605 179
230 386
1203 152
1720 1969
337 1510
865 1162
1644 771
1200 426
1930 872
636 1584
1257 84
688 1061
1113 164
293 79
193 1761
1939 712
1449 798
1301 520
840 652
513 1020
181 1176
298 1729
154 177
1400 1498
1081 435
518 35
1095 338
853 1558
1636 207
319 1497
209 1828
977 257
1128 9
1012 629
1649 1968
1495 1524
1604 181
709 1793
1642 1757
191 108
142 722
1411 1061
618 1588
147 615
112 605
784 465
1074 672
1032 1761
389 201
168 44
1919 389
570 1663
1807 1523
1631 1278
1738 1448
521 174
1234 1879
1819 284
1250 203
1159 1965
429 1713
736 1942
54 1502
55 1768
163 443
1183 222
236 81
1955 104
1382 394
193 1586
1759 1471
1701 714
1349 1344
1546 1519
1483 950
663 704
997 264
117 1398
1517 1051
1845 171
393 31
112 1027
1131 980
1374 418
355 864
334 1918
983 465
1808 34
1905 331
1633 1705
760 1387
2 295
44 1757
1159 119
289 1913
1943 1003
29 1033
13 406
824 1159
374 1738
1655 1530
1995 707
1093 990
1672 1802
1859 997
735 1304
1598 970
726 737
1207 1994
258 1884
1238 1495
528 200
606 1267
777 892
981 1781
1310 1151
209 987
1976 1656
1810 1653
1001 1648
951 1668
989 88
824 901
1246 1715
1950 30
1876 1503
1702 1188
806 755
1646 659
791 1582
1084 978
1965 453
108 1645
1649 1940
1939 269
1936 650
737 1242
142 925
991 1912
293 1387
889 1292
831 168
923 942
1601 1988
1922 920
1898 743
1195 1357
1001 1862
153 1655
1923 650
1651 444
1685 211
1487 739
650 1826
1564 829
120 1294
1461 804
1745 1303
1290 735
1655 1697
440 1211
568 1904
1765 1986
1992 1920
921 269
712 1915
477 923
1661 748
925 1963
791 662
1955 488
1643 1262
916 1768
854 1388
1436 558
120 860
763 227
213 1039
959 879
1500 556
470 231
1154 211
1311 946
1260 1166
1828 235
1075 402
1664 134
253 717
104 579
1488 1107
1966 1892
118 1608
646 1081
1959 682
1238 1604
187 1458
21 59
1357 1340
505 1331
1565 616
1018 684
818 639
1708 1033
1963 1070
528 1811
54 1451
1058 846
1926 172
1205 1703
1659 1884
1694 442
853 1845
1536 1714
1396 209
1176 40
724 1312
303 545
1929 1893
1314 10
172 1892
1694 194
1039 226
749 1103
1157 964
1199 1953
747 815
1011 1244
1309 1599
159 546
586 704
16 1334
231 1661
1905 670
679 159
402 1570
1763 850
1427 95
1197 801
116 175
128 354
1520 1667
1262 1226
824 531
1076 571
1274 982
667 13
25 1641
310 897
1056 1929
1499 1340
190 1457
1904 1261
414 1968
143 1452
1805 881
899 622
1847 1677
207 161
731 1022
3 1634
1647 356
1997 1021
270 1671
1952 658
1998 1325
1133 1802
1414 539
506 1388
840 1827
1060 648
1621 996
672 1958
118 1467
840 1230
864 848
1204 1194
215 862
884 1552
209 484
160 1187
988 558
1096 1644
1032 402
228 1602
601 223
1218 1639
1597 574
40 242
1471 1714
914 880
73 686
1899 469
20 639
1122 1135
321 580
1138 1633
1277 1309
1710 585
538 660
882 289
1928 1491
64 99
692 1524
1589 455
1686 515
1552 502
970 111
749 1451
585 1341
1921 223
1855 905
565 1410
346 1483
142 274
915 1236
726 1375
1826 842
717 1141
1595 517
1031 657
1159 1281
1743 935
385 480
1821 491
1065 1321
577 93
1854 1272
754 1142
1767 551
1786 1248
622 1033
226 511
3 447
1316 942
1951 1598
1230 698
1632 1109
1940 972
1814 16
1688 1760
204 879
150 617
110 57
960 903
502 228
1261 745
1608 1124
1922 1486
780 1610
1207 1237
1935 730
190 788
1759 1918
1934 129
241 1573
803 1973
589 444
853 952
206 698
1278 1812
556 708
183 538
23 515
125 456
45 1154
1883 1683
471 331
248 424
553 581
153 533
506 793
1588 1307
258 1446
496 440
603 816
1523 1773
310 1511
25 57
512 684
190 149
1832 908
1238 424
848 302
882 1486
370 1400
192 1387
693 875
673 131
571 1303
118 1520
1292 1525
1035 1992
400 1953
988 1060
1208 1263
171 1177
1953 1391
44 1408
1245 800
199 926
664 1615
841 742
872 1708
1010 1865
1384 1794
1319 1479
1822 1027
1331 353
1764 221
1484 671
199 1324
714 1654
1413 151
950 758
35 1010
624 1148
1889 698
405 1816
1681 1113
906 1767
1597 1416
795 224
929 1419
1639 125
795 692
15 1474
1127 994
1144 729
1486 892
1901 94
1593 1872
569 876
691 1834
946 1325
1443 723
491 1851
427 1040
458 1285
1409 1355
46 448
1922 556
1549 413
1141 1400
291 1044
1137 978
849 543
1418 730
563 1769
1093 461
1535 1860
1710 888
1927 25
1309 488
1842 736
1183 1070
1625 240
652 1456
856 1525
568 1792
1121 1498
41 57
1138 321
89 1458
1918 52
1911 1533
420 1453
1829 1972
460 698
1433 1490
559 301
892 968
775 535
59 1543
1686 1982
1480 978
1034 1158
1478 1520
1329 523
574 1918
1451 1599
1403 484
808 222
1272 1231
720 1267
1919 1056
375 1630
516 811
705 1150
1131 926
1904 391
1548 962
833 1289
1812 1378
1295 162
112 385
1221 1097
1319 1514
1096 28
1294 590
1997 168
149 1564
374 372
1521 665
1590 1079
1821 1003
1965 1845
1134 1368
745 797
1310 945
1681 392
1488 1421
1286 901
928 806
1747 734
901 573
137 1744
467 1049
65 862
1940 1987
989 1655
1851 112
1480 953
1750 984
280 576
967 1059
832 1961
861 455
1612 117
850 141
1065 1711
1806 102
1503 1553
415 272
258 1567
1573 706
818 1598
903 1424
759 649
1576 652
62 1039
999 543
1349 1245
1362 211
703 1312
1022 563
1017 120
1672 827
1450 519
437 438
1144 59
1657 362
1785 313
961 559
1562 895
1933 536
1430 1975
1220 1283
1494 778
442 933
1847 548
667 1463
642 863
1733 691
1128 91
502 170
531 623
935 158
1068 667
1561 1895
783 629
955 1846
1128 212
1342 174
1458 973
1521 1783
1597 1305
519 539
1229 590
1033 252
421 357
979 1534
43 951
1969 266
512 1110
90 1529
1726 1294
1858 1044
1570 854
1826 1199
1333 1027
683 1346
237 1281
1871 1202
1453 1465
173 903
436 225
1527 1504
1769 478
1587 1495
1375 280
1926 28
1071 1101
1954 1783
1333 992
19 131
1829 665
1945 701
254 65
1529 167
1069 1706
1930 54
1557 1856
333 1808
1302 1677
1956 271
298 677
129 1881
15 1721
712 434
564 1347
11 1082
135 392
456 308
826 388
446 337
390 1895
1750 727
535 1946
1974 435
705 1836
864 1929
162 1355
1427 1344
1777 176
1523 138
1572 693
1084 1885
544 1706
93 1892
228 1370
1616 538
1617 969
914 1365
151 151
338 1239
1167 1208
562 1554
897 1680
1856 1988
477 1026
1718 1730
1966 400
105 1153
1044 510
231 550
1439 1623
591 1846
1562 1055
1205 1856
1094 1713
920 1895
1448 261
292 1833
172 696
1721 147
228 1000
1400 1438
591 194
703 1504
405 1986
1609 1285
1482 1844
898 199
55 1043
1107 455
349 1500
112 378
562 1796
491 404
902 733
85 564
353 1130
1323 1836
1339 1295
1281 377
13 96
1939 1241
1439 1494
536 836
1290 1845
1697 1995
724 1638
1785 1808
211 1286
370 628
1191 1113
242 806
641 1543
838 1916
644 332
427 470
1710 656
149 365
1200 1500
1697 1036
1382 490
479 1393
1200 106
1743 264
1243 1411
875 464
1270 433
327 1468
1735 1910
241 1516
1985 378
1385 667
1031 46
1546 1533
920 231
1072 1594
986 302
759 1902
165 537
299 853
1316 1407
191 1173
992 585
495 518
385 726
1455 1087
1754 370
415 839
723 784
1366 312
257 1643
296 789
691 1242
131 1406
258 1207
966 429
1954 1925
510 1156
25 1297
23 1356
442 410
1131 1829
668 547
1683 1897
561 1742
1384 1400
189 817
411 31
1788 1231
437 541
1321 397
322 1402
910 1626
923 1183
890 1286
47 945
773 1683
230 1177
1426 1792
1534 264
1663 1986
802 1269
1652 203
1433 1564
456 1439
188 1870
1623 1777
1402 509
43 884
170 676
1620 932
966 568
1745 745
888 1547
1810 1170
1507 421
42 1825
27 660
224 1693
1483 1812
33 679
807 1670
178 7
891 561
1236 572
1855 1412
1979 1208
1952 821
719 75
1596 839
1612 881
705 1102
1762 1653
1345 1083
1246 337
1015 827
497 1278
1285 1822
382 1026
1950 527
290 1969
1176 1804
976 620
1047 1127
318 47
927 642
96 281
285 1983
1417 209
545 1629
807 663
292 1559
1732 1655
1033 1576
454 465
434 1334
1137 1095
1715 1609
1088 465
511 761
1754 1757
37 1789
1771 1849
409 673
653 1187
201 953
864 1459
1466 493
420 947
1412 850
183 874
1968 197
1805 1671
487 34
1146 1244
1352 997
1137 900
1100 1740
412 907
446 1509
813 1064
875 646
1490 1676
623 340
1189 1910
1135 386
582 1723
1393 1102
1488 738
334 1880
1228 633
1532 1685
1425 365
1623 984
492 1836
900 68
1066 1304
1332 1774
465 555
464 1954
339 5
1727 1598
1052 1272
9 1471
1702 891
1523 342
27 930
1646 1407
390 1803
1638 1268
1688 881
536 889
1014 753
1659 1867
172 1478
1482 475
424 510
1781 1560
1383 1827
717 142
835 1084
13 240
1998 1213
1015 10
1278 387
1619 1005
1893 1317
421 506
373 907
736 79
553 544
1406 570
481 1329
1155 1538
31 1863
947 1872
463 866
78 1311
1321 812
1198 1445
449 950
266 1168
1673 693
1951 686
1116 397
1293 687
1256 21
1349 698
587 1736
1951 855
726 618
1835 897
207 1540
703 1912
1708 1879
828 1900
1419 156
849 1445
482 1092
1840 799
1837 1598
1970 1132
181 1444
1532 1318
524 768
1385 1482
378 1602
1141 1571
1482 936
1167 1844
95 1542
1697 1994
1791 1866
1309 897
48 624
573 1148
280 1884
1328 542
211 812
1579 859
692 735
336 1315
885 1069
356 1828
23 719
260 1522
1868 470
335 308
1205 1658
633 1643
790 1604
1487 1206
1747 1421
233 1166
376 1958
1044 163
1830 1067
487 1379
1558 714
1784 843
364 1581
402 43
351 231
240 736
378 1907
1510 873
78 1519
1292 1348
514 176
485 1876
390 889
308 1528
1258 219
933 794
1636 816
748 1068
1111 2000
582 1149
1884 1813
1719 822
46 613
483 1580
927 123
298 126
353 1792
1033 783
662 743
1313 1340
133 1920
1087 597
1665 121
472 186
1334 775
939 1053
226 1569
533 657
588 271
745 1367
1493 1866
1658 1395
529 197
939 690
381 1542
1461 604
1200 865
985 899
1084 864
1638 1808
861 769
337 576
1584 1438
61 1221
588 523
389 1157
551 432
980 46
1087 1431
973 271
874 1819
1035 785
1684 73
937 20
179 1119
1888 926
1502 1039
829 576
1797 1437
1960 889
45 736
1519 348
745 948
378 498
768 183
353 1702
487 1993
66 1387
1758 522
1640 1002
1927 1937
1327 1527
103 1780
1217 155
1395 251
1338 1528
227 1792
739 1208
1705 1323
1857 1468
1170 825
817 209
1947 8
529 1234
235 1705
1993 168
47 514
293 1319
1826 501
751 1861
1388 1220
1011 440
1647 1966
1288 101
1569 1703
879 1144
1352 1090
1097 1696
1281 1299
1355 1977
144 1516
29 1347
1017 542
1042 673
534 842
62 144
583 273
239 1424
1525 229
284 1526
1022 1445
534 1162
857 373
23 1982
1958 138
5 1377
1075 453
995 385
1409 92
933 36
532 294
567 1346
1122 1114
1695 1157
1034 646
442 1978
1139 55
780 975
956 348
837 1154
531 1265
1717 841
1577 1957
48 711
1099 985
1279 1333
678 1630
1095 197
1705 1799
796 789
766 738
1145 1589
563 1905
604 1924
1077 1870
1134 1440
632 1959
1916 1203
1913 208
1544 315
1647 1363
992 1174
1722 677
827 87
1227 1426
516 1975
1563 1993
249 1660
1935 478
699 852
643 1363
1674 185
1387 1274
1833 1941
255 1651
1014 1376
902 254
930 357
795 623
49 108
82 22
366 564
575 1997
826 966
169 509
223 1524
1708 811
436 1896
1836 1446
1097 268
1995 91
696 110
818 896
1519 1977
84 1965
1986 1567
482 518
514 703
20 1056
1916 1339
1214 188
1350 138
34 922
367 137
404 1869
311 1815
276 750
1646 1006
1334 1094
1058 1516
1434 1418
287 1395
449 1915
970 1152
842 468
1007 1237
1374 55
1328 708
844 1407
1628 47
1861 1599
348 1938
1296 137
1582 345
1860 981
398 639
385 1293
1559 1036
187 1185
1652 880
116 1028
1435 1010
1717 1490
896 762
808 912
510 875
813 669
1157 857
1202 460
1440 738
1376 1413
1058 190
1225 112
1296 616
1496 1764
791 1299
660 1611
1100 577
1339 728
1639 348
1222 146
1166 148
1356 386
1197 322
1059 557
322 989
1178 786
1249 1379
1994 754
517 544
194 1489
1452 1660
236 1205
1932 551
1250 1926
72 1570
1717 824
1209 1589
1911 1073
1981 758
1746 1321
107 654
32 923
28 1707
603 26
1866 897
556 796
1 1317
220 1143
1069 284
1854 1821
644 1492
1080 1922
1346 205
962 1342
1015 1679
332 707
1981 1473
1179 364
741 360
1256 1781
929 958
275 163
1306 1281
1564 846
666 726
569 1417
1691 1310
1514 1648
1342 1036
714 827
1885 356
180 1046
1761 1865
224 1358
1139 501
1458 1832
1994 67
1347 84
929 1299
376 910
679 1595
1256 944
944 369
1756 1121
1947 285
992 470
1867 1831
47 1171
880 1627
127 622
453 18
436 1936
20 447
97 1782
1044 1300
894 473
1416 74
794 501
1621 359
995 549
1370 1567
1749 338
1860 1236
862 147
769 740
757 1340
1628 1573
19 1193
1326 1647
946 468
940 721
1146 192
692 707
1418 1939
488 313
231 412
1102 209
1445 1980
126 961
1700 658
1998 1246
819 457
1 1625
1623 1189
8 1678
751 920
1111 1299
6 1896
187 155
819 1423
186 674
882 1049
1380 1287
248 678
1336 1858
1103 299
1107 1685
1661 273
1462 1107
1137 1635
554 1821
1120 239
134 17
171 1125
899 320
1345 1341
389 1436
1075 579
1608 1769
1978 1674
1972 943
979 1080
1353 1079
537 639
273 1166
986 1673
1911 1179
1195 105
1581 397
1068 1717
1057 831
267 413
1343 1797
1917 1341
1014 950
245 1894
1326 985
415 1223
1862 1030
195 952
624 486
16 1532
1989 887
1635 1210
1278 1921
752 702
1114 686
483 1018
710 808
1758 751
645 1723
1059 2
1224 1970
999 1474
425 1437
275 1545
1428 1400
638 290
1852 1768
1689 272
974 1481
167 440
1809 439
1599 1001
1751 518
240 1356
1709 747
1068 1650
1475 1284
1073 418
314 251
1651 1347
1988 1742
1861 640
1264 191
1672 1549
340 589
1027 1838
1190 148
665 977
684 1292
39 1256
906 392
28 1458
1876 380
631 1100
798 189
282 633
1624 785
976 143
43 887
1475 999
836 383
530 854
1830 377
1668 1195
802 514
1257 1706
1164 1707
439 1284
383 1391
1931 1421
405 1532
669 213
707 28
1267 1996
994 749
1131 741
1946 181
557 1661
1207 128
641 224
282 8
67 249
1533 1445
1187 857
629 267
1799 1117
1329 1033
1412 467
462 387
1136 678
1771 1807
1987 266
278 1716
1843 543
766 1836
196 835
1084 1047
843 262
1470 968
1586 381
1498 98
1130 1736
202 1178
1565 893
1923 1015
1173 1052
1669 1693
1760 1159
1701 1947
134 1955
1141 819
217 329
942 576
1543 1060
1792 411
508 1481
1216 1289
467 1989
882 1770
784 383
1434 1156
1200 1957
1467 1102
1400 959
1265 1168
1986 1534
214 406
1333 202
1613 1156
1566 1228
708 1405
1045 426
414 1923
1692 1863
245 1647
802 828
1136 30
1132 1
1312 602
1769 883
768 928
1333 106
660 982
137 1018
245 624
28 54
479 952
874 1073
935 893
891 918
1745 1532
1561 45
45 880
1833 1044
1927 1708
636 1954
59 694
1675 320
1337 1070
1694 163
217 1581
884 73
1145 1047
291 110
1027 432
1963 1182
1226 771
2 1875
919 1622
1682 1834
139 845
1890 317
988 550
1619 1917
431 325
257 1664
1737 999
46 1141
1250 1233
1664 336
1869 276
1398 1978
1853 1446
1420 1751
1936 1123
319 1101
1769 75
624 208
124 756
1432 242
1906 555
1553 1689
1181 1994
1226 1950
638 782
1409 890
1219 506
304 806
556 1423
545 1723
1175 491
917 1215
1423 1295
402 1540
134 1898
804 1834
1874 39
384 709
658 1406
187 1609
850 1295
153 1595
752 69
1843 456
530 1659
501 740
1954 56
1350 1418
957 1376
1626 1751
1936 1090
1480 429
1137 161
1566 1863
1472 147
1441 1752
1698 321
741 1945
752 449
459 584
1675 1281
1688 960
377 1628
1004 1037
1140 1685
1127 629
1409 1075
1236 606
821 546
692 1153
1257 644
1316 484
781 954
1755 57
992 1532
1165 213
1524 666
293 852
1889 252
1937 1648
628 1380
806 1415
20 37
934 393
1546 1192
1835 1977
460 802
107 1151
1559 1592
1124 1861
426 550
1567 288
1139 301
553 1859
1859 1379
1110 841
255 486
874 1916
308 626
1818 1807
1783 205
1006 1652
1154 595
186 1113
1325 712
1613 1661
1948 102
403 1179
1390 1439
817 955
1795 1248
85 1927
194 401
1026 959
1117 501
1058 843
847 1252
1846 63
1527 2000
1064 383
44 1204
1305 676
1855 1991
1429 1707
661 1596
843 598
876 807
1207 927
237 1069
1921 585
1779 1354
605 978
1393 625
977 802
1536 919
474 392
1067 1579
1922 1779
1837 1273
868 1702
651 498
1656 62
1341 1526
946 1215
1799 1577
1282 867
1844 1577
554 238
1391 1236
507 1882
273 927
857 1332
1110 1691
964 778
832 947
1796 183
245 1482
1360 1803
1017 1585
1513 305
1171 1167
1096 795
1384 1367
954 1
1882 775
53 1812
1144 154
196 909
39 605
1903 1159
1694 870
703 50
1853 1938
1874 414
719 1221
740 1386
532 241
1607 1835
1835 268
1042 561
724 68
573 1446
354 1867
472 768
279 744
1965 726
776 1972
261 668
1081 980
200 134
1871 151
392 1291
1477 755
1022 1998
910 1311
1730 415
1860 1634
1852 302
1070 565
1309 675
1401 1348
1671 1273
292 176
1155 1931
416 1725
1875 1706
997 638
1392 618
968 473
136 413
1179 229
214 217
519 1390
1955 66
740 1588
1287 1615
1239 492
1019 1309
1239 1531
1607 173
231 6
643 1833
451 1579
403 35
799 1770
1998 890
1107 330
1719 212
277 1625
1564 1673
1287 1368
212 1202
510 878
408 1230
1755 100
105 366
198 1985
1563 747
1133 1000
769 317
1207 284
613 767
1330 313
289 331
356 1958
1325 204
1405 1994
871 1536
1118 266
365 1630
1995 872
856 469
1567 545
1544 770
1086 1052
1335 665
1783 292
956 1947
629 1112
1069 1596
1799 984
1330 745
633 1203
1820 200
1830 1750
621 184
1004 176
720 1828
597 571
1622 616
1280 34
678 956
1254 1062
525 1985
1581 234
1218 1593
689 1379
934 547
1098 1321
1070 753
937 927
1455 42
1869 1940
862 174
789 817
1203 835
1790 420
1833 232
216 1395
1629 357
301 1796
1175 1198
96 990
662 460
1212 1545
824 84
125 500
440 278
451 346
1514 1653
488 1592
363 1068
1299 629
24 196
904 1515
1662 4
1553 1205
546 1188
1647 2000
1544 1207
1290 859
1358 367
644 1767
112 149
1802 1447
1038 1977
1045 289
917 1400
1947 343
209 1292
1647 851
407 1871
1058 1199
1198 952
158 705
1915 1094
1460 1800
1566 1272
1773 104
1550 29
5 1926
214 939
690 1401
1744 1482
1126 637
1487 1952
174 772
323 245
1196 1232
1936 1872
965 1705
1504 1850
1473 777
1232 1421
1449 1597
1522 1133
71 1806
1558 87
1921 760
1748 1653
1605 1046
169 1586
1830 130
1361 843
715 1377
1082 1648
1497 31
807 937
358 1322
1270 38
1170 158
315 1144
1230 1592
704 1873
1525 1150
547 451
389 1481
1611 1068
1910 218
1595 1323
971 976
1007 1028
1964 819
492 165
555 673
831 1762
905 76
1668 1497
1721 486
1988 371
1173 1598
1430 886
1953 1561
131 1392
715 215
1190 1725
752 1685
855 548
1065 1067
1740 1347
1460 1619
1694 922
418 364
1201 1713
83 491
88 1188
74 1608
1168 1517
1261 26
240 1298
1374 1975
11 1782
681 477
1544 865
563 1745
1715 1283
204 22
737 1409
1473 621
1111 1938
1125 1556
1515 1550
1419 1198
1576 682
332 679
653 167
300 57
534 1015
231 981
1077 77
1359 794
1167 792
552 1562
534 1904
1841 24
1931 1997
1546 1317
867 1445
479 964
1994 442
960 1162
1218 998
12 1260
592 1751
1827 595
1740 1668
811 1185
1098 906
809 1362
1386 1632
1980 1001
318 1316
1113 1877
1193 1536
329 1591
752 1186
184 1288
899 1969
72 547
1141 1842
1862 1898
1083 880
138 672
34 532
515 946
299 1419
1086 494
371 968
503 550
492 1563
748 831
470 1243
1564 1283
1830 1721
1562 1635
1884 1322
202 1423
95 1318
1850 339
1636 480
250 364
858 286
1253 1687
237 1580
1142 107
937 728
323 241
1524 1759
1479 1886
1872 1705
1026 1040
815 107
1425 1227
1917 1261
1740 1626
1989 1905
190 1989
1675 1198
777 1795
1901 1911
991 270
863 1190
948 1313
1550 386
90 426
1817 1773
1879 1467
694 631
243 1303
928 962
1218 1982
322 1269
818 1760
1906 349
259 1595
216 1806
995 1601
913 1078
1815 1942
719 462
234 256
1723 536
1518 465
119 768
81 1761
94 1399
667 1651
1410 768
1116 1484
1430 1315
1472 1726
1327 1998
1427 819
1112 239
1053 1242
1849 1831
718 1638
102 1923
690 587
699 221
1619 1123
773 793
1560 637
120 534
1848 675
752 1902
1899 1671
489 78
317 1325
918 1601
1431 1721
1358 1119
1041 500
1086 1460
32 83
1205 1785
929 2
638 1977
510 840
1866 1109
1362 709
379 617
695 1612
1289 868
468 1363
1083 206
1676 250
749 440
251 717
799 1834
1618 634
635 3
331 898
1737 1624
733 1192
1900 1602
219 446
58 630
1497 913
275 1346
1903 316
565 1709
500 1579
295 1313
1499 751
1736 1445
1799 1468
366 371
1994 129
1672 102
1704 1078
1524 1923
552 1922
1186 1933
1278 401
716 1812
1520 1180
758 1633
1297 371
1473 1404
1200 795
615 1209
1931 998
1478 980
1081 1924
1354 1149
1071 1136
1409 1229
1161 1975
375 594
757 438
1969 1090
1074 628
999 1079
834 371
1517 471
1679 34
1383 131
1462 1961
237 861
361 895
30 1590
1170 1784
1758 1439
384 330
1119 132
1573 1493
120 1439
517 647
1369 1118
1941 1351
1736 885
1368 1971
1932 1118
1978 829
1723 168
109 691
474 105
1895 1278
1959 231
362 630
122 1077
867 1934
932 242
1711 1384
1086 300
1537 3
1974 821
1938 904
84 1905
424 268
958 159
263 532
1809 1431
1661 509
1138 119
1547 374
307 1260
1853 413
1796 1239
1890 1915
1918 881
53 1426
329 1891
147 1991
610 413
923 922
1453 1567
1349 1185
1693 1613
83 1361
1734 1182
793 1629
41 392
1982 645
560 189
1421 1872
1649 829
1071 1474
1816 1978
742 1569
490 425
343 1664
1200 294
258 43
1403 1244
425 340
320 1488
231 1218
214 360
548 213
436 1125
1953 321
1794 84
413 1375
943 1961
737 1506
1169 1784
77 1431
1473 720
315 686
1377 1227
1066 740
309 1696
408 1296
1860 522
1999 1307
1627 647
731 303
1678 1772
1732 1495
1001 620
756 820
250 521
1241 1184
1870 74
1652 1555
646 1598
1294 717
13 954
1828 1701
1007 224
871 178
480 634
757 1601
1447 157
1129 841
1660 447
968 1884
1067 262
335 560
466 1288
886 1987
1055 1112
417 179
231 1419
1643 596
773 1589
222 513
465 1253
1761 1331
171 1911
710 889
1124 1830
91 1677
588 191
1830 778
1116 1053
164 715
1245 522
1941 933
1528 1827
1416 1935
799 653
1905 1989
1319 1263
1525 1665
906 1489
1671 586
262 29
571 113
1242 1201
254 401
1467 357
1231 769
1701 1064
890 1171
1105 1581
233 657
646 1903
1517 489
505 316
1805 1393
1979 1410
1791 1827
1939 592
1793 361
1113 1181
1889 398
1166 580
1995 1471
641 1219
799 1236
1893 97
351 1383
223 538
1205 219
1612 727
489 1009
1187 1942
533 631
991 1126
658 677
1074 456
1035 898
369 592
1810 1381
616 1361
1810 960
342 508
1397 160
731 916
1994 602
1962 342
635 482
1464 1149
626 1519
196 455
910 1635
532 1621
212 296
1676 1252
965 373
1332 643
1151 1126
1637 25
940 547
1148 367
1060 934
1767 1462
610 1694
1213 1231
37 1235
869 1760
1732 1298
1945 1752
1356 1944
668 1972
614 672
1797 2000
24 1764
663 1433
1800 964
249 162
1623 1211
905 15
1245 232
1818 117
228 1633
930 1038
1142 1959
254 874
845 849
1520 922
921 1459
1574 1668
1452 1296
259 236
398 1603
814 859
874 20
604 1718
186 470
103 773
1811 765
723 1384
610 1304
152 1329
250 1454
1264 23
42 1522
817 838
1425 1493
1096 1428
286 1822
194 1909
1978 1511
1981 1149
1921 515
1279 435
170 83
1386 1
1681 779
585 1889
1911 1930
1803 1848
1037 1952
1797 620
47 814
635 892
1152 684
195 1180
680 1481
1995 527
1313 601
1035 1273
1625 1834
613 421
309 1306
1587 1197
1396 572
523 1390
361 785
1598 319
1562 759
1442 584
116 1065
545 1988
866 795
1747 891
515 530
364 782
1554 140
1797 976
524 1862
785 1735
1476 271
1407 1660
330 1836
594 1004
1940 1892
1308 388
375 55
1201 1853
743 1593
122 948
1729 1610
1749 485
1812 1282
1495 1897
1983 335
958 632
291 1459
1646 364
1368 620
863 240
979 1659
1713 171
375 1705
1297 1265
212 1469
1078 1419
255 292
1925 1178
1074 67
753 1772
403 1409
1219 1710
74 693
1312 864
1455 1793
1451 527
697 433
138 1515
779 1071
539 1434
1204 991
1282 1617
794 1811
1877 1559
1330 220
1980 981
691 1732
776 1198
61 764
556 439
965 1516
300 358
1872 1661
1083 437
223 650
1640 1974
1590 1778
1588 1274
832 735
1306 1816
797 513
596 1285
834 1487
602 1371
1809 1247
762 1509
1866 774
786 1413
1850 1737
386 221
194 424
201 378
1651 135
869 141
308 834
1698 527
163 1104
942 293
1663 997
243 1895
1403 1823
596 1356
768 1268
1356 1734
1954 969
1392 1742
119 147
281 1945
437 121
1306 1501
379 744
1848 1003
1295 542
1890 1141
1036 1309
1131 132
1839 438
58 79
1812 958
1927 1413
1506 117
615 1670
1966 1976
96 895
747 402
1146 1753
1107 1126
19 993
485 401
61 1908
391 1520
1958 1192
1622 229
1186 367
1779 1433
1901 1464
1486 1637
1612 515
1761 1803
205 60
1812 507
1984 1350
694 919
1671 2
1909 1178
1050 1732
1275 299
879 1359
1725 896
680 417
232 1855
1491 932
1446 1717
1520 1103
1514 1206
64 76
1425 1325
595 48
49 470
1999 266
349 310
608 1048
758 1975
870 1839
255 482
689 1901
832 486
555 179
1633 629
186 426
501 1146
823 249
296 277
1098 1417
34 697
1006 1096
496 382
356 1965
1803 1253
87 1577
1829 409
895 775
1305 1012
1640 1449
1874 938
435 1825
426 726
1002 1609
1026 1073
121 99
1546 1059
1793 1126
1443 393
1646 148
77 1597
6 1732
506 1905
917 1252
1052 162
1099 908
1085 1277
2 1886
1494 1862
934 1355
1805 871
282 1055
532 1350
1743 74
221 326
1923 1740
1471 649
554 280
1883 328
489 1822
729 934
210 1940
177 165
26 563
1917 22
893 960
366 73
1422 1174
1247 897
1575 1516
1255 1819
468 1849
128 1077
1756 1373
1194 362
1295 597
888 274
791 1856
770 1064
1085 816
127 686
1110 329
1854 844
93 531
399 1452
1623 1667
1515 5
1082 442
1814 1994
355 1189
1785 1359
1984 1
1856 672
87 774
1942 625
1662 1524
1852 420
1616 771
1653 1706
1509 1708
1374 403
408 1131
1572 1240
1233 1841
1381 1385
1095 1939
1939 1166
189 1079
204 146
1122 276
1799 497
917 783
1905 2
59 532
591 1909
312 1568
698 1964
1555 1071
1263 270
6 1139
1077 643
160 1453
531 1015
1512 349
976 1086
1583 633
1415 774
1127 499
1382 1671
1931 1186
753 1972
287 594
1664 1802
423 193
1331 926
1921 781
233 407
1773 80
428 1115
200 1284
1916 1403
528 1782
632 1682
1704 7
1192 365
688 1634
228 296
449 974
1166 243
1521 872
4 848
1254 1441
1520 236
1702 1378
661 300
54 1901
35 928
961 934
940 1018
1383 664
298 483
1130 70
1396 877
1119 1578
801 913
1761 639
79 804
1391 1366
744 1951
250 1092
1345 1756
684 655
1588 1379
396 1644
660 879
1361 130
200 957
1833 842
420 1947
859 951
1942 1220
376 619
337 372
322 1766
1210 1080
1187 923
1578 554
284 1870
1866 1517
396 1031
1161 525
1833 108
950 1360
1306 17
1319 1721
1292 516
1487 1260
1632 1667
1785 1823
902 305
1228 994
1899 440
662 1157
673 182
1212 527
1403 1420
1880 724
435 1587
1603 829
549 92
608 921
533 1840
1859 94
1916 164
820 1995
988 1169
1608 47
1555 1238
1771 269
1147 580
1999 1334
58 901
487 1878
1058 492
584 89
1362 1958
1798 1191
1636 1894
409 8
2 1903
1071 1228
1627 1341
578 1030
1651 1181
1760 700
33 1149
50 111
340 90
582 536
977 1398
1355 1517
1059 338
583 1504
1511 694
596 991
218 1864
1204 18
1399 196
1377 133
832 1049
198 1488
1950 865
1306 599
1134 290
39 239
1755 462
1151 1393
1249 813
1858 1733
723 1111
975 805
822 1293
1488 530
663 221
1621 1216
1056 1846
710 170
768 1005
1646 368
606 254
715 1684
1429 361
1525 1866
1950 677
1787 1735
539 673
317 1113
1643 1361
1933 156
1372 657
502 1905
75 779
1783 1564
1931 1194
1447 1429
1464 888
1600 514
731 892
1568 1125
859 680
1704 1707
1171 1397
1109 372
528 813
1821 1393
1650 251
1029 675
238 1724
1269 1163
943 520
1407 1068
1933 407
1298 1359
483 663
1694 1218
924 1693
1441 1750
121 446
1259 902
646 1000
1250 1431
105 295
370 630
145 694
1565 1639
706 1087
1845 1324
682 638
1652 1143
712 1516
1560 1697
1446 1987
432 1000
253 1919
918 42
1473 899
1193 168
1149 1929
623 1563
1553 1293
732 539
1862 610
1599 576
70 543
410 1250
946 781
767 1969
1321 744
662 1199
1240 1573
823 1579
98 1064
993 16
1930 1599
891 1967
505 1834
443 1974
550 367
1261 41
1642 619
1400 1671
1991 939
34 518
1716 1311
884 695
626 1308
371 1706
73 1075
673 1715
1681 354
539 1916
1889 186
904 981
1373 438
1409 516
538 1014
305 1160
1677 529
191 338
1385 1393
1052 1074
1132 10
1084 1422
1137 1556
262 1757
24 1169
1706 800
133 1912
702 609
1477 1505
871 110
1269 366
894 1527
1864 1297
689 1437
862 1248
1609 92
1866 1993
1901 693
801 1002
522 514
1313 824
1087 228
1188 1445
1302 1788
249 1016
1382 172
1698 1869
1166 627
63 1913
1513 206
298 925
1269 1121
1813 163
1516 1169
34 965
140 389
616 1347
1143 1227
1366 1804
819 796
967 1967
1835 552
1179 1016
1281 1000
1558 1241
165 793
1913 207
369 1434
954 78
1394 236
624 988
686 1534
1112 1592
1747 180
976 477
795 917
1469 294
1662 630
1981 647
1887 942
1734 1890
96 404
189 1998
427 816
1051 1494
833 1821
1706 27
1618 1518
50 817
1645 1364
280 1025
1318 440
1421 1748
746 1331
272 1753
1643 985
1388 357
707 1738
554 1576
1421 1133
1305 1956
1982 254
123 1362
530 1951
1666 172
1548 527
966 298
397 1218
548 738
490 1143
127 820
1176 132
222 1866
1793 234
1719 775
730 1213
1466 1023
737 1064
1014 1589
112 1266
1792 1032
1329 1660
877 1109
1846 77
1219 1424
243 688
1171 1697
1562 1771
4 1392
166 1354
567 1722
1097 1248
311 384
1972 185
1450 1676
1059 436
95 1594
702 739
816 971
394 900
1939 34
83 989
759 1109
501 1644
1350 1114
836 1018
265 268
651 284
468 927
955 975
1410 269
1862 13
752 1504
826 916
167 1567
1952 1219
559 105
1213 34
30 1317
431 65
1083 1731
1998 1618
253 1699
626 1000
1974 1072
1340 1932
296 1735
1590 1554
469 1047
965 415
1986 987
1091 1269
1654 544
213 655
720 35
1765 995
964 154
204 1762
762 1216
639 1181
1112 1087
1174 330
1883 1408
806 763
1530 703
1689 123
1391 1867
410 1131
1786 1044
1079 974
1968 857
1010 1195
1309 931
498 1565
746 70
1508 1488
1818 1857
1616 1033
148 1700
403 422
544 1677
1895 443
1574 286
1681 656
1630 1711
567 1111
306 1949
1232 1928
1492 1614
35 81
1569 237
94 1894
927 1386
1437 1709
482 1074
1102 191
634 1377
1662 996
1651 559
269 1343
453 1632
1581 835
1114 758
723 812
892 605
842 757
651 460
197 1287
1347 1929
1002 1634
1824 181
1557 455
1450 809
1367 1219
913 1452
1084 1635
821 1365
475 664
1827 1934
539 1549
306 718
1530 1732
1370 1308
1236 1726
1359 1068
1248 589
1043 1535
695 805
375 844
647 62
48 1287
1003 1730
745 1221
1154 1477
1026 571
1641 44
127 1683
990 1170
895 1496
564 577
1517 606
140 163
967 559
1754 1186
1247 1341
979 400
482 1647
867 1982
1458 1226
149 20
416 835
869 1789
958 542
390 1858
786 204
809 953
1467 302
1212 1300
486 434
126 965
1717 84
1730 1105
1086 198
1775 948
1320 895
82 1923
1711 1735
628 950
1160 1020
1224 1017
321 1945
599 32
1684 1788
573 1810
1127 521
604 698
154 843
1392 686
1633 1239
486 1166
1089 952
1038 567
1516 1151
171 1666
1034 675
620 1746
129 1355
1142 1218
1379 1812
332 66
763 505
1347 1288
1973 917
507 738
256 1605
909 992
1558 1344
846 1946
1963 1074
1748 1368
1113 997
351 719
1936 1594
1757 1844
1909 1315
171 441
1728 1023
291 1870
959 1700
1656 798
1789 1214
909 916
1214 1699
772 1755
1474 1176
524 871
1590 939
532 1226
1069 1877
1191 288
728 1329
704 1714
1583 807
506 994
1791 541
1755 514
1429 1932
1630 663
769 642
170 753
1623 243
1533 693
1919 1212
1441 64
703 1339
1020 631
696 1783
589 1723
716 278
819 1447
312 859
1142 573
1587 1740
734 1123
1875 708
1302 903
1947 1849
1061 834
1249 1865
1556 853
1483 1951
85 575
649 531
808 1026
824 1716
574 1626
550 1135
1226 67
1189 489
1196 311
1565 1063
912 497
1330 1512
1728 324
1176 578
880 1635
561 1010
1892 1317
694 1209
925 700
677 1517
1003 1850
1917 1227
67 580
1243 1105
520 1262
1758 807
670 1783
458 1439
368 750
384 1985
1346 1599
915 945
153 1238
1937 1608
1476 1429
1279 965
191 478
1410 1547
1003 257
1870 652
1458 1522
1656 1627
1417 480
1229 465
449 1784
1383 1964
908 147
1384 649
257 1413
1193 1672
636 84
562 471
369 1179
1787 323
974 1372
1245 1657
1635 783
1262 901
1365 1052
1187 842
1158 166
312 569
1570 417
1829 47
1718 1826
1909 1374
196 705
1883 822
1144 565
1936 1670
1326 469
1252 1180
432 960
363 865
59 149
314 1550
470 1216
1632 977
1023 39
216 1813
1186 1092
1796 477
1650 1381
1945 31
1700 794
1614 232
1764 1377
336 1217
82 195
695 1051
600 492
1707 1360
336 1421
1460 1690
1502 1710
1153 27
503 1039
420 949
979 153
1298 716
948 1030
406 1263
480 1063
1257 1093
143 561
1052 304
1663 1094
515 1110
799 351
412 326
352 653
1691 1565
865 855
1359 110
1178 195
1224 1008
270 477
1539 1629
1073 749
1661 1147
1450 1216
309 1064
173 1113
1815 1175
1500 1324
1976 226
142 1852
1058 1666
128 1006
1200 768
1775 1305
1781 775
755 44
1145 1671
817 1828
1395 805
1869 267
1731 55
1230 393
1716 1897
122 729
580 43
61 264
1621 1989
756 188
1844 821
1595 530
926 1976
1646 702
529 70
1226 462
1080 1923
1977 1446
191 1162
1058 1206
287 1906
301 1532
147 1218
1207 361
548 1767
939 1962
844 743
718 886
1587 1769
190 715
1176 115
389 1767
1213 608
1769 717
275 1403
1660 1179
710 561
1778 1960
672 856
622 984
1298 1219
313 1913
798 141
261 1030
1744 384
850 450
216 1272
1879 1238
306 1780
1534 1999
1177 580
1140 1546
1857 238
1093 1270
253 529
99 67
1979 1902
42 412
1441 776
1511 302
1103 1537
808 360
1949 1671
1802 1038
1388 254
834 1336
1233 565
802 325
1594 1089
1617 247
313 199
100 68
479 643
1418 494
795 271
1807 928
1639 250
1920 966
355 1587
1840 1721
1408 1743
659 1025
1350 992
81 1812
58 943
1141 49
116 722
1364 1241
1734 594
865 1133
412 880
1129 1023
1989 50
1636 1400
1473 343
437 1828
852 1232
224 1095
1259 201
1144 304
704 1668
742 284
1876 820
1413 105
1590 1961
1193 629
1652 1
403 673
73 1992
686 390
217 1897
1480 1475
921 1069
1621 1703
358 179
1847 764
1400 1062
233 588
1044 1627
1588 1645
626 985
1338 1132
1804 629
620 1740
129 228
124 1657
1131 346
1766 1604
1658 52
582 1386
502 368
1429 428
1367 253
231 1661
1657 763
1747 170
1301 634
1262 1436
1175 1105
1332 233
1890 1656
353 1808
1763 1372
1423 118
1855 1772
139 5
784 708
1312 1567
1579 503
1617 1543
1712 1588
573 1715
1151 1013
469 1835
419 325
332 1800
1959 308
32 684
801 1721
1493 1806
162 1008
67 1631
1550 946
1800 1379
921 1480
1419 1416
1130 632
1996 1992
178 632
1309 464
616 596
904 1640
324 574
647 1287
1092 1476
483 491
473 1254
551 550
280 374
1854 702
117 1200
183 1624
1615 1598
230 531
994 1792
388 1538
1177 1609
535 1643
1281 1852
1328 1181
23 372
1977 1810
711 495
869 527
1228 990
541 1074
697 1696
1294 1076
1606 664
807 1875
1412 599
560 1546
1540 940
792 1446
626 820
1192 119
280 648
1494 1168
47 1343
684 362
1435 1626
1322 1225
652 484
1147 967
841 257
1207 1953
1851 604
1543 118
1563 1390
210 686
804 188
1187 1753
920 1436
778 681
1394 1318
944 1461
1037 829
1312 265
1583 1688
296 810
1114 423
1026 1503
1620 964
354 920
1606 1183
1722 915
667 409
1844 1261
293 1938
1256 973
786 1686
866 551
1167 1822
1862 529
1338 749
1171 157
11 452
1767 548
1467 1631
1165 472
1386 1072
1833 1238
498 52
342 28
1001 1142
828 1597
499 1786
1959 1693
222 1665
413 1820
329 1911
714 1935
482 339
321 481
952 1948
1020 1485
1075 690
741 1204
1231 1924
1066 1434
1382 231
368 1893
1585 1880
1544 327
498 158
69 1956
242 826
1165 782
1614 723
671 1837
1674 918
1607 42
1245 748
671 699
133 475
1058 1736
1980 1514
1394 1425
103 1917
74 1289
1597 601
1778 494
1628 1838
561 1294
1131 1241
158 1583
1624 804
1903 1764
815 1220
46 573
661 947
812 1103
880 640
556 557
1846 1334
286 982
1475 1442
1279 64
1709 1102
343 191
1773 839
1994 852
968 1748
1319 1896
821 1782
1080 1365
819 1481
472 1891
448 50
1384 1028
9 645
86 1669
84 1835
937 1716
1907 1793
983 1631
482 31
131 977
1224 1801
1582 1449
1165 44
1876 1013
904 1984
385 348
1727 1703
347 1768
1789 87
273 784
499 1872
16 1209
1191 757
1140 999
327 25
1825 1270
718 1550
1946 1759
771 1883
218 173
872 1674
1728 602
722 950
1036 74
857 510
733 1309
869 1708
464 749
99 412
436 1603
1224 425
326 260
370 1942
176 623
1148 1141
1166 745
1346 19
969 894
1319 419
928 356
16 176
1883 13
1113 1237
1648 698
653 1211
1987 83
694 1876
169 664
1639 1064
556 344
1440 786
1156 1721
614 786
1556 476
1184 285
460 484
848 1199
787 694
1743 1960
1522 434
868 395
623 1508
523 1914
977 791
1135 161
1298 1532
1604 574
1711 454
1281 570
854 1267
102 464
15 1665
358 949
1260 801
1587 452
1199 781
640 454
367 1821
611 1514
27 1695
1578 97
1023 1324
129 1182
1751 1085
703 1410
225 604
268 804
104 239
1040 977
1780 1715
495 978
1431 978
798 1486
1000 150
196 1409
1505 1026
349 126
1307 527
1964 830
591 1409
364 666
1470 815
1054 983
311 1925
1640 445
1422 90
1068 486
1972 1204
1705 1865
1273 971
1996 1901
378 1130
8 696
1525 1684
1444 1971
637 467
1282 1807
789 458
734 335
779 1099
1540 373
859 552
1755 607
472 830
152 1460
1712 96
1577 147
1194 89
124 1585
1907 1071
1537 1567
1725 543
1352 818
1504 865
315 86
810 634
1185 1854
461 1668
849 940
399 1284
1379 1352
1850 462
550 956
540 1044
114 673
591 446
1341 2
1172 315
1179 692
1129 675
1661 1845
1698 1939
1958 845
136 158
1441 1159
510 886
1347 1172
127 360
1755 248
1272 1018
1815 220
221 1862
528 1507
551 1392
419 58
1902 1679
1617 431
1275 1600
109 1927
1085 1763
648 1550
721 1594
1953 347
594 1199
216 1707
1926 1866
79 382
1889 499
242 607
664 439
117 1012
1442 918
517 86
12 1069
831 625
526 1096
1041 1830
176 1598
796 1346
1052 770
987 1011
1745 1330
180 1065
23 1633
71 421
1785 687
1956 539
624 1226
646 472
1448 987
434 1828
1658 326
1923 1475
820 185
1306 719
81 223
1904 292
1709 1825
1457 83
856 1731
769 1879
770 640
217 724
1547 1745
732 1215
1042 995
1672 1165
991 1051
1236 1594
312 162
385 893
1185 745
921 640
723 1245
975 730
608 1930
569 1744
819 1377
1122 1137
351 366
1712 205
1721 1393
795 1383
976 712
873 382
1275 1640
736 1609
249 811
55 1656
385 1323
1252 1381
1124 993
721 172
1308 1943
660 194
398 1659
1403 371
1753 471
1534 197
931 1080
719 758
367 205
1367 1454
1462 967
289 1421
1153 1846
1190 1892
63 277
571 1911
104 1722
1380 1230
1952 854
1324 1134
1683 56
1135 857
1966 613
1169 206
11 332
1298 535
307 1472
1318 1938
1829 1459
1735 507
769 243
1965 657
238 1225
78 1696
830 189
244 1753
961 864
1476 1731
1936 926
1610 644
1178 298
1770 1259
1197 1484
1294 1439
297 1377
1620 1029
37 1066
290 1936
1631 627
1167 719
823 812
1675 1411
1493 135
1412 1150
145 1428
77 1021
632 1674
1509 1846
1636 180
1556 803
183 1933
998 1527
1814 219
1197 1639
709 1445
608 364
1774 1531
17 283
1784 1618
1397 1428
801 281
1954 1473
1671 1432
1611 1463
617 1306
1238 1518
1397 799
1369 235
225 1562
1358 566
929 933
463 1966
600 1054
671 831
259 383
663 67
1891 1411
842 969
783 1561
867 804
673 1399
197 104
691 421
1983 1917
482 915
200 1692
1657 1762
815 662
1845 256
991 1837
1903 103
1513 5
973 1794
1354 706
1861 107
1505 572
676 533
1306 53
1970 1718
632 1640
1331 803
565 831
1845 988
1595 1379
1216 1689
143 585
590 1470
1615 7
712 1914
21 1321
1892 572
1456 1877
1930 919
636 1113
752 251
1053 1268
450 83
1422 1969
1348 646
686 1368
1953 915
736 1180
1186 894
807 351
1671 1897
820 1179
1056 1914
833 628
1740 985
1587 1468
1087 844
1278 991
960 1889
886 1051
418 659
1573 1572
751 370
1263 308
1010 1937
185 422
1600 1032
946 1357
336 655
1991 130
1949 427
1270 1577
920 1036
1276 547
1597 1879
537 161
1732 15
736 461
1120 835
1123 351
772 130
1513 1659
1367 723
1378 810
939 1702
129 1720
1297 888
275 1398
297 568
446 1550
62 245
611 1334
1794 146
980 1699
49 913
1394 454
112 1172
1894 907
1716 1479
1532 1271
991 1007
1894 1660
1410 639
1206 520
69 58
302 3
1336 130
275 1265
963 1129
393 1606
59 1011
182 1787
1045 523
353 427
1698 1112
118 1884
1896 1040
30 363
882 1657
66 1235
1237 950
1432 367
1983 924
52 58
16 945
307 796
582 426
948 840
1267 1978
1090 1300
1536 1316
707 1207
1922 1783
1439 736
1970 803
105 1504
222 1558
833 1888
1945 557
1853 884
31 312
738 512
1351 613
942 1685
1337 969
636 31
1590 1224
1006 1342
77 1511
665 796
651 398
307 769
656 872
1780 1139
374 953
1264 1633
144 405
1369 1
1686 1846
1167 310
693 1374
597 1802
1144 282
144 1602
397 1572
1970 808
1577 1047
270 276
1415 584
1536 402
34 140
544 800
1152 529
374 1912
222 837
562 1540
1342 914
1547 1158
1111 837
408 42
849 1859
1257 377
1005 777
1361 1879
280 771
910 1248
399 313
1193 1454
1365 1551
739 1566
1458 1938
1203 1301
810 1151
1987 749
790 1921
1779 394
1123 1991
767 1036
914 479
1249 479
79 1193
1857 158
1611 477
27 1401
966 1328
1265 1118
418 775
1925 468
1568 1579
1499 1911
657 710
700 1630
665 131
609 1466
297 1930
1474 1857
14 375
851 1682
1082 1977
1304 1230
699 399
1174 920
1739 1468
1046 1098
1361 1307
16 545
526 17
147 1067
884 1190
1471 755
963 1180
1554 944
977 976
1304 757
338 410
808 959
1879 1036
503 333
1431 1969
1275 1548
444 1143
1159 1642
1060 969
510 1657
763 1944
1123 1980
1275 1725
1052 1029
137 603
1012 708
1666 474
1861 172
504 1544
1513 363
262 286
1428 1139
1133 706
26 938
594 192
135 888
1219 1708
1784 1610
638 494
1448 1188
1895 774
1599 460
631 1560
1456 1459
1821 1486
1772 1320
458 434
1491 1199
137 1942
486 1517
404 1082
790 972
581 1622
467 573
112 1218
343 1915
726 6
1566 293
1751 1708
1193 1021
340 1923
357 964
515 1149
1443 1847
1715 651
1732 1928
899 118
92 873
1446 1480
1049 910
1176 1557
1915 1744
36 1901
1960 1480
852 139
61 1505
820 1543
1043 769
968 1334
1984 485
412 682
1152 68
940 1663
1494 1595
504 737
646 894
637 1680
1932 560
391 1025
1163 1892
1748 1242
1136 1223
344 567
1901 178
663 1311
1992 236
303 1426
1440 1495
1089 1595
331 933
1827 1945
1624 976
1535 815
1839 1555
1798 277
1870 1001
576 1545
464 1005
1535 919
229 364
951 549
1974 572
419 1254
848 1766
698 1859
1803 1530
506 876
1691 1426
1333 392
669 1881
882 1482
1379 538
1895 1809
727 1842
557 1429
1977 1307
230 1507
1112 302
67 648
859 1959
1489 1117
1992 661
439 346
1089 34
1915 123
1604 1757
647 1148
956 1334
1527 893
321 1682
1340 83
1942 649
1302 1569
569 1053
1364 1369
837 1427
439 1204
1549 1180
1214 877
999 637
746 1480
627 955
288 1744
636 1582
1615 1815
249 1308
308 954
874 190
1243 1609
977 1794
1220 606
1809 165
1345 1659
887 1709
345 558
389 1886
840 1442
1185 1015
948 1479
1293 172
1479 914
1867 1894
83 1786
1747 1092
886 1325
1930 1075
1240 457
467 90
1798 584
1493 1354
1591 143
1936 1881
1247 430
260 1121
1644 546
1459 1905
1798 1123
1260 1325
768 1880
1205 1358
433 1653
462 1486
1576 1672
607 928
281 1373
1867 99
331 223
652 1803
1275 1929
474 1264
1168 918
392 1932
1608 965
1196 4
1361 375
380 752
238 1793
1816 841
120 165
1889 422
520 753
975 1756
1910 1202
1130 1979
1242 1536
453 1603
1534 761
77 1197
1200 1141
1868 1272
24 912
705 247
1439 613
777 520
1294 1558
662 665
772 1813
1367 1637
1967 681
568 496
99 1208
1968 1373
569 1984
1477 44
1667 120
1031 1344
1590 1690
302 87
959 1380
937 1430
95 252
416 1951
1587 866
1899 1782
278 1553
1112 466
1838 728
1063 1431
1826 406
877 539
1882 1492
1534 1908
1994 1471
1202 187
1617 1304
1555 139
89 1711
928 1971
1752 27
1931 826
1292 381
1108 1042
472 1481
239 171
709 297
140 1115
1022 943
765 1673
1860 1368
671 1967
105 1828
1538 578
548 545
923 817
1643 299
1032 853
246 1286
1118 139
661 717
1365 1356
471 1722
664 1504
1177 1844
1211 1428
1394 1388
1215 234
811 1850
746 1104
1920 1710
360 20
872 1914
1551 1391
1882 1117
185 669
24 542
615 1549
1405 846
690 1278
1058 933
320 252
837 803
1005 1886
989 1647
1708 102
122 1260
1174 68
1458 1345
462 1076
1744 1339
233 998
547 120
965 847
477 303
1235 6
258 1886
688 1554
1439 1094
1093 44
146 779
38 800
867 267
1611 1563
639 677
15 424
1422 734
1205 599
1446 320
974 522
527 274
159 208
1761 1136
582 1198
1594 1551
681 1674
825 1739
357 718
633 1692
720 319
1095 1623
708 734
1685 868
1539 1913
786 1482
1755 512
719 1664
1152 265
1814 831
381 1733
1406 1407
1497 1061
130 230
273 1853
524 762
736 992
78 1618
837 1444
1708 1762
1243 375
886 493
508 1349
1613 1604
434 1659
1391 1778
1185 1166
578 1148
1378 681
886 707
1821 2
1346 1761
1730 556
1999 1775
1536 566
940 58
550 1130
830 1825
1428 1410
1068 794
571 213
1378 811
1958 1755
788 307
1365 1687
1689 25
1785 1185
93 1386
1160 1514
79 443
501 1047
176 1018
842 1402
811 1357
150 621
1185 231
1041 720
827 562
1220 998
685 1966
1990 584
1769 725
110 126
1639 213
1007 1269
315 1717
1086 1507
1261 842
198 279
1251 423
653 699
1770 435
1348 1693
1043 948
913 567
1150 79
803 1254
1379 1270
1834 1264
532 1017
1085 841
347 1198
391 522
1152 1959
382 940
1638 402
836 1034
1079 1759
707 535
1101 121
199 1619
873 603
1872 1353
616 603
1972 1706
898 1147
696 1408
1930 1244
1203 1086
377 1081
1483 1936
969 14
124 670
1205 399
519 830
449 657
1259 1069
421 1673
627 1483
1540 1036
534 598
6 437
32 1581
1018 1935
1367 1586
1521 1394
1759 1201
1871 490
888 1883
712 1427
83 1759
1179 1512
1536 1694
1176 1600
987 163
760 715
1151 1873
1453 765
1051 1182
1120 823
216 418
1618 640
1481 327
561 1840
1266 369
479 1272
1136 1701
1394 1657
1608 671
1185 569
1635 947
819 297
1061 1137
670 623
1445 464
1233 1789
429 13
691 1202
1394 1909
629 1251
874 659
711 1107
1116 361
1032 104
1024 1075
21 568
864 1010
146 839
1814 277
1092 1168
956 1610
1974 324
1877 1736
1645 664
1914 1270
281 625
84 1140
1500 991
1447 1199
273 883
1451 822
184 646
1836 314
942 329
1848 1649
1611 33
356 804
539 1584
248 585
1854 535
1160 513
1652 134
1125 1243
793 1152
34 923
96 1417
62 1836
502 279
608 1898
1898 1443
1476 807
1610 1508
1092 183
767 501
1035 1339
1851 973
1106 546
1788 1855
1006 582
1856 580
1997 1391
1579 1952
230 58
307 80
1874 1189
1996 205
1712 1349
1884 1605
457 803
493 1002
1974 1492
37 696
550 1432
13 177
756 1907
1297 1869
1820 1104
1514 875
1306 49
1238 1820
376 1180
880 1233
1189 88
1242 763
117 1646
1489 87
782 442
1873 1877
53 1683
1589 1886
106 1161
616 1237
464 277
325 129
301 1769
1300 1914
1498 676
1115 180
1294 1039
1036 709
795 1410
1852 524
752 1928
1962 1724
1961 1157
669 1550
1138 418
694 1284
1765 1601
1722 1019
1284 65
1092 1021
1200 782
172 207
1267 846
255 1207
82 413
692 458
534 833
341 653
554 846
1264 1009
645 1691
1644 1957
1327 761
825 1365
737 611
1744 268
826 1937
782 1915
1473 92
856 1388
198 1554
738 1547
199 731
1576 1431
439 1104
795 1191
1148 1435
195 438
154 474
1436 1371
1639 890
1178 1531
1797 464
908 311
51 1269
1174 1763
1310 248
1330 1912
1342 1860
964 1257
448 132
1919 110
899 1595
420 113
1484 1052
293 1856
1386 1474
289 1471
133 1183
803 1196
1311 183
782 1977
1888 972
831 111
1368 1581
64 146
255 1815
1761 1982
95 1153
204 180
387 1930
1755 849
671 125
1659 43
1591 803
1338 461
789 901
224 119
582 1028
608 1054
1200 301
467 1024
1005 1806
959 227
758 1451
1380 1514
362 1497
1621 1134
1529 1384
187 1631
443 1471
371 1876
346 1232
259 946
1999 1279
1579 1219
242 1550
1708 45
623 1598
1049 666
531 1381
877 428
1914 1245
628 849
831 1794
1264 1166
1041 1273
856 1986
931 1739
1017 1115
685 1281
1183 596
992 1278
875 890
1907 1615
1347 1923
703 437
1681 223
1423 968
1113 309
1826 253
1877 376
713 1219
957 733
199 1643
1275 325
1272 883
512 457
1698 264
1878 1386
1661 1604
41 1224
1798 715
1682 1721
381 1572
1824 794
1521 559
1777 52
784 233
227 1085
1409 982
1864 1853
310 681
944 727
113 7
1611 1173
748 125
839 3
75 897
468 520
1665 808
1366 643
694 1537
121 1142
226 1478
459 347
199 1986
666 675
1401 860
1219 1609
1133 1865
1989 829
1183 1880
776 827
1698 1257
64 1243
237 1714
1602 1429
922 931
408 1722
68 1499
1837 1218
1892 619
1478 502
463 1645
1861 696
1876 1595
1827 1850
1028 1410
667 602
197 1078
1143 1082
863 785
1715 745
466 1784
1635 474
1692 886
1504 1471
324 1935
1931 1333
381 786
733 1792
1993 608
18 559
1512 1372
449 1036
117 60
845 1944
1040 979
1115 911
1385 1505
742 1101
571 1076
1362 597
282 1246
384 1293
1084 662
1621 1116
26 1076
447 1990
1025 1889
301 1248
1543 1142
472 1145
407 582
438 1586
686 1791
866 1180
1776 1608
854 228
1872 57
1070 1237
704 955
382 1043
1032 729
617 1180
779 57
1550 1269
413 321
902 21
1607 820
962 1340
871 644
252 180
759 998
1407 1105
693 630
1584 476
1518 1396
476 317
1496 902
958 1444
713 275
595 859
879 1477
648 1849
1540 837
1481 1610
1789 762
1759 1732
1188 547
1176 1165
1993 232
1979 1111
1427 1862
763 454
1897 1274
1548 72
930 609
438 495
695 161
1349 1085
694 234
995 829
912 482
1380 753
270 451
682 907
17 614
475 660
1465 1795
1069 1590
13 1362
322 616
1462 1295
1807 759
1844 156
389 1155
336 889
1723 1735
840 1247
50 1102
361 1461
74 1083
95 377
172 900
841 1559
1272 1240
207 854
148 1594
704 1669
1824 1954
1460 899
140 565
299 1795
1042 1862
1315 1490
950 1443
525 1675
404 1023
275 619
178 575
166 1115
1968 1449
1394 372
40 467
772 450
1700 216
780 232
26 1839
52 1430
920 1419
1213 1719
1745 221
1596 1738
356 148
1074 1870
984 885
686 1239
1611 1304
1770 431
880 2
217 894
1477 932
1122 1348
1130 1854
1625 1174
1244 401
621 837
574 988
1136 216
85 1282
166 209
1800 1421
724 1203
1634 1410
1763 845
1738 513
1796 332
1679 1566
1420 918
91 1160
1560 1044
1880 1686
673 181
748 806
87 160
721 1185
605 604
1807 520
281 1680
524 1440
304 43
374 614
179 100
1369 405
1564 1598
993 1811
1496 1124
1656 873
30 168
328 755
1939 468
1071 1048
1919 895
926 1229
1020 199
241 1450
415 1324
1775 967
1371 593
543 1143
953 1286
409 1535
759 448
967 416
1171 1140
1607 1646
693 1461
708 678
258 963
1161 1633
1434 1278
953 1402
720 1848
793 727
221 90
1375 1335
1221 1173
1972 136
903 332
1471 1290
936 425
238 1078
107 1980
943 945
929 364
1993 103
1856 363
562 945
1671 575
1016 1354
1040 1891
1415 743
878 261
592 1738
1028 132
557 414
1491 1963
1942 794
90 1949
665 884
1339 1370
1732 657
1602 1194
1769 646
1999 1624
1867 784
1878 1039
1651 1633
1371 1107
1239 594
1007 750
1064 147
1292 850
798 1005
241 1381
1102 1462
471 1579
772 1186
1831 72
1695 892
28 181
1571 1561
1194 1905
1012 1221
166 916
1665 602
748 1173
374 728
84 39
1771 1523
985 676
254 872
409 1455
1878 1378
269 239
420 1924
1485 648
905 1990
1563 1030
297 268
869 1728
1252 1961
1040 1968
6 1625
1148 1475
151 128
1351 484
290 404
133 1760
1998 519
442 754
1401 769
1111 1926
1307 305
924 673
752 1603
1915 1792
1759 4
1980 1306
781 116
595 1479
1962 931
1686 1946
57 603
1121 1819
924 406
1175 1563
1840 324
981 285
1309 1499
1101 1904
48 60
415 1368
673 158
274 395
1873 1453
383 868
1165 187
789 421
591 1221
1627 262
1824 1514
189 1153
1789 15
1513 1169
1425 1097
1508 966
333 1824
1981 1923
317 1005
458 606
1474 541
727 1192
1612 990
211 1516
1777 202
67 189
1341 1952
1966 256
1776 1481
577 1831
796 1552
1375 436
358 1128
132 1356
313 1026
1567 941
485 1786
776 293
160 448
1002 1338
1526 288
239 1068
1323 1218
698 557
387 1099
650 1626
61 1182
661 25
1732 771
148 1144
85 396
182 1714
359 569
1368 1309
998 870
1158 369
1437 523
92 1396
1952 759
209 1141
766 690
223 859
1235 1178
300 883
27 1318
1713 448
513 463
1383 246
1906 1223
93 750
1119 903
1777 1250
997 907
17 220
1360 1301
1990 226
1436 125
1655 213
1095 1022
691 1954
753 1473
1935 403
1001 1618
840 1317
67 1258
161 932
533 1537
443 289
509 1530
830 459
684 1868
345 1171
1383 119
1492 1999
304 830
302 182
937 1057
674 589
1905 1937
1194 1865
1149 1971
1507 1706
1995 1681
1562 1949
408 503
370 743
1914 1443
1914 714
1064 1296
477 1405
1587 1368
424 779
1367 523
811 1449
1665 1623
1946 4
62 813
846 1452
1753 56
558 407
1150 512
306 1279
345 1415
710 219
1624 1408
775 1539
669 1562
84 1550
1350 387
9 894
1249 1015
1827 1954
1758 1310
1717 1024
1431 1862
373 274
1905 932
698 1030
1249 249
8 1759
1297 1224
1137 783
684 1965
351 1220
465 34
1400 712
665 65
1727 1578
602 774
635 1443
1717 384
1667 1359
389 1973
221 364
122 1989
1564 580
1362 1419
1735 700
271 398
783 438
1149 735
1151 182
111 165
939 877
320 712
1447 1573
932 388
360 1113
1476 1672
1660 932
1511 1950
1720 1575
274 1225
1622 1454
243 544
1630 756
1289 1391
1556 780
1657 1399
111 494
418 328
715 1557
1022 1701
1724 1074
357 849
798 1383
1309 1867
1443 869
323 1582
125 1416
171 565
308 106
886 1459
1210 1863
708 894
1221 1672
1228 1477
1178 287
1712 601
1450 901
636 68
286 599
1468 1944
1878 1729
1144 142
1058 354
460 1315
1125 1365
1579 1697
590 334
5 638
115 162
448 1585
537 1292
544 159
578 1986
585 1531
1475 863
943 404
545 1704
57 87
1753 1602
1319 516
212 1229
1563 897
1535 1153
1314 1919
1855 1
1292 113
623 392
377 187
1718 1200
415 1313
68 1544
1247 1357
1795 612
566 1303
171 1547
1128 1884
1132 734
1887 690
960 1018
1018 1552
1665 815
1206 661
848 639
191 1934
1599 917
460 605
313 1666
630 58
1360 108
6 1195
1430 1882
616 1133
174 561
1579 502
53 1134
300 596
1257 69
708 1857
142 456
1372 898
1854 1740
1758 1831
1888 166
625 387
1933 1599
1833 631
115 1362
274 448
1301 289
1774 1852
800 1705
1774 73
1929 408
863 833
82 70
162 586
768 287
804 271
1009 1007
605 1429
411 941
654 789
1236 525
1165 927
1131 888
593 938
1010 282
689 718
1902 1290
1712 1903
840 335
621 1873
495 1607
613 1424
1204 1503
795 1569
358 1966
491 1448
726 1945
833 7
945 1856
137 1425
494 1954
1596 1177
1431 395
729 1307
1531 270
228 1701
1124 25
1879 840
409 680
645 673
120 1118
1062 1487
1494 845
1053 1894
1670 438
743 1189
718 163
909 690
1996 500
1122 1637
1337 1526
1902 1349
541 813
1844 1780
452 949
66 840
327 923
1768 1479
1373 172
961 820
360 1394
1557 55
745 1429
281 465
454 740
618 1402
1102 142
1306 871
651 1642
942 1149
1989 1454
377 1007
838 667
838 496
1315 210
1603 150
204 26
1807 1511
328 948
40 87
1488 781
1274 1009
1879 941
583 580
80 881
687 1524
883 68
1086 1063
1558 1720
281 275
424 1224
1601 235
1746 980
1927 1407
1493 425
1557 318
1326 1332
273 830
1761 1557
437 1207
730 1841
260 1123
537 1964
1683 1346
1972 446
21 1963
550 396
1375 1974
1380 295
1071 1653
1971 1225
908 627
1456 1648
1204 1532
738 1217
1409 1993
1467 1820
1783 1668
1365 356
1153 1466
1780 1337
84 1174
1147 329
975 1458
1462 878
102 45
1023 1784
1432 1362
893 479
47 987
1331 1983
1802 1807
1474 1150
1505 1584
1401 1191
527 657
182 1533
213 962
419 1328
206 1188
1584 232
16 659
372 959
1789 1447
785 1265
1247 1835
1993 116
1265 1048
983 1818
1008 1121
129 384
1916 1886
847 311
1990 128
1667 1617
1849 195
1206 1603
561 1864
1310 1577
1193 349
535 94
561 791
190 527
344 177
1297 1173
1556 1704
1589 1426
88 1823
1950 436
52 77
624 1969
1571 1900
1763 1829
1757 131
831 1424
1870 1302
92 1717
243 430
607 282
1806 938
641 255
32 1713
1535 230
665 119
196 1836
1804 1068
1320 819
999 1726
208 1082
858 1107
408 1038
754 727
1508 852
1133 1348
286 114
721 1290
1002 1278
1507 752
871 888
723 523
1943 1066
1884 879
604 1262
695 1234
340 1164
201 1552
278 748
1599 1307
1006 1786
251 1083
372 1643
921 971
1723 1725
612 779
1302 945
10 1686
564 1596
857 245
1478 1520
683 1551
1103 1817
916 883
541 1732
1869 866
300 1547
1541 120
1442 1023
747 461
1240 1516
460 1710
1396 893
488 821
1417 1959
1478 1344
1246 894
1063 160
1395 348
432 330
1196 287
185 300
771 1495
518 1726
186 213
80 1616
1326 1777
669 892
1712 721
1031 1508
1203 1129
374 509
1020 449
1148 1788
118 414
1053 1579
231 1665
1511 1237
1314 1001
1565 380
348 1852
1628 1645
536 1673
745 649
156 599
79 1775
283 1711
511 453
592 1655
420 1658
1589 1061
725 1472
1061 171
1171 588
1319 374
225 736
732 1666
1338 1853
853 1267
1865 82
209 1008
1070 1944
748 491
145 1580
1590 1339
400 917
388 1530
1700 1476
415 1448
1822 870
1957 1734
1399 46
250 688
306 1089
1522 1102
462 523
818 1730
573 1531
1463 1565
1255 717
1985 1052
581 6
1834 373
1820 632
1501 248
333 1993
391 1810
849 1732
820 640
94 1155
1677 693
423 555
437 494
410 995
63 1899
1302 1664
1670 48
420 234
865 1855
102 591
936 718
527 435
518 1326
317 1375
529 1689
381 410
1316 557
1050 803
1797 105
355 1811
1475 212
259 1657
1890 1496
1350 1030
1620 755
1472 1803
589 907
232 350
1724 1106
794 901
1310 605
1513 1527
329 978
1082 915
725 478
1041 1436
1092 199
46 1299
680 1334
440 1747
1550 299
1558 263
612 490
1596 1789
689 687
1643 741
267 351
1328 1156
70 948
1777 761
196 794
1345 817
467 1640
973 1742
1489 1146
1796 1764
26 1390
1879 1353
1494 989
1675 1826
567 182
884 1318
473 1185
132 563
1323 894
1687 260
1076 1871
1510 1383
1125 1542
687 834
949 613
354 835
187 974
1962 232
58 1680
214 1988
1305 976
160 1449
12 129
1022 644
903 1686
1556 1061
795 331
1872 1417
250 1919
883 911
97 1198
523 1236
1820 283
315 836
824 229
1556 528
1976 128
609 1715
710 339
25 1982
1394 1613
1943 1580
997 189
459 166
1428 1598
1148 1342
929 1524
159 1670
506 1100
1328 473
1352 1329
1808 883
950 1679
18 768
750 1659
1623 42
1621 143
683 1917
435 969
919 1142
483 1862
1738 66
87 1763
863 248
720 592
272 542
1777 423
101 432
1199 1078
736 118
511 300
795 359
627 484
1452 1477
618 1061
923 370
787 1452
1567 1012
1611 874
1817 781
1322 682
1104 441
872 1450
527 1204
1674 422
722 1615
325 184
667 1516
1344 951
12 471
840 1962
1765 1286
649 1627
852 1683
463 259
940 668
1108 137
1586 43
1598 331
753 465
79 1271
1807 1826
1341 403
1353 473
943 1036
1349 1716
1001 135
113 1114
796 1649
1907 964
1983 1611
1747 1198
1240 1443
1773 1684
148 1190
812 525
702 226
980 618
1443 42
1078 685
400 737
871 426
1891 1753
1401 1335
650 1039
649 1660
857 633
75 747
430 449
1990 199
1076 930
1507 801
1771 1777
171 487
1523 1213
301 1248
25 1922
26 1524
858 268
1658 1427
1438 1860
492 658
1404 646
1446 918
1468 185
1466 1435
236 543
320 973
1811 6
1570 490
89 1333
1606 1870
1393 465
1084 1632
1410 603
462 741
1398 1199
1844 1305
574 1153
1690 1290
1076 41
584 1155
127 1311
1668 1255
96 1937
1621 1589
1811 536
1000 1579
1562 1555
157 436
1176 971
521 970
274 926
78 364
5 847
888 1767
922 1081
743 1823
1429 1400
1689 763
351 1524
59 1661
1239 513
68 1410
1845 800
122 224
1194 1373
298 642
1358 1819
666 727
846 1362
794 1905
1727 119
1518 1537
299 1507
1030 1558
1219 1001
1514 1440
849 457
1609 1581
156 1046
770 82
724 1701
1520 1419
145 433
146 537
441 990
1460 940
