100
24 30
9 22
2 78
11 64
6 37
70 31
38 39
73 77
96 94
36 4
20 63
66 69
65 88
16 51
58 70
47 33
99 55
54 52
85 64
15 90
52 37
20 90
75 44
66 71
89 54
26 8
68 91
28 33
79 43
83 36
65 29
20 63
36 74
67 20
89 33
61 41
69 33
30 96
76 47
18 65
100 43
24 68
33 4
52 11
98 34
98 62
15 18
77 2
43 73
31 75
33 71
96 65
52 91
93 99
60 9
50 2
84 69
86 39
20 97
37 54
46 98
20 63
26 21
5 20
45 88
47 77
10 42
94 62
84 38
12 43
46 61
96 81
82 81
20 1
29 8
6 27
57 25
41 83
97 98
2 93
85 48
22 94
41 15
7 24
4 70
18 1
83 65
81 64
98 52
64 26
59 22
4 16
98 45
50 95
42 51
39 26
51 60
71 91
26 30
67 29
99 36
81 1
14 44
98 65
8 75
76 29
79 43
26 75
92 72
16 94
63 93
44 22
15 87
100 44
53 80
43 40
61 23
40 74
67 89
90 26
16 65
6 46
7 83
20 50
7 87
44 21
79 39
42 45
25 93
89 29
73 31
69 85
5 60
10 71
1 99
48 68
16 5
13 74
40 84
24 98
70 19
18 100
57 11
44 34
4 32
62 28
14 82
12 19
94 21
41 94
19 41
13 86
45 25
60 36
8 83
33 77
1 50
28 9
61 71
42 16
3 56
43 68
37 54
86 30
26 27
75 96
67 87
82 63
63 41
99 22
75 31
98 27
33 77
35 93
48 29
8 2
84 2
69 20
7 55
2 32
33 28
79 51
67 12
13 29
4 11
51 78
94 100
56 26
29 91
70 76
71 29
77 54
30 97
73 36
3 26
19 35
54 97
85 72
9 50
52 64
60 54
42 5
54 97
30 82
39 51
9 79
37 14
8 33
87 95
36 64
13 22
17 62
59 40
22 8
92 85
19 45
78 24
50 27
5 83
17 8
91 78
86 27
91 94
12 77
40 99
93 53
72 9
14 30
1 87
89 92
71 8
36 49
83 86
27 39
68 43
46 11
20 84
89 11
29 52
39 68
50 31
20 74
92 85
3 92
71 92
83 94
51 70
94 85
55 20
23 75
62 21
85 34
4 25
44 32
77 34
99 26
65 71
51 8
55 54
99 78
97 33
23 99
2 68
83 9
87 57
35 100
77 71
33 32
95 28
63 71
62 14
49 26
84 51
85 90
4 83
19 52
67 41
2 20
8 36
80 46
93 66
98 21
36 30
53 83
58 67
5 71
80 5
48 63
56 32
5 11
66 23
15 32
16 3
23 52
83 21
96 48
18 16
36 47
20 18
56 39
22 78
18 27
25 33
82 56
89 44
21 11
58 4
26 74
7 1
77 89
21 72
88 38
39 23
36 11
40 44
49 14
21 18
92 46
2 25
53 90
68 26
1 26
29 78
51 35
78 27
75 98
50 63
87 40
37 75
50 77
18 50
42 90
20 33
87 21
57 40
63 24
65 15
49 93
92 99
80 70
77 54
19 26
68 58
18 5
32 67
33 1
69 74
90 88
6 77
60 14
68 22
37 84
36 38
28 80
88 7
49 17
13 19
94 32
28 11
36 59
78 20
59 98
93 1
85 50
29 96
15 48
18 4
31 5
93 10
84 80
17 84
48 81
55 42
12 82
52 100
41 81
19 51
78 64
3 14
13 31
62 80
30 31
83 12
35 75
22 71
6 90
54 70
8 95
33 90
98 84
82 79
3 84
8 66
87 74
30 69
35 9
99 65
91 10
51 17
31 21
23 20
27 76
41 34
22 26
75 19
9 56
49 11
92 9
28 78
82 10
46 68
70 96
84 13
58 34
29 40
7 51
12 33
78 52
18 99
77 93
70 38
100 18
48 91
78 28
20 11
37 18
78 6
13 61
18 22
47 62
53 49
73 37
27 76
54 77
53 98
46 90
50 16
89 40
93 16
12 4
4 29
33 62
93 46
79 15
92 77
76 96
78 100
32 4
75 37
80 79
35 26
20 36
93 9
75 85
76 38
40 32
66 73
93 11
18 23
25 61
100 52
8 77
51 91
32 25
27 63
56 13
40 75
48 32
83 75
69 11
64 8
42 30
32 86
92 1
8 16
13 59
19 20
87 69
10 18
45 89
81 100
53 20
27 53
4 9
27 72
71 90
31 64
71 63
49 62
63 57
29 28
67 47
47 54
67 9
23 64
49 55
15 1
75 41
53 30
2 31
1 24
73 31
88 95
93 36
9 8
44 89
35 63
36 33
16 54
41 38
69 89
45 36
42 71
28 94
100 81
77 100
5 1
82 92
95 27
79 55
34 75
44 20
37 79
4 84
97 93
5 37
37 92
78 7
19 24
6 100
52 57
4 52
39 47
46 65
77 1
50 3
44 21
39 74
24 94
9 20
87 65
57 75
56 86
82 27
9 39
26 60
96 81
11 34
79 9
98 7
61 99
10 56
19 100
81 42
94 41
14 32
6 22
6 13
7 87
39 68
78 64
27 73
96 90
6 26
50 55
33 62
53 42
17 71
93 49
64 86
89 29
69 46
50 75
59 57
13 97
76 90
13 2
14 60
43 71
86 44
25 18
5 29
11 73
51 3
21 67
41 62
95 9
7 45
35 65
53 100
14 28
41 78
81 55
37 76
25 22
19 2
91 24
82 1
96 33
56 69
99 96
30 45
56 88
89 91
53 93
42 18
72 82
95 5
36 31
80 13
5 98
14 47
73 95
48 21
79 55
41 29
2 70
74 57
57 14
99 61
7 40
30 74
24 34
9 7
13 21
63 86
9 87
33 8
59 11
62 99
40 63
20 13
72 77
26 22
89 84
14 19
14 87
94 47
47 100
12 68
62 26
5 71
12 37
78 71
48 92
21 39
6 41
3 77
69 28
99 9
64 12
27 77
50 73
75 96
72 38
15 86
63 20
8 27
8 85
97 7
28 69
45 34
9 47
10 29
27 60
38 90
23 16
18 72
88 44
20 12
82 34
97 44
5 4
70 13
40 18
71 68
39 16
1 99
14 62
28 40
74 65
81 96
32 50
20 94
91 31
27 24
79 22
81 82
44 45
73 13
15 40
51 30
92 50
96 6
77 35
79 93
68 26
76 69
97 95
62 87
77 40
63 55
62 43
88 5
87 61
17 1
52 20
83 96
69 78
1 97
64 31
41 83
56 16
52 5
63 65
91 39
5 46
18 47
33 74
85 45
90 38
97 61
20 44
81 49
44 77
64 74
69 47
81 37
50 85
99 14
28 89
70 32
86 87
31 71
60 15
15 2
4 63
62 23
6 43
23 49
71 39
74 92
37 7
28 86
91 26
99 70
66 21
2 52
7 84
22 67
50 88
20 54
51 33
28 56
75 51
57 98
89 82
89 25
88 16
62 31
93 12
100 58
32 53
61 39
88 34
57 38
22 28
91 72
60 18
79 35
20 87
84 60
69 72
36 8
39 97
38 31
9 90
40 94
1 30
82 34
38 19
55 65
61 78
25 78
9 11
98 95
94 57
15 17
93 23
55 89
12 37
49 53
76 89
47 28
70 80
14 8
50 20
24 10
98 48
87 6
10 36
52 55
93 67
71 37
89 77
25 52
13 74
5 89
14 3
68 35
34 81
42 83
1 66
44 98
65 82
55 75
18 6
29 10
72 52
46 12
28 22
16 41
47 20
81 12
74 48
47 7
29 40
41 29
57 84
78 22
65 32
48 34
89 28
95 61
79 92
24 7
14 39
99 12
10 79
76 35
78 74
93 6
13 33
86 70
68 63
43 85
46 90
18 35
17 65
47 48
56 70
6 21
61 4
33 70
34 60
5 11
33 97
17 97
82 2
18 1
17 60
37 62
1 7
48 70
71 94
17 26
16 22
47 76
77 31
45 10
90 1
20 22
50 88
70 31
42 88
31 10
47 68
71 100
74 71
69 44
64 37
69 79
10 67
54 86
97 51
47 86
3 66
59 52
6 29
82 47
16 65
56 14
32 78
13 57
48 33
52 64
21 72
42 30
39 48
67 87
50 13
73 52
31 83
4 36
63 37
34 30
1 41
96 84
70 60
40 18
93 43
33 65
15 74
95 5
73 61
91 74
26 15
26 56
50 81
43 12
17 28
94 18
68 89
1 37
48 93
6 92
87 38
57 1
64 3
57 88
15 48
62 40
14 87
47 63
67 89
27 35
68 20
52 35
60 5
24 59
49 29
51 35
19 59
88 82
61 44
69 27
43 82
67 57
68 65
19 86
6 97
73 16
24 60
27 80
83 86
28 63
36 63
81 46
50 14
58 93
35 84
36 16
2 44
36 67
14 73
72 11
45 44
78 21
3 5
100 37
90 28
100 77
42 32
74 91
98 31
35 32
14 22
99 16
17 34
34 31
7 5
93 3
100 70
23 55
26 23
43 15
2 42
43 26
16 85
23 46
