100
36 86
82 43
86 36
46 15
30 49
24 21
12 99
15 90
59 99
93 6
79 98
82 17
81 26
96 88
43 55
42 31
41 75
73 26
10 70
92 91
18 16
63 30
66 29
71 76
28 15
34 6
12 67
22 45
45 70
84 87
24 77
17 16
51 41
93 12
11 85
3 80
52 17
9 69
46 31
96 73
46 29
30 9
96 3
53 40
72 37
78 96
65 47
63 16
87 8
27 49
44 81
29 47
98 89
15 43
72 62
67 17
43 96
77 38
98 82
29 70
70 58
17 34
4 31
49 43
38 28
91 81
8 71
79 5
60 45
99 31
7 17
99 49
12 27
38 62
8 18
83 77
75 51
11 79
81 11
73 71
38 63
3 46
86 82
2 45
26 53
27 32
69 77
32 33
3 69
94 11
86 28
39 13
78 49
91 10
12 63
80 49
77 83
94 62
16 48
58 41
100 36
25 20
12 56
52 67
77 97
29 14
76 67
26 53
68 63
79 82
94 27
59 28
73 72
43 72
82 84
71 17
60 42
29 67
94 47
43 42
75 9
18 41
34 22
8 2
84 38
83 30
65 93
57 89
17 100
60 98
35 82
14 94
23 94
12 68
40 7
62 14
15 79
7 48
52 66
1 88
4 36
17 20
28 73
60 96
24 19
45 58
52 59
3 26
4 67
46 96
73 7
61 87
37 67
86 88
85 87
75 88
22 91
59 1
16 18
49 39
88 93
49 91
3 51
16 7
17 61
54 41
19 66
27 55
85 13
95 69
51 69
56 72
12 66
24 27
83 72
17 70
65 60
67 68
27 25
84 40
30 77
58 96
3 65
80 67
59 48
17 79
55 40
90 20
16 2
87 33
23 3
49 34
22 16
60 46
52 99
76 28
9 71
30 73
50 49
83 49
65 61
3 57
51 22
72 18
75 10
2 97
13 51
30 34
66 41
31 17
40 6
44 48
28 26
72 29
26 54
77 42
14 79
98 64
52 69
82 26
31 35
22 43
85 3
28 51
44 58
19 35
64 15
82 43
92 53
72 17
58 48
58 71
27 56
35 78
76 68
56 6
2 29
100 39
32 27
89 27
85 59
61 100
73 94
42 64
98 13
32 55
13 90
25 91
97 11
20 24
30 75
82 32
4 33
70 87
60 10
13 96
68 25
95 93
18 88
8 15
53 92
21 65
81 45
55 29
8 26
4 37
1 37
20 56
70 41
42 81
50 6
76 70
30 22
14 99
9 21
13 61
12 33
77 44
29 83
24 36
9 80
73 61
16 44
16 37
85 57
17 86
14 92
55 43
13 20
41 74
41 5
86 4
89 63
100 17
45 75
5 54
29 65
22 72
80 58
56 88
27 42
1 70
48 95
35 68
35 8
60 91
93 15
79 55
14 48
52 89
4 56
94 32
21 15
55 52
25 63
40 51
56 40
20 55
87 54
22 21
13 33
64 6
48 42
12 61
41 15
1 44
71 95
27 43
61 34
94 85
96 33
87 3
25 7
57 11
12 31
83 25
63 46
82 10
40 45
23 32
60 23
28 82
69 54
24 82
39 17
66 86
2 53
88 78
11 97
40 74
27 22
50 89
20 31
51 59
28 73
42 87
47 69
68 75
43 49
13 11
14 99
12 18
38 41
80 34
80 54
60 2
3 1
73 86
51 83
13 75
24 51
21 93
70 88
67 12
88 79
22 2
29 86
71 67
26 3
52 58
56 12
59 10
64 83
95 14
65 59
88 9
60 80
78 48
46 89
35 77
63 88
5 100
11 23
25 13
75 82
20 38
92 29
1 74
76 14
90 34
53 78
43 12
9 20
11 55
61 98
83 75
37 39
74 47
62 98
11 88
32 82
25 75
11 77
1 38
42 90
23 94
19 65
5 28
37 68
82 49
65 16
23 1
54 96
48 67
45 10
54 28
92 30
55 54
6 55
91 47
96 65
40 15
30 97
42 18
64 75
18 28
90 40
80 95
87 79
62 31
89 67
11 32
97 65
85 2
19 27
1 66
91 92
80 72
88 73
41 3
47 58
82 88
97 62
83 35
40 96
66 80
62 76
11 10
92 47
64 10
73 64
27 16
55 7
87 95
79 80
49 78
37 31
65 86
44 99
20 83
46 37
63 60
64 25
69 55
72 84
16 44
99 43
11 6
1 50
100 31
29 100
8 17
30 25
2 73
75 74
8 21
62 22
32 26
46 52
32 17
36 48
13 34
42 75
39 42
24 90
72 4
42 80
21 71
56 74
96 30
47 55
2 61
76 33
86 73
37 17
42 72
16 6
57 80
48 98
56 89
22 59
30 53
31 53
8 5
100 89
3 54
91 63
81 75
100 5
11 69
46 34
84 3
91 41
83 38
90 26
11 48
8 63
31 60
22 35
59 11
89 64
53 4
96 27
3 100
90 71
98 23
7 100
65 47
34 2
88 23
80 99
23 39
13 53
98 35
39 8
97 27
23 49
30 18
27 85
17 16
55 14
91 61
66 55
59 99
9 99
22 40
49 44
78 61
48 27
47 86
34 43
64 8
91 46
25 18
30 93
85 36
59 75
49 24
30 59
22 90
57 95
29 5
90 6
18 37
32 64
74 17
59 38
24 49
83 100
18 12
44 3
99 2
29 47
77 10
6 51
99 14
45 27
19 87
84 36
23 15
51 49
83 9
86 58
10 20
9 27
83 53
81 54
10 28
83 71
85 33
70 98
29 96
16 15
80 3
90 46
54 38
81 62
75 38
71 94
47 50
76 51
30 56
56 91
35 38
62 19
70 83
69 99
78 36
65 9
39 54
7 44
43 87
57 17
24 28
62 22
29 37
72 10
45 80
53 79
17 14
50 87
48 18
37 25
53 86
43 7
92 86
1 78
43 70
53 22
31 27
50 68
50 59
64 29
63 42
46 28
43 84
75 60
72 100
65 24
37 7
82 28
93 83
57 35
52 9
56 82
87 57
1 37
67 64
17 30
58 62
57 100
97 32
12 20
83 76
44 19
82 77
98 74
11 54
8 62
14 15
96 1
71 48
89 38
64 57
67 73
19 75
72 67
6 83
87 40
58 82
10 40
58 7
13 69
12 73
82 26
87 29
78 10
29 18
47 92
74 65
64 44
91 87
63 97
70 49
88 79
82 98
18 91
4 83
59 68
7 93
93 73
22 54
1 39
100 92
64 16
7 8
7 94
70 55
15 70
42 93
51 91
63 93
47 45
4 14
51 96
6 95
68 79
49 69
69 100
12 32
68 19
91 74
64 60
80 78
81 73
70 83
64 32
76 10
28 79
23 30
26 80
77 45
58 25
13 26
76 77
9 43
47 100
68 10
11 99
39 92
72 8
74 35
92 1
96 19
79 18
1 56
49 77
1 58
53 13
35 28
41 43
23 87
42 48
5 41
86 96
12 46
21 98
37 22
93 7
52 62
59 8
62 35
8 19
87 72
53 15
13 47
89 51
41 30
99 45
70 36
40 33
33 12
30 69
33 74
28 85
87 86
92 48
73 99
18 59
70 22
25 34
69 13
85 61
43 35
57 64
70 48
97 3
59 78
23 92
52 2
76 38
40 19
38 12
17 55
70 38
29 95
72 49
59 56
9 1
90 65
65 11
12 13
65 70
90 40
13 93
41 88
83 32
58 20
43 26
26 65
64 54
11 87
54 69
42 62
22 83
78 38
45 41
50 62
11 39
1 75
84 93
15 66
25 72
37 19
98 62
83 61
68 93
47 21
14 40
35 74
12 72
70 53
73 31
15 63
31 89
46 24
3 11
48 75
47 18
24 61
1 36
28 45
34 100
58 73
34 44
98 67
67 2
39 98
68 2
28 56
99 3
11 10
2 37
8 20
60 68
72 95
47 16
28 47
26 52
32 21
1 81
88 67
82 78
16 49
31 96
57 30
98 67
39 52
3 46
71 14
66 42
8 12
9 87
10 86
90 42
7 90
74 46
8 56
23 24
56 6
71 12
35 68
30 25
71 32
70 93
97 87
86 56
99 95
42 8
32 83
1 90
24 75
35 32
82 10
7 37
15 77
1 49
96 30
25 67
14 94
11 10
81 97
66 31
91 59
90 74
94 91
64 17
17 98
100 98
59 58
86 73
86 73
34 68
97 52
81 43
62 42
75 58
59 57
100 70
46 74
63 36
37 31
52 34
83 1
45 92
87 17
78 24
42 11
91 90
14 23
84 75
17 10
33 75
66 32
96 12
5 10
99 41
93 3
27 75
3 71
18 41
39 47
17 32
9 59
74 22
82 57
97 50
67 29
76 84
12 72
95 69
81 94
9 25
96 87
51 50
9 69
91 48
15 7
31 24
65 4
45 98
13 93
47 31
73 75
14 85
46 9
53 78
54 13
3 1
52 53
50 60
21 40
59 88
98 90
11 15
45 7
64 57
100 63
39 72
37 53
8 34
13 12
11 66
77 65
66 28
18 67
39 90
59 98
77 8
39 22
35 46
38 92
97 52
82 68
88 34
28 21
98 39
83 15
15 48
32 94
17 99
33 6
57 30
35 64
20 73
38 54
70 27
97 66
78 79
86 65
64 13
37 62
3 71
28 18
18 60
11 34
58 43
92 66
24 26
29 95
98 18
1 68
44 97
85 21
27 70
37 43
34 25
4 37
96 31
6 65
42 68
99 11
42 16
86 67
45 33
16 14
33 83
58 81
20 30
8 41
19 50
75 43
5 63
90 87
68 55
29 35
5 79
97 46
95 35
12 91
67 27
4 51
62 13
31 33
95 38
73 13
39 47
7 95
61 97
34 28
51 62
15 55
92 11
52 86
97 15
76 63
93 32
65 6
96 38
90 85
11 2
76 9
9 70
70 57
3 49
7 16
15 13
8 26
64 93
74 30
21 89
22 52
53 28
99 48
17 89
33 27
42 60
88 2
29 9
58 84
9 64
99 24
28 6
1 91
51 74
72 71
62 94
74 15
73 72
14 89
12 98
16 54
57 55
55 86
15 13
21 23
28 19
46 56
77 98
98 27
72 70
49 85
15 22
51 87
45 65
75 57
14 42
62 71
96 16
8 10
80 28
85 60
98 82
15 74
80 64
52 3
85 100
87 99
73 38
85 18
54 12
26 67
53 87
37 1
54 96
62 34
23 46
45 73
80 59
46 59
74 98
13 59
97 99
9 22
88 46
39 41
57 16
60 61
2 48
61 7
44 23
92 18
20 36
90 99
46 88
9 20
37 21
30 85
72 38
6 59
35 44
52 91
11 52
12 58
64 19
53 86
10 23
58 46
64 56
91 51
17 62
87 37
91 72
8 81
77 67
15 73
70 58
83 80
61 47
89 24
17 42
62 78
16 19
75 79
26 18
30 42
79 68
79 22
91 38
2 20
56 68
92 25
77 26
56 37
24 45
61 40
38 74
18 53
92 44
83 17
61 12
11 40
32 41
13 22
78 66
41 86
33 84
10 62
62 18
98 37
62 10
77 51
83 46
55 26
89 37
43 50
1 5
41 84
45 53
5 22
70 98
7 54
33 69
15 46
86 13
83 99
22 11
1 57
56 55
82 96
43 76
97 43
80 89
26 24
93 83
98 62
32 56
16 24
30 62
61 94
96 59
68 6
59 24
13 65
57 60
8 33
57 2
64 97
80 40
90 14
37 3
45 44
18 60
68 100
73 80
93 68
39 60
73 49
35 85
66 92
45 25
76 53
26 91
49 5
30 90
18 93
14 62
62 74
81 61
46 60
6 66
50 17
38 51
52 75
68 95
71 92
22 23
17 64
23 74
46 65
43 15
9 76
70 34
8 83
31 20
40 96
21 56
34 23
59 60
90 5
30 81
26 4
50 90
78 75
35 42
69 49
2 77
77 72
10 36
6 41
7 45
36 28
52 21
50 11
80 92
15 61
72 41
16 73
82 94
47 68
87 16
68 89
44 96
12 54
84 17
46 90
13 33
17 64
54 19
74 85
10 89
98 33
81 13
58 14
6 4
33 93
71 100
33 67
48 44
20 31
60 17
20 24
49 89
87 2
59 61
39 68
1 36
52 33
48 9
46 6
65 78
98 87
29 82
53 76
25 24
58 36
40 30
59 89
18 45
42 76
57 80
95 57
67 98
89 15
59 86
20 75
63 69
61 44
50 66
71 26
89 29
61 81
10 71
69 27
15 62
54 24
94 100
80 60
97 21
74 7
6 45
81 21
65 42
16 14
59 86
91 47
66 51
79 75
21 99
53 88
61 6
11 54
57 42
13 6
62 39
12 20
35 93
92 100
86 7
65 44
44 56
42 10
6 73
84 79
71 89
18 83
46 28
36 3
21 1
8 83
91 71
54 25
63 45
76 100
3 41
95 46
96 89
55 53
61 91
83 79
100 66
24 79
53 78
100 5
85 34
95 56
87 72
70 83
99 22
85 39
68 82
86 56
37 91
68 79
25 51
9 77
16 84
55 68
62 6
25 98
39 19
5 77
42 27
11 41
48 47
31 15
29 17
23 17
59 90
95 83
40 3
59 7
38 66
27 99
71 51
97 62
21 53
38 63
79 49
3 26
95 33
93 75
1 15
91 59
4 85
94 44
39 4
2 77
69 28
27 40
78 23
1 99
76 90
13 54
90 67
32 37
51 24
11 52
38 2
62 93
38 7
88 77
11 90
5 79
17 31
70 47
6 22
97 81
12 61
86 53
27 69
89 77
44 100
80 33
53 42
26 90
48 13
66 10
54 70
89 23
1 10
69 58
32 17
90 95
77 75
47 55
96 36
31 39
87 11
72 39
4 49
28 3
61 46
13 15
15 53
89 67
62 57
24 45
25 13
39 53
40 38
7 87
25 37
25 11
99 48
49 2
96 28
5 9
73 69
75 88
73 63
6 34
71 82
31 47
94 21
99 85
58 5
71 82
93 48
44 92
47 92
45 43
72 1
3 44
21 29
83 93
91 89
79 13
70 9
59 15
81 9
52 39
13 74
72 57
21 16
100 68
59 97
62 30
97 16
74 18
44 56
62 86
96 40
98 17
100 8
84 81
16 35
19 80
8 42
36 81
57 88
100 68
84 61
97 80
28 22
49 71
78 11
56 25
50 5
42 2
12 25
82 79
11 52
58 70
93 50
2 80
49 69
63 61
65 95
88 87
95 10
16 5
17 40
7 21
33 8
84 57
89 62
19 92
19 89
84 64
38 85
95 87
53 10
99 70
4 87
8 98
96 23
55 13
14 13
85 47
72 69
55 60
82 74
3 1
62 86
16 51
71 10
37 75
19 88
96 74
74 3
24 21
77 78
85 91
42 70
37 13
90 43
24 71
16 26
23 29
11 38
80 33
100 68
60 70
55 44
80 10
19 1
86 48
37 76
89 6
64 1
95 7
24 18
74 1
40 55
11 30
34 96
29 53
7 50
8 61
45 39
70 63
91 56
10 28
83 50
85 99
2 80
57 77
49 30
77 88
84 40
69 35
49 22
93 99
81 53
43 19
75 6
10 82
67 89
64 17
73 14
18 4
70 95
52 100
23 92
35 62
60 56
48 9
77 40
7 9
45 49
27 19
6 88
52 73
76 67
41 49
81 10
52 50
56 1
79 47
36 40
6 43
40 14
19 31
72 79
75 21
5 45
26 45
48 50
72 15
90 20
95 100
24 96
7 79
97 85
25 84
77 82
26 16
48 96
98 19
74 73
39 30
69 17
74 17
18 46
31 60
17 77
11 92
72 17
22 68
2 98
3 30
80 28
97 27
23 94
45 48
66 36
78 87
4 3
55 73
100 85
32 69
13 42
60 36
11 82
56 64
79 58
93 10
86 89
36 60
82 33
60 100
20 37
86 75
91 40
47 43
76 31
11 40
72 70
75 34
3 30
97 34
88 89
43 25
29 31
36 11
15 95
10 86
83 47
60 74
38 6
16 65
36 78
4 60
47 30
45 2
60 42
35 99
82 29
75 11
59 10
73 25
5 82
10 87
80 69
12 69
27 79
33 14
56 88
73 55
17 18
56 28
11 90
78 92
18 52
54 29
62 26
53 66
59 15
4 90
83 68
58 9
46 42
23 54
81 47
8 50
16 63
77 78
4 55
70 73
6 75
1 19
1 6
36 11
20 40
1 54
59 10
63 4
4 37
57 84
35 16
33 51
78 62
28 33
68 49
6 25
76 58
44 28
63 79
38 34
70 90
88 28
100 2
84 3
90 92
38 24
8 23
26 37
84 6
70 51
54 27
75 81
84 70
8 99
49 46
32 70
87 71
98 38
72 81
40 61
72 30
37 31
52 62
68 35
67 89
37 73
15 11
5 98
33 13
48 81
10 80
50 96
50 99
34 74
31 25
86 3
54 22
33 57
36 52
43 54
40 79
78 54
42 83
4 74
95 51
6 4
82 7
51 32
6 84
57 36
61 42
90 66
16 75
23 3
26 65
56 18
96 34
71 37
68 26
62 77
67 17
58 73
19 41
30 55
49 66
15 43
7 32
58 33
6 12
11 71
67 28
18 52
50 6
19 76
67 32
4 33
100 13
5 19
6 87
73 54
4 39
96 10
70 5
95 76
16 5
98 35
84 15
38 33
20 9
60 38
40 15
70 92
28 26
10 85
12 34
38 15
72 86
77 93
90 71
68 58
27 17
92 10
83 81
94 54
89 6
91 29
20 12
20 99
38 81
83 1
14 73
68 37
58 96
81 99
66 1
56 44
17 99
53 52
80 46
5 68
51 48
48 23
59 19
21 48
99 56
49 64
28 16
52 37
11 33
35 28
33 91
71 1
89 75
52 20
20 9
88 23
56 35
97 14
6 17
62 4
24 62
20 3
77 23
39 55
74 18
39 64
40 4
14 43
24 85
51 11
7 6
97 3
72 2
72 33
58 47
94 29
50 22
51 88
12 58
61 29
96 76
68 87
80 81
82 3
17 32
65 24
90 13
78 61
15 1
45 24
48 90
52 97
63 2
36 74
59 97
54 7
72 21
45 3
53 26
5 69
10 21
44 99
34 74
11 100
74 55
75 21
96 26
69 58
79 5
83 90
53 36
96 76
8 92
79 60
18 35
80 27
56 76
25 41
49 87
92 74
93 66
47 88
91 15
45 21
71 79
10 23
14 57
51 21
49 29
32 66
63 92
70 38
68 10
38 6
1 12
98 18
58 85
8 24
81 47
59 90
21 72
47 71
44 95
99 75
60 62
37 3
83 27
22 93
64 27
45 27
24 15
84 60
74 60
92 54
6 2
44 26
25 90
97 68
36 95
94 47
8 30
49 43
8 22
87 72
100 83
50 75
97 34
86 71
93 77
24 50
78 67
75 2
8 23
69 43
70 62
89 29
43 89
71 3
62 57
74 61
40 23
35 36
8 20
6 52
48 30
1 25
48 28
78 56
50 98
98 71
59 39
100 54
27 70
56 89
79 81
1 18
55 88
5 15
59 63
66 7
44 19
83 91
98 61
98 99
58 48
70 69
86 21
22 64
90 29
4 20
61 57
89 15
44 94
29 2
8 47
8 51
17 43
93 66
3 43
64 60
90 85
80 27
5 53
42 47
81 46
66 93
54 7
8 97
100 88
50 59
86 10
9 54
52 53
19 54
95 35
65 84
19 45
62 76
97 4
22 30
1 39
22 54
45 81
50 96
21 99
54 6
8 62
60 11
67 30
64 61
64 81
97 83
25 58
58 73
61 31
2 61
69 76
14 66
56 15
61 76
66 15
34 25
28 45
36 94
74 51
55 38
31 51
20 55
8 29
80 21
59 81
81 79
56 47
44 64
13 5
39 30
71 24
55 98
68 42
44 42
44 98
79 75
100 50
81 59
30 60
31 40
93 64
18 48
10 14
63 74
18 54
4 88
77 10
37 45
3 80
86 46
29 16
20 80
17 53
39 46
12 21
85 4
84 54
4 45
67 66
19 36
19 74
75 48
83 12
92 37
91 29
82 72
44 54
51 12
6 41
57 17
62 93
73 45
46 76
90 65
93 60
100 64
33 75
11 67
38 54
3 80
82 36
51 77
89 54
88 46
94 44
15 7
88 87
4 85
14 45
49 58
4 1
21 88
27 83
6 64
36 60
95 17
95 98
45 36
51 32
81 96
27 47
55 14
33 58
99 98
2 99
56 57
99 76
44 25
11 49
40 46
60 87
15 54
84 59
41 34
91 22
81 17
68 35
83 53
92 33
50 45
31 57
1 82
33 96
58 43
96 98
40 55
84 54
61 19
65 1
52 7
74 84
75 94
19 57
98 62
89 47
7 72
4 59
53 88
7 10
82 54
7 73
61 42
27 21
60 43
21 63
49 47
47 23
40 17
80 37
78 20
35 36
91 90
95 43
29 53
53 10
6 11
83 66
5 61
38 16
3 11
31 51
57 77
25 48
45 4
36 22
76 70
58 66
12 4
61 40
56 65
2 13
75 84
31 96
68 47
98 78
29 100
86 57
24 33
1 80
68 22
7 90
31 72
53 86
84 92
41 48
93 6
75 28
36 5
23 55
3 72
33 31
23 70
87 47
3 87
78 22
61 84
63 43
7 15
29 43
59 21
90 51
26 64
79 13
21 53
68 75
25 52
58 47
73 44
45 27
83 74
49 95
57 63
37 16
30 17
58 88
38 99
38 15
15 68
80 87
21 99
61 97
2 18
43 74
14 88
1 48
61 1
42 70
15 30
37 44
47 46
31 36
44 21
2 58
40 33
44 60
31 5
56 32
74 51
58 87
90 10
86 2
10 27
71 76
9 59
20 7
4 2
94 48
22 95
57 62
28 1
73 10
57 81
94 82
31 51
21 20
60 6
21 85
44 96
93 2
67 99
58 69
92 5
42 38
61 55
17 13
28 27
21 60
20 3
90 22
75 61
81 80
81 53
64 76
100 56
30 67
6 87
87 49
91 28
39 3
83 55
68 62
81 40
21 52
42 62
73 16
22 5
48 54
57 11
30 9
19 59
75 24
45 61
25 87
40 63
41 22
17 60
35 50
100 55
53 41
68 26
9 89
82 8
43 91
18 24
99 88
34 25
12 30
85 88
16 76
50 8
50 18
68 84
19 67
91 72
59 58
49 19
47 30
26 41
20 44
16 18
31 49
94 78
30 33
45 6
34 52
55 52
19 38
22 85
80 45
96 38
93 14
36 75
40 28
46 35
43 16
17 91
9 63
68 39
95 12
