100
86 45
86 6
56 24
30 78
9 34
56 64
25 93
25 5
87 54
77 69
47 88
36 98
35 49
2 43
20 50
3 58
47 40
63 2
15 92
79 23
78 34
86 54
78 10
59 16
16 35
84 14
75 71
11 9
20 12
52 91
14 6
48 12
97 11
13 11
54 43
34 31
76 71
85 5
33 95
21 48
29 56
61 3
27 71
12 98
34 15
40 99
72 88
10 68
50 22
78 3
64 63
34 91
34 70
96 66
64 68
13 44
75 25
47 1
95 10
50 28
76 90
27 47
29 88
66 78
10 95
80 25
58 65
16 43
34 63
8 49
82 72
93 56
96 91
9 42
52 58
21 79
99 77
27 87
42 4
48 36
36 72
45 100
39 87
86 53
46 34
34 17
78 42
64 20
50 57
23 59
78 1
10 76
77 36
14 70
92 61
58 27
33 2
78 23
41 63
76 86
49 9
55 78
2 70
50 51
27 72
62 56
25 71
83 53
58 97
23 49
57 32
27 41
85 57
64 25
71 39
63 71
99 69
1 38
50 3
16 73
64 23
97 86
6 2
44 2
76 44
10 7
23 51
91 31
66 68
1 4
30 72
54 98
72 6
87 73
9 55
45 24
77 94
10 82
95 5
35 70
48 45
28 22
47 18
52 12
85 53
67 14
76 20
63 99
26 2
71 86
56 15
9 84
60 70
66 6
26 100
27 26
96 54
47 94
72 51
5 56
55 23
22 30
95 36
28 20
89 50
57 44
16 17
28 76
39 45
81 64
96 8
89 92
13 88
37 84
38 42
92 16
65 73
10 100
100 29
89 1
37 84
16 54
63 91
44 59
24 7
55 83
96 98
95 83
34 31
72 27
22 63
43 38
35 52
37 86
33 77
86 69
13 53
74 27
44 17
86 19
24 40
53 71
37 47
5 22
29 28
49 50
90 91
87 76
42 76
13 26
4 50
95 68
2 20
95 97
37 80
15 12
71 19
34 59
18 90
80 46
17 28
48 58
70 86
33 12
13 97
89 17
46 83
36 47
55 30
44 91
61 10
54 83
29 39
41 46
28 21
43 96
100 90
53 70
76 37
33 88
33 21
56 78
4 44
76 10
25 19
100 38
81 5
