100
99 51
61 75
71 56
44 55
52 23
9 98
74 96
5 94
33 66
91 24
9 94
75 81
98 79
41 1
65 5
40 64
7 52
38 77
60 34
31 11
56 92
60 29
87 17
74 19
82 64
94 42
58 68
23 7
46 15
7 11
20 98
74 26
50 63
55 9
96 85
71 51
28 31
80 14
47 5
84 28
69 78
22 78
45 96
84 43
10 43
5 81
40 30
59 41
92 13
1 88
49 72
90 77
54 21
42 100
26 79
94 3
52 23
99 47
6 93
57 48
97 37
40 26
95 32
70 7
33 9
56 50
84 9
71 25
60 96
50 90
41 4
42 63
3 88
20 47
96 20
44 33
11 21
79 42
42 86
74 50
93 29
100 28
89 22
52 48
69 54
90 9
57 31
23 11
70 94
58 66
13 53
50 23
25 28
65 67
65 90
68 57
71 19
36 59
40 88
59 8
41 48
68 49
78 42
60 99
36 17
64 48
21 13
23 45
41 39
11 57
28 79
14 98
97 1
9 89
88 67
96 80
14 16
29 43
57 40
41 92
8 57
92 28
69 14
72 61
4 35
18 31
13 83
81 61
83 89
1 23
55 97
54 20
64 82
62 20
21 2
64 28
58 55
7 79
20 79
91 23
13 60
5 77
42 85
89 77
25 90
51 79
38 4
98 1
86 11
72 58
65 87
38 74
93 44
52 12
74 95
86 38
54 43
66 48
79 55
24 4
96 26
82 33
29 32
85 66
42 8
76 6
95 13
80 87
8 83
51 34
29 88
71 83
30 37
30 9
43 5
12 38
30 45
22 10
28 58
76 22
65 51
79 11
15 10
98 74
93 100
7 21
87 30
55 17
18 36
77 60
40 88
49 21
84 22
31 12
79 58
33 95
8 11
6 22
21 55
95 65
54 37
92 83
44 60
100 79
36 11
71 23
11 91
59 32
73 70
10 30
54 4
89 16
61 62
88 15
9 52
20 62
41 12
96 84
71 95
14 59
57 84
33 67
27 91
98 99
60 59
81 65
14 69
81 75
31 68
41 91
72 13
52 64
76 47
99 98
93 12
56 49
96 89
15 22
79 64
72 91
22 52
55 35
21 87
61 3
7 2
93 78
66 96
93 41
94 91
38 86
2 94
86 49
34 52
22 12
15 94
2 88
45 9
22 17
47 83
71 53
36 63
30 1
10 74
93 3
64 30
88 18
75 25
18 8
76 40
72 42
85 73
29 81
33 51
98 80
85 20
32 72
35 14
24 44
87 16
47 3
97 86
20 72
11 37
31 38
28 2
80 12
27 8
93 59
10 42
90 46
61 74
69 95
39 92
39 25
7 85
79 4
22 98
27 84
87 57
22 66
59 53
78 85
12 70
95 22
63 37
19 23
10 88
70 48
31 8
24 38
44 3
93 65
52 71
1 90
79 22
56 37
74 85
73 85
6 20
58 68
56 77
90 17
16 59
64 46
18 39
35 13
93 79
30 45
1 30
86 80
51 41
16 76
25 41
60 30
60 70
49 67
98 39
83 13
49 98
10 19
36 97
31 81
75 60
25 76
41 10
55 91
3 22
18 79
14 78
61 25
47 9
43 96
99 25
8 100
74 69
18 62
65 100
42 92
12 18
19 52
79 25
95 81
98 12
12 41
72 88
39 80
31 34
79 7
41 78
81 62
47 94
78 46
35 69
57 4
39 61
82 15
55 15
13 66
26 76
59 97
63 97
28 93
31 6
52 23
35 32
84 81
25 62
79 11
82 87
14 21
47 35
53 61
99 71
86 74
29 34
89 25
62 33
55 67
84 78
54 67
13 34
43 26
64 53
8 51
18 80
49 65
66 2
25 17
24 63
90 52
96 30
28 57
63 83
76 46
12 29
13 76
14 7
2 78
60 9
80 29
40 28
93 57
81 70
73 4
32 15
7 79
44 35
36 58
69 63
4 32
43 68
7 56
74 8
85 68
16 66
59 96
10 16
76 79
40 32
62 54
38 93
98 24
80 55
92 42
10 75
84 29
82 91
55 89
28 91
9 43
56 67
38 66
34 66
96 74
49 10
79 38
2 28
62 81
83 5
74 44
80 57
25 13
99 31
53 26
21 61
21 29
80 10
94 65
27 41
38 75
50 69
65 3
96 26
35 30
82 8
74 13
16 50
25 15
80 78
92 52
90 12
80 69
22 25
86 48
66 75
75 67
43 39
22 39
16 56
68 49
64 93
62 79
42 86
45 73
15 37
25 5
48 4
25 21
81 10
21 98
85 95
64 27
85 65
100 41
33 48
56 25
61 86
19 99
31 91
13 67
15 69
66 71
94 87
3 55
7 100
39 1
63 18
37 100
82 36
92 66
35 47
43 96
32 61
94 62
3 58
80 18
27 46
40 72
32 42
26 90
41 65
42 55
82 78
6 15
13 97
33 99
43 75
94 27
87 39
40 89
49 20
58 75
17 97
46 48
90 23
89 82
87 30
89 20
7 94
87 19
91 19
17 85
45 63
63 31
53 3
19 1
74 77
75 90
25 72
89 67
95 77
48 33
6 36
5 12
82 91
82 72
61 50
8 5
12 71
87 65
73 5
65 46
33 92
35 58
15 75
24 9
51 23
94 56
11 50
67 92
92 48
63 52
97 22
8 61
92 94
77 64
50 41
61 83
84 47
92 99
21 67
59 71
41 52
26 51
53 44
42 44
43 56
95 92
78 54
52 69
47 28
85 49
20 97
83 56
44 74
54 16
92 12
39 32
16 83
20 60
24 64
54 32
58 45
9 64
48 29
62 27
13 10
47 10
92 2
5 17
7 72
60 70
10 92
37 26
26 57
37 1
20 90
32 29
87 40
92 34
69 6
61 33
15 59
42 59
60 98
27 18
70 87
87 31
78 76
56 3
32 92
3 34
87 31
20 26
75 53
46 80
65 79
46 23
72 4
34 22
83 51
91 69
90 21
98 65
29 52
96 72
6 50
57 92
80 76
70 6
81 15
37 45
93 83
68 17
38 1
38 20
52 28
40 93
100 37
57 80
88 4
4 94
53 60
85 84
36 6
90 68
21 26
12 65
8 31
81 98
32 18
17 35
97 57
27 97
45 35
28 33
38 31
78 90
91 14
25 78
20 14
45 40
92 56
4 51
39 85
48 70
2 17
56 99
25 82
47 69
16 26
53 5
57 30
46 47
44 70
76 15
36 20
54 27
27 9
77 65
93 77
86 47
93 41
97 69
74 95
37 89
20 42
45 28
23 90
26 18
60 1
32 95
20 85
73 99
46 49
63 38
25 49
36 69
89 84
37 63
78 26
3 50
67 100
77 41
89 3
59 100
55 90
46 75
27 18
25 72
67 87
9 43
87 97
12 28
32 100
42 10
77 96
11 95
95 39
36 84
93 94
35 48
83 81
22 9
98 80
16 84
41 11
23 89
22 50
20 73
91 81
50 86
91 44
33 82
79 16
74 24
2 21
7 82
94 67
80 91
47 75
39 57
49 27
30 98
98 3
40 79
4 77
21 47
9 2
78 76
76 1
78 96
59 90
26 90
32 24
37 58
14 93
6 40
23 3
89 77
42 67
80 71
88 78
79 41
7 16
60 84
64 18
94 5
95 84
36 70
20 94
83 64
99 74
38 54
63 14
47 29
45 17
68 75
96 9
33 2
24 92
37 87
62 30
91 8
65 79
78 36
72 12
100 22
86 89
75 48
55 22
28 99
38 96
25 85
56 58
38 79
1 26
18 62
56 60
22 20
38 99
56 61
10 7
83 47
95 57
94 49
30 22
100 68
69 76
4 24
33 94
54 34
19 23
47 26
35 68
98 24
18 5
85 80
11 19
26 57
75 72
58 57
45 9
76 13
84 79
88 69
24 93
54 43
16 100
20 50
20 17
25 89
73 9
20 35
79 46
92 54
69 1
62 13
9 37
25 44
15 64
12 91
56 65
85 71
17 4
72 36
73 97
76 45
57 96
80 36
93 23
41 61
23 2
73 83
38 49
26 4
12 38
94 67
2 78
90 18
34 61
5 6
9 33
50 18
80 81
5 72
3 45
84 77
98 56
59 87
56 37
90 67
74 36
85 27
65 74
97 98
87 53
3 47
85 5
64 85
20 87
40 64
70 16
13 77
27 99
32 63
41 50
88 76
87 14
92 12
10 90
98 63
44 97
99 100
12 63
85 32
49 76
47 71
91 60
47 17
10 31
31 50
32 18
77 18
32 21
30 93
10 79
7 5
75 6
5 39
20 41
70 68
16 68
90 58
27 89
75 89
19 5
90 50
75 19
68 6
39 49
50 100
27 57
4 2
62 60
92 81
100 61
100 67
28 42
25 7
30 51
47 48
7 36
49 81
54 68
86 92
16 88
91 43
44 47
96 57
6 87
37 6
99 88
24 26
29 48
84 58
98 30
57 5
18 6
85 71
73 23
15 89
10 5
83 5
51 78
61 57
16 49
14 88
37 91
17 37
27 26
34 56
35 90
73 40
27 96
64 1
10 4
10 66
38 66
17 67
26 25
82 26
90 47
13 78
38 81
14 64
7 100
71 93
41 96
84 67
91 47
67 52
3 28
17 40
93 33
7 70
9 40
95 98
87 60
28 76
40 41
39 98
92 61
90 33
56 73
51 98
72 18
49 74
97 66
65 42
50 23
63 11
63 58
8 1
69 35
76 8
28 66
58 19
78 47
3 34
72 54
83 43
23 32
68 19
49 84
12 50
7 75
60 21
84 68
21 52
54 48
11 33
65 68
52 42
15 6
27 38
59 10
80 33
93 99
52 41
82 15
42 40
89 2
60 24
21 32
75 26
31 86
59 95
53 62
89 19
67 15
56 78
76 87
10 68
37 13
60 19
28 2
10 68
55 70
92 75
53 66
100 84
3 58
30 8
71 70
78 38
85 34
15 12
72 76
80 9
89 91
79 16
44 88
83 98
57 26
24 62
44 24
97 46
33 78
5 4
48 83
93 84
68 59
95 39
34 26
47 22
17 25
89 12
13 24
10 21
49 33
82 44
8 30
90 93
8 94
96 55
28 40
38 95
98 32
34 31
58 32
5 26
9 45
37 21
68 98
93 69
83 27
12 90
56 53
82 63
99 29
69 26
68 6
73 65
90 6
48 99
89 4
24 97
48 12
69 16
10 62
36 44
40 99
85 95
52 19
10 50
47 78
27 67
36 99
83 25
56 30
23 45
33 98
41 81
9 62
48 70
75 35
13 14
33 98
8 84
16 69
85 14
99 12
32 34
62 15
10 18
96 84
62 29
81 54
61 41
67 60
11 41
94 75
54 26
24 14
62 91
82 46
5 32
9 36
17 71
2 26
88 98
61 1
78 93
6 38
34 73
49 96
13 94
70 19
19 46
32 36
65 78
92 97
86 80
13 8
81 91
95 78
3 95
55 96
53 44
29 25
44 76
89 37
45 7
8 90
38 39
78 55
68 69
51 6
100 15
13 81
57 60
10 60
54 17
55 6
12 35
82 56
10 71
44 6
29 3
48 67
42 25
21 61
45 23
18 45
89 31
25 46
90 86
5 95
2 11
53 14
97 86
21 6
8 64
63 37
67 10
3 60
86 75
72 31
49 90
75 37
72 51
82 13
88 38
59 90
100 11
55 96
49 75
53 56
90 16
92 8
25 46
67 11
72 91
93 20
80 19
57 3
69 90
15 8
28 73
97 79
36 51
75 84
77 79
91 67
94 83
74 71
80 93
81 52
83 25
23 14
43 79
16 63
21 30
70 100
54 67
78 89
69 4
24 98
83 15
16 28
49 41
98 80
33 30
31 67
54 80
48 84
47 10
4 76
80 55
82 98
33 22
18 88
98 15
70 64
30 50
12 71
99 91
55 81
74 22
34 79
53 34
14 100
43 70
27 22
24 8
71 56
30 89
44 27
55 65
90 85
66 53
7 65
95 61
45 20
34 30
50 87
63 64
86 6
33 12
79 56
72 50
64 53
90 59
79 44
23 20
80 41
24 86
5 70
99 49
42 32
78 91
18 41
54 55
98 38
19 28
46 90
77 9
42 18
19 72
62 93
43 41
33 18
27 37
87 25
85 80
8 15
71 78
7 76
32 56
14 50
83 11
91 60
19 84
29 89
55 90
81 49
83 14
66 61
50 5
37 87
84 44
53 6
21 59
82 5
14 47
6 48
57 97
7 27
32 88
15 87
77 95
87 11
60 5
71 62
61 7
100 44
51 52
2 23
62 83
27 29
33 74
85 81
33 11
12 20
77 50
48 23
37 59
83 93
29 44
53 88
43 48
38 46
49 12
7 31
39 85
11 71
58 47
3 42
57 14
61 85
64 61
8 100
19 90
44 99
85 96
86 79
43 75
24 92
87 82
74 77
66 85
99 75
31 1
17 40
14 29
24 77
41 83
28 11
72 71
10 8
66 47
86 61
22 9
52 60
42 77
36 59
13 34
34 44
34 2
35 47
82 10
76 23
93 3
33 16
26 94
76 43
41 61
3 14
22 6
73 63
83 8
22 95
93 7
90 78
60 76
24 41
86 51
15 30
6 100
97 31
45 72
73 85
85 28
98 6
33 22
20 67
81 41
14 25
99 3
2 58
31 78
51 68
28 17
97 33
68 45
15 13
69 40
97 53
67 47
58 51
20 77
18 53
70 31
77 68
85 79
78 15
56 80
82 83
96 30
68 64
75 34
76 43
73 24
47 39
