100
46 98
96 91
90 48
35 39
12 54
39 51
49 80
9 23
70 24
39 70
55 86
73 12
10 7
43 23
96 10
8 41
59 3
31 1
50 17
91 13
70 29
63 18
60 23
92 29
98 83
51 52
68 23
63 29
81 6
52 28
67 11
68 25
13 50
77 14
66 67
78 87
96 40
5 55
14 48
36 11
30 38
15 97
60 77
26 93
34 77
20 52
87 40
29 51
41 5
16 59
72 93
45 19
84 1
25 97
49 12
59 78
49 73
27 61
2 52
5 35
80 76
87 18
67 20
8 71
87 18
94 79
14 64
14 15
89 62
15 52
20 44
1 45
70 13
46 73
17 32
52 92
18 21
59 84
92 18
7 78
87 100
8 100
64 21
66 4
34 80
55 6
76 7
50 45
19 95
18 87
26 21
31 96
94 41
31 85
10 37
63 96
89 70
95 4
43 13
7 28
44 13
33 19
72 82
64 42
76 33
29 54
5 11
49 50
51 79
35 60
68 49
7 8
70 1
11 64
65 69
92 9
81 24
27 4
6 42
46 33
26 86
83 36
34 32
86 65
18 97
84 66
3 91
36 55
53 51
20 21
42 28
53 66
54 57
23 96
54 55
21 79
41 3
14 26
87 99
90 4
47 73
70 49
15 57
3 67
7 22
87 1
49 92
66 3
100 40
50 53
94 70
31 34
25 44
60 11
94 1
14 40
26 35
88 40
91 42
59 50
64 97
50 12
88 67
66 87
6 15
39 51
85 21
37 61
64 48
71 9
48 36
100 73
71 39
65 61
81 75
62 44
71 63
7 59
29 73
97 86
39 88
89 75
8 25
35 24
72 57
32 19
93 84
44 63
22 60
75 2
34 89
97 4
51 56
14 32
28 63
69 66
50 57
41 9
81 27
32 4
84 16
75 76
99 18
90 72
29 16
74 62
4 22
17 7
77 31
38 56
93 6
74 94
15 66
2 47
92 86
51 27
1 25
2 51
94 43
22 11
47 83
14 69
99 20
97 81
9 53
73 67
26 18
81 91
72 27
34 57
77 61
9 53
14 11
46 9
32 67
19 31
49 32
99 100
4 95
80 64
99 5
30 76
22 10
18 45
89 52
1 65
64 61
70 77
71 15
85 55
34 3
85 34
87 83
33 42
29 13
5 80
69 35
55 42
96 73
87 84
76 39
1 39
100 70
15 22
36 52
76 69
6 60
3 44
94 35
37 75
99 42
54 19
28 60
61 75
84 99
59 37
59 97
88 80
64 10
15 67
37 84
24 97
38 68
42 24
4 16
75 97
21 93
76 81
5 51
16 3
61 75
92 19
23 31
98 38
40 64
4 77
99 80
25 36
47 66
12 2
34 86
51 54
30 78
86 35
80 2
89 40
76 32
58 50
63 7
88 54
23 43
30 21
22 6
9 20
24 20
74 57
57 76
10 86
53 48
20 33
49 61
72 76
92 82
25 54
40 64
8 14
7 89
87 80
47 95
52 70
66 25
26 22
100 87
7 52
34 79
36 82
91 60
9 82
93 86
88 84
49 47
98 7
35 84
39 81
78 90
2 95
14 27
16 65
14 74
68 99
4 81
94 15
41 28
7 26
15 90
75 61
87 33
47 22
71 80
51 60
81 45
25 60
60 89
73 86
57 71
89 12
3 83
26 96
10 32
21 76
73 95
36 12
28 82
33 50
13 84
10 94
28 34
53 40
75 77
25 31
99 13
42 54
47 19
49 8
50 69
83 74
16 70
85 95
52 18
44 64
53 9
80 39
61 71
13 89
95 88
60 36
41 58
54 89
66 55
57 100
80 72
70 65
18 73
34 62
88 38
66 97
17 56
9 40
68 98
86 62
85 45
49 77
55 54
65 72
60 73
71 40
97 92
56 14
64 41
27 4
78 93
100 46
48 60
85 68
9 71
81 45
67 82
21 87
37 92
47 62
15 38
58 93
23 22
33 50
77 62
94 76
7 93
87 92
60 96
62 93
40 80
74 13
1 60
49 44
58 10
58 95
19 16
39 42
89 23
43 65
84 36
92 91
28 30
34 40
25 47
32 17
26 57
29 26
68 29
22 26
39 31
72 57
98 11
50 86
33 92
2 69
79 45
11 59
75 44
98 51
90 81
19 15
89 47
93 56
76 14
33 66
44 5
74 42
67 24
79 51
67 33
19 98
77 29
56 3
24 5
6 13
85 24
80 25
23 24
80 50
37 65
67 32
69 40
25 87
15 4
37 34
88 8
31 64
88 38
19 12
42 76
76 78
51 55
2 25
78 33
74 66
97 92
98 17
84 22
55 98
77 92
83 64
51 65
80 38
2 50
49 95
25 72
75 31
25 100
9 10
25 26
6 17
23 75
100 97
29 49
73 72
84 89
22 48
68 12
2 17
60 48
93 36
20 67
19 96
18 79
5 43
4 63
11 27
89 62
75 69
10 99
41 45
87 14
93 54
25 46
22 37
93 14
24 64
33 42
12 50
72 68
44 76
30 54
54 70
67 28
39 29
26 31
73 65
96 17
70 73
62 92
9 7
5 84
22 37
78 33
39 49
1 82
76 82
88 29
52 54
8 42
34 86
24 7
50 19
23 19
91 37
62 51
43 67
35 16
55 64
49 45
12 1
79 88
82 18
68 85
23 76
78 57
61 1
63 62
20 85
80 62
73 42
13 67
60 99
83 66
62 31
11 25
83 41
64 16
58 84
1 80
59 30
36 71
31 50
32 2
35 63
15 59
56 79
26 15
77 8
33 90
90 95
67 72
35 82
87 92
65 39
23 75
21 59
97 3
8 28
56 94
43 70
5 98
49 30
65 25
37 97
67 78
91 33
49 77
66 87
20 31
78 42
57 98
52 54
100 12
33 55
57 75
76 61
73 24
90 89
1 78
85 67
55 27
51 55
55 16
94 74
98 71
67 55
20 19
60 71
82 92
25 90
67 100
51 91
76 92
79 76
22 15
94 76
93 96
83 47
63 76
72 61
98 38
67 69
8 26
39 89
69 63
31 35
14 81
77 89
24 7
16 45
21 9
73 65
56 55
11 19
82 34
31 72
49 99
31 26
37 20
94 51
50 81
16 82
57 5
64 72
2 36
33 74
1 40
80 63
58 13
97 88
95 20
36 45
50 13
81 21
7 83
22 87
50 3
95 6
60 58
30 61
46 14
86 46
53 65
60 63
29 56
2 23
75 90
67 77
2 99
97 8
33 19
94 82
73 89
40 32
98 21
44 43
34 29
40 38
45 52
100 73
7 2
47 34
91 65
10 44
63 58
52 47
76 97
29 49
37 20
32 35
40 76
29 25
56 21
14 1
72 14
25 30
67 24
63 9
88 24
52 3
34 55
49 9
52 29
9 88
48 41
74 39
16 3
63 71
75 77
23 46
42 100
75 60
23 90
20 10
65 71
64 98
26 13
7 29
41 67
68 41
7 42
79 74
96 94
45 70
22 19
15 63
18 41
74 92
30 93
54 95
63 17
92 40
29 50
20 22
17 88
62 75
29 92
49 24
85 45
45 6
63 11
20 33
51 93
24 81
85 29
75 100
46 18
39 26
20 59
47 88
98 60
14 26
52 62
1 88
6 97
94 21
7 13
5 57
6 28
37 42
9 63
41 54
33 80
31 4
90 30
91 39
89 56
16 92
18 16
80 75
64 73
95 70
37 99
26 94
79 15
36 87
77 76
92 61
7 74
64 48
3 6
38 44
62 53
35 79
68 14
5 31
38 100
52 27
50 78
72 80
92 7
18 20
35 61
81 93
35 44
93 37
50 30
32 63
83 67
93 2
32 97
85 22
48 36
100 50
65 71
29 56
30 99
28 16
59 8
8 93
3 52
82 4
82 13
66 16
31 58
69 63
7 53
36 54
41 35
3 5
5 84
13 86
82 40
1 40
47 61
85 49
12 18
53 45
82 70
12 65
28 81
27 86
33 14
39 25
48 94
30 4
77 42
90 10
33 42
1 79
2 37
79 66
54 83
10 88
53 22
52 32
54 30
17 38
43 55
63 42
48 92
97 76
85 86
85 17
80 86
47 81
74 25
46 28
8 67
60 81
70 43
34 99
59 71
93 13
33 34
13 76
30 40
12 68
77 80
99 62
26 79
35 3
77 14
10 84
32 21
16 1
63 49
51 73
71 43
85 56
28 49
83 10
89 95
29 65
74 27
78 52
5 64
54 33
30 15
68 13
35 83
14 49
31 64
73 54
59 57
9 86
58 91
95 98
85 75
14 11
1 91
62 58
6 15
90 87
81 58
100 15
92 13
15 23
28 87
76 38
95 36
24 4
26 70
1 63
45 14
25 97
56 86
54 62
52 96
48 32
53 99
98 44
63 64
18 91
2 45
80 48
80 3
52 58
25 52
20 21
18 44
17 73
81 71
86 84
66 34
15 70
84 64
65 47
27 35
37 80
79 68
27 11
71 30
68 47
34 39
67 51
34 83
75 14
5 61
97 70
46 63
91 29
78 56
75 56
90 63
35 20
31 13
30 53
43 49
99 76
87 65
78 20
99 52
85 4
12 33
73 57
47 64
38 24
71 12
79 60
75 13
31 57
78 61
9 20
61 7
47 48
23 76
19 21
27 56
76 91
88 1
99 87
64 36
10 86
100 89
97 26
53 27
82 39
90 1
100 48
99 22
74 17
94 53
24 70
95 64
70 93
50 85
81 59
70 80
99 18
5 4
44 86
85 83
27 38
34 74
36 32
47 62
48 40
66 72
9 60
35 30
4 36
14 84
94 35
15 45
52 19
48 56
84 30
82 21
15 7
9 46
53 22
93 45
87 16
5 98
2 35
53 37
100 89
83 35
3 79
38 74
26 85
29 9
66 11
82 80
69 90
25 74
11 70
18 49
37 22
98 91
8 2
79 8
90 61
42 93
39 79
66 16
16 46
77 81
8 58
61 77
99 37
50 61
6 19
9 95
40 58
85 48
59 63
7 49
76 48
93 14
78 10
82 93
7 10
26 15
19 86
91 17
74 92
77 80
10 37
26 1
46 10
48 4
72 6
4 47
53 48
13 83
9 94
27 16
55 52
30 73
89 72
89 63
63 17
94 72
53 19
72 50
80 72
53 51
77 9
50 82
8 62
16 17
7 42
84 13
46 13
85 34
84 73
48 98
89 93
69 93
63 40
42 63
46 45
40 6
94 73
14 7
88 82
65 29
17 77
74 29
61 60
64 85
59 61
25 52
81 69
66 72
62 8
35 59
52 26
17 97
98 82
55 85
63 71
65 79
47 39
59 50
74 95
8 86
71 11
18 39
77 89
52 36
23 10
39 100
78 35
97 59
41 81
73 11
46 3
9 36
13 19
37 86
65 96
23 35
7 40
25 35
81 76
70 3
37 8
3 15
94 51
25 34
84 98
96 29
100 4
16 13
22 52
50 86
47 73
72 5
64 96
39 44
23 60
99 11
19 53
77 12
3 2
97 86
99 92
66 50
47 81
62 20
84 12
5 83
36 28
39 99
75 78
95 97
89 93
60 45
36 23
47 89
20 85
39 63
50 89
10 83
2 29
18 13
86 52
48 65
91 99
40 20
93 36
8 37
47 67
81 83
90 79
23 61
63 62
23 65
50 84
99 51
65 68
16 2
20 15
66 10
65 5
29 57
93 36
45 39
55 25
73 96
4 96
56 18
9 30
34 10
66 84
12 82
52 27
83 71
94 100
80 58
57 60
67 49
47 11
39 1
88 64
96 43
59 3
60 19
85 46
28 50
29 39
31 32
18 65
2 11
64 33
20 72
92 86
20 39
49 11
91 36
74 39
78 84
93 89
2 77
86 81
78 67
19 60
98 88
24 52
98 40
36 70
11 80
55 83
70 55
45 60
42 18
50 19
53 43
60 6
19 45
86 97
63 56
8 61
44 32
64 93
23 99
62 85
78 69
67 47
23 11
59 65
80 8
35 84
50 46
89 21
43 26
69 5
34 76
65 77
59 28
69 81
79 31
18 56
99 84
55 73
47 13
89 78
72 76
62 22
21 2
94 63
80 62
20 13
89 36
89 48
64 9
80 94
91 97
49 41
81 55
14 79
67 54
56 91
29 69
12 2
23 57
16 2
18 35
66 58
71 54
5 86
14 85
79 5
81 79
45 13
34 10
43 52
64 51
42 44
71 5
97 93
61 13
46 30
99 11
88 69
16 44
6 30
80 36
34 13
67 30
77 52
92 20
3 7
22 97
50 92
53 47
85 14
11 30
95 9
93 34
30 8
30 35
37 9
23 22
21 89
4 98
40 95
69 94
1 90
90 2
81 43
100 17
8 10
99 54
19 91
40 100
98 69
34 87
29 8
60 50
96 63
99 87
9 19
81 9
60 70
63 40
64 62
9 71
72 7
77 42
49 16
41 98
36 26
36 64
34 96
65 81
10 63
68 19
33 48
79 92
69 93
84 33
55 44
3 78
2 31
19 50
46 11
99 81
36 35
45 21
30 9
2 91
24 69
61 8
16 92
100 84
84 35
68 38
78 23
67 79
53 37
28 99
47 26
31 35
12 75
55 93
36 8
84 11
28 44
18 95
35 69
31 71
3 98
8 32
20 27
10 73
63 89
23 10
67 53
96 78
80 2
71 67
10 54
77 37
49 46
84 36
67 14
6 21
11 65
53 83
91 14
55 54
3 29
15 21
81 10
98 12
11 20
78 72
25 54
61 74
52 44
61 70
57 18
90 19
82 94
1 25
8 7
30 62
35 44
82 68
5 31
79 67
51 57
39 75
62 99
100 65
42 12
34 50
29 24
68 63
17 69
87 24
75 68
37 62
63 18
29 67
49 7
33 99
15 71
25 77
21 25
41 14
36 27
63 17
50 31
79 18
51 17
94 77
84 30
38 46
48 66
64 48
25 96
46 39
19 70
67 39
46 60
53 34
86 67
50 35
49 80
52 99
96 97
76 79
27 13
76 74
31 39
21 55
34 18
45 4
39 12
95 37
71 99
70 56
65 71
42 14
50 45
12 45
42 39
75 68
4 50
93 34
40 65
40 73
34 84
29 72
47 23
60 69
21 29
24 37
51 17
2 52
14 66
96 55
4 22
74 7
23 18
92 62
34 31
87 67
67 15
38 13
89 98
82 61
78 57
97 81
26 99
32 39
64 80
45 19
53 70
26 76
87 69
37 72
100 23
38 18
89 27
30 77
76 63
37 54
72 86
86 97
84 69
87 99
48 31
17 1
52 94
76 90
63 64
61 14
87 98
31 75
24 12
52 100
75 40
5 46
25 90
94 60
10 80
58 62
27 10
13 20
37 2
82 100
62 47
38 59
77 13
34 89
16 33
15 7
89 12
32 30
5 91
40 36
1 97
97 27
58 61
46 94
62 80
45 75
26 83
85 55
47 18
43 14
3 9
20 91
20 3
73 76
46 12
63 46
60 59
72 17
19 69
62 32
100 58
6 26
92 42
80 38
59 74
3 13
34 75
56 5
77 28
80 22
39 94
19 98
52 42
66 22
63 79
5 62
36 62
39 28
3 18
17 13
43 20
26 76
94 81
32 22
8 11
96 98
56 14
95 59
8 12
80 70
90 36
31 77
97 70
4 51
39 21
64 34
92 89
61 37
21 93
10 28
55 5
25 11
71 69
78 82
1 99
23 36
81 99
85 2
55 87
41 27
50 26
18 90
86 6
10 30
15 89
85 72
65 95
42 87
15 71
20 15
21 42
3 1
93 39
3 47
25 95
73 75
72 42
16 57
99 78
87 13
66 23
84 83
17 77
69 31
47 41
98 67
34 100
20 26
38 22
24 62
68 48
88 39
41 4
47 39
81 33
4 98
55 87
80 23
16 1
6 62
93 3
81 26
2 100
4 91
73 27
52 40
27 40
30 19
95 76
58 75
9 13
72 15
51 4
38 66
56 95
80 48
97 60
73 98
11 76
40 83
55 91
74 33
82 3
51 76
78 60
2 38
72 26
53 23
29 42
40 84
36 19
31 84
78 55
33 40
83 72
22 37
14 47
21 96
49 71
23 79
83 25
16 54
50 20
28 30
13 68
13 100
86 95
83 16
49 15
55 83
38 29
19 52
75 39
47 76
62 21
54 44
45 69
49 46
41 29
75 53
48 39
53 85
85 35
100 86
2 7
68 39
35 39
90 61
77 88
36 90
9 41
85 5
62 86
51 2
66 77
54 13
16 58
49 52
45 49
37 98
7 5
36 93
43 78
53 71
65 41
13 25
33 49
30 94
34 80
47 99
56 53
63 23
10 12
75 6
12 63
3 70
67 39
62 61
68 66
32 6
96 9
91 44
38 84
78 17
31 28
24 83
43 99
44 6
73 50
69 35
52 38
54 42
99 14
9 64
97 93
22 44
1 12
88 38
47 17
6 29
96 81
11 90
79 55
95 3
4 15
90 7
52 43
49 2
8 57
18 57
1 91
100 1
54 39
90 100
55 95
29 51
76 91
92 54
45 87
9 100
1 98
7 5
40 7
6 99
63 23
7 64
13 7
16 66
45 6
18 52
52 46
54 27
88 45
33 83
41 84
36 38
42 40
29 48
97 79
63 20
86 78
84 44
93 2
40 50
19 91
2 16
44 80
55 41
12 39
23 4
23 10
93 16
1 21
16 98
52 78
69 37
7 52
80 51
5 19
1 75
62 54
42 57
33 97
97 45
35 72
100 9
81 93
25 82
13 40
31 64
69 99
52 75
2 83
77 7
2 29
81 63
82 75
19 15
71 68
11 5
39 10
66 71
2 90
4 67
81 34
82 49
84 86
75 86
68 3
92 69
32 24
83 13
98 54
79 20
21 89
77 11
51 42
33 4
83 89
22 63
74 4
63 58
41 89
43 8
91 86
29 74
61 11
87 11
16 17
30 88
6 58
50 8
99 83
63 81
23 85
95 96
40 9
53 80
97 47
87 40
84 15
13 97
78 51
7 93
68 88
33 25
46 82
32 96
16 46
29 38
30 23
34 21
84 38
100 80
85 39
71 20
5 84
16 82
86 74
27 53
62 11
77 59
92 60
54 8
6 82
45 35
57 30
8 40
68 7
71 4
45 42
75 2
77 43
83 62
16 61
67 29
71 43
87 15
55 93
74 60
26 70
46 82
100 53
73 19
12 44
74 8
37 48
9 65
90 44
26 6
56 44
86 27
87 73
93 41
17 66
52 42
35 97
24 86
2 96
4 13
91 29
20 27
77 29
43 18
24 69
23 79
64 61
57 2
85 49
42 1
66 45
42 53
94 17
90 95
65 46
59 55
74 78
34 50
58 76
68 81
96 42
12 60
2 68
61 86
69 55
38 34
51 80
38 44
96 28
38 60
73 96
67 46
26 52
48 35
79 15
68 75
8 79
86 62
46 98
99 66
4 37
100 55
68 89
98 15
16 88
75 88
35 93
34 60
44 33
47 22
47 14
48 6
92 85
19 89
83 70
55 86
6 92
25 94
90 39
10 29
65 49
63 57
34 75
52 66
21 26
64 34
25 70
77 10
40 65
44 9
19 81
66 76
73 90
70 14
29 31
42 93
79 56
2 13
30 5
78 2
30 42
35 7
63 11
16 2
28 59
11 98
39 76
74 63
66 95
76 46
25 17
90 3
25 91
67 54
48 45
56 77
38 42
35 100
5 50
53 32
60 63
81 99
91 54
61 8
48 89
53 24
57 94
27 81
85 93
87 32
89 94
60 26
35 47
77 91
96 30
22 56
44 55
6 34
8 18
93 8
6 45
31 63
39 9
95 75
54 81
58 42
74 69
20 61
15 96
51 63
25 70
21 79
75 54
38 44
47 45
50 43
28 64
33 88
10 59
41 91
68 35
16 37
54 76
3 49
79 65
26 3
34 98
33 60
51 70
4 49
67 5
44 46
20 76
33 29
87 26
71 54
60 39
90 13
66 45
13 44
61 90
98 47
87 30
6 90
52 61
90 70
17 33
15 36
61 99
17 47
24 39
52 83
77 94
95 43
38 60
38 98
49 36
44 88
65 2
77 68
62 66
37 31
51 3
66 63
2 34
61 77
25 12
60 53
5 6
47 94
65 85
92 66
20 87
53 36
40 81
56 2
98 92
32 48
47 49
10 48
35 70
76 11
34 35
63 38
41 10
32 57
46 75
22 17
13 26
4 53
6 59
6 4
3 89
3 49
89 13
48 75
34 23
85 67
10 100
57 50
61 40
58 6
66 32
74 30
57 77
82 63
88 39
18 90
79 20
90 68
84 37
94 18
11 31
36 20
30 44
21 42
35 31
99 100
62 72
30 18
100 63
32 87
54 1
76 32
21 65
51 4
53 45
73 16
75 61
35 56
56 8
97 91
38 95
42 99
18 23
68 17
38 52
4 91
52 31
22 24
96 25
28 100
69 52
15 95
64 2
50 20
9 98
10 98
44 3
48 61
26 15
29 63
18 32
53 70
63 26
93 10
50 72
61 70
76 28
64 39
29 65
58 89
14 19
86 57
22 33
69 47
99 98
61 17
29 65
38 43
90 82
4 92
54 65
61 81
92 77
19 72
41 29
60 55
47 97
63 68
81 32
66 31
29 78
47 9
42 36
4 84
18 7
75 23
23 35
3 66
11 73
37 4
1 48
10 48
96 72
67 76
55 85
7 35
62 5
96 56
41 99
39 10
57 13
32 99
86 97
62 58
86 65
59 33
26 58
29 49
76 56
4 60
62 90
74 19
85 29
59 35
67 68
44 31
51 75
29 36
23 90
45 8
6 3
41 31
12 21
80 88
76 35
99 90
24 72
8 61
52 18
47 70
37 90
100 87
16 81
74 39
70 18
46 76
73 38
58 36
10 37
23 86
23 22
27 47
45 34
59 97
51 5
66 39
95 18
77 10
98 50
100 19
19 46
94 43
35 4
79 45
92 53
82 15
26 8
13 71
93 71
67 43
75 84
33 21
1 9
83 50
10 82
69 28
79 14
23 66
17 1
10 9
53 43
23 79
50 87
1 42
57 19
36 83
2 20
56 55
28 90
4 37
71 72
16 2
86 38
67 54
38 28
62 43
22 36
73 71
74 25
64 30
43 51
65 96
22 72
50 49
61 6
85 83
29 52
84 66
90 2
20 79
81 33
21 2
21 45
24 94
69 39
76 63
41 92
59 62
63 60
10 75
65 46
57 46
98 93
11 39
46 82
17 27
67 90
80 87
34 4
80 55
94 7
17 35
98 75
96 12
87 58
86 51
55 95
48 4
87 11
42 84
92 59
62 10
48 42
96 33
97 28
87 90
34 56
76 84
82 24
95 68
81 33
71 87
27 18
91 65
28 84
48 72
42 10
81 41
3 29
26 99
56 12
40 41
19 16
76 1
39 23
20 71
55 90
57 81
60 99
97 87
83 44
10 76
5 43
69 7
71 94
57 78
57 97
70 76
64 46
28 2
20 47
24 74
89 32
6 48
83 2
86 65
45 96
92 2
38 60
8 60
53 65
37 62
13 6
37 76
3 16
29 22
62 52
47 50
35 52
97 17
53 83
33 50
30 25
51 67
36 10
26 41
74 14
2 86
71 90
61 74
5 41
47 18
92 94
68 79
45 16
95 50
50 28
99 79
4 1
97 91
10 74
83 84
87 84
21 58
25 34
83 29
74 29
47 18
22 66
96 19
81 42
68 31
21 18
61 24
18 10
67 27
83 49
62 22
85 35
31 9
20 13
38 45
93 36
62 67
1 9
85 33
51 4
15 71
21 76
47 90
85 65
68 19
13 82
40 97
16 70
58 87
34 95
31 27
30 45
93 82
5 29
14 7
32 29
30 4
56 76
93 40
92 12
58 4
93 50
53 60
19 10
46 5
56 77
31 37
73 75
18 77
3 83
84 86
11 13
41 66
40 85
57 31
96 67
86 89
16 90
48 86
51 94
90 6
22 72
94 46
63 70
100 46
5 37
56 17
77 74
56 61
30 38
57 96
24 97
63 65
96 49
16 89
90 73
62 67
7 59
29 11
74 33
47 82
50 24
55 57
84 36
47 92
32 22
40 94
86 36
94 1
76 36
74 38
97 92
44 7
72 17
46 57
64 79
58 39
33 14
74 68
60 66
51 81
57 97
19 92
42 19
68 77
44 57
25 87
52 32
59 76
48 56
32 63
34 89
1 18
54 75
37 66
92 40
98 48
36 16
92 29
87 59
6 82
67 30
69 18
13 79
45 13
34 76
75 19
16 28
36 70
54 72
35 97
11 32
96 98
100 87
27 86
97 84
67 15
65 35
85 78
13 29
90 98
5 16
16 20
95 51
41 100
75 96
37 59
44 87
58 82
65 43
31 48
61 45
12 48
29 41
60 58
30 10
14 98
25 33
92 28
26 92
54 52
39 90
10 82
76 19
16 92
13 46
91 74
90 3
21 19
95 32
76 77
93 89
74 18
73 17
97 50
60 50
2 51
39 63
84 67
82 99
10 46
44 1
71 86
55 43
4 49
27 31
25 19
71 50
88 95
67 84
45 78
33 46
28 24
8 64
42 41
62 51
39 58
51 9
43 5
4 98
54 30
28 30
100 50
80 88
44 98
23 40
75 8
37 55
31 97
70 24
89 31
74 27
40 77
88 82
81 91
79 86
72 58
16 23
59 95
10 55
44 85
94 70
92 31
24 74
79 93
97 67
76 22
94 67
98 81
49 31
23 79
16 46
89 31
68 47
77 30
1 72
14 47
42 57
29 65
30 7
10 78
73 37
51 18
3 49
50 3
31 24
34 46
69 74
29 37
20 57
66 73
29 31
71 70
87 99
86 68
57 47
97 81
83 47
99 38
47 48
92 77
72 25
75 40
98 3
28 70
11 45
94 39
75 64
60 13
14 46
32 70
92 28
50 27
27 48
16 25
48 7
2 71
32 28
62 81
82 90
50 92
34 43
31 61
58 42
73 71
87 5
92 31
84 42
9 10
41 76
35 88
82 88
58 65
15 20
46 96
61 47
87 94
42 69
6 51
63 79
22 1
35 13
83 18
6 91
80 47
66 14
86 100
53 44
64 67
15 61
14 75
60 52
20 53
73 78
3 35
56 76
35 42
89 70
59 46
60 90
92 78
3 78
29 55
73 92
73 39
5 38
65 16
90 36
68 14
13 70
100 20
46 86
61 86
55 72
31 67
61 75
44 16
52 24
22 76
67 95
14 71
84 30
86 25
65 5
38 78
75 89
49 72
75 10
57 29
33 39
95 93
13 90
8 16
13 82
91 80
28 56
2 11
85 40
36 2
44 25
31 70
14 79
41 88
88 49
68 20
40 15
65 52
4 24
20 69
5 10
100 32
18 53
95 54
92 82
7 88
6 37
9 71
16 50
10 3
50 78
75 89
92 91
93 47
66 12
15 71
73 66
54 90
19 48
96 62
81 2
1 87
39 10
57 54
59 67
8 60
96 34
49 87
76 41
33 42
4 100
64 76
65 69
18 35
69 13
97 49
66 97
35 56
6 44
61 16
62 21
76 57
6 76
95 82
68 79
75 71
30 38
46 95
6 63
81 74
27 77
75 45
26 9
100 31
4 61
99 17
81 26
73 86
1 19
19 20
50 93
90 79
30 87
25 88
50 6
13 28
34 87
72 59
48 24
42 3
84 92
20 16
17 44
53 69
63 72
88 64
16 77
42 98
63 19
85 64
76 49
44 9
88 15
20 35
90 13
89 73
4 8
40 20
52 45
40 66
68 27
81 83
3 74
80 17
92 16
33 67
17 76
28 4
42 99
90 32
11 78
56 14
38 96
85 41
92 24
6 59
50 38
41 4
11 73
72 3
88 4
21 4
79 100
59 21
98 48
52 8
78 59
73 15
6 9
55 97
84 12
55 85
1 48
88 11
20 12
65 59
15 38
15 94
37 73
66 87
73 69
94 2
27 19
16 33
79 22
81 63
85 36
47 85
83 87
95 54
98 12
12 49
78 57
85 3
22 71
75 42
17 76
21 87
43 53
65 16
85 27
100 20
74 36
54 12
82 59
9 93
23 20
41 100
29 78
2 48
76 44
16 3
64 2
97 68
19 12
52 45
63 24
70 98
29 81
80 88
89 72
10 61
65 9
41 42
63 42
41 90
37 57
93 52
10 41
19 28
53 23
25 15
46 94
13 74
27 44
13 67
67 22
79 31
83 19
72 45
13 65
86 49
73 30
1 82
71 62
23 93
38 89
90 83
53 16
9 96
28 76
63 2
6 93
84 25
17 80
37 81
17 85
53 47
37 86
17 8
99 91
52 36
79 42
19 84
57 79
31 36
6 93
37 12
38 72
36 6
51 24
38 68
60 90
66 97
27 82
56 26
24 7
13 54
100 31
37 8
10 68
44 67
12 80
78 1
52 65
6 54
88 43
73 100
84 38
48 63
71 3
40 46
61 52
100 13
35 88
20 44
7 63
62 19
43 40
71 46
4 29
99 44
23 72
43 59
9 42
21 32
44 60
77 56
11 28
68 45
16 88
40 22
2 92
44 93
15 89
48 43
40 43
65 11
37 23
71 78
43 54
21 54
31 29
17 58
96 61
25 35
53 99
37 6
42 32
98 56
73 97
98 12
40 15
74 76
37 44
54 32
98 26
37 80
6 53
89 54
66 14
88 18
12 76
23 53
60 72
9 32
20 58
95 59
72 68
87 61
63 40
92 60
17 80
91 23
33 80
76 98
93 15
15 56
43 89
8 2
12 68
85 31
26 31
42 49
98 28
9 60
19 52
72 35
32 14
9 64
93 36
13 37
3 27
92 45
67 100
98 78
19 82
60 96
64 1
45 61
28 5
72 46
57 95
33 40
9 93
55 53
81 67
90 83
93 81
27 11
32 76
40 3
9 99
98 72
100 42
32 79
47 55
77 55
50 61
94 10
5 48
14 85
14 3
67 58
36 45
68 19
20 7
21 28
57 71
99 8
64 82
87 62
37 15
16 38
75 61
99 79
60 12
64 73
67 82
82 2
27 1
72 98
59 45
26 16
15 76
23 78
58 9
40 46
23 7
83 49
68 33
28 79
44 43
52 62
24 85
63 2
86 87
100 96
31 77
11 45
52 34
74 9
94 65
54 69
72 88
69 91
20 48
69 16
90 72
77 66
57 92
19 94
78 18
89 8
94 52
4 46
37 77
6 82
94 60
50 65
99 71
55 71
18 75
38 8
47 14
25 55
57 43
100 86
13 40
45 6
91 48
3 27
77 9
61 22
20 62
86 70
32 92
40 50
66 77
9 64
43 33
70 51
27 69
37 39
9 33
97 51
33 51
30 61
11 90
82 51
67 52
83 10
43 84
75 20
92 91
14 76
60 16
2 29
52 93
89 85
41 91
17 43
72 29
54 61
10 87
64 76
38 98
85 81
81 11
52 72
1 17
99 13
32 52
93 36
96 33
72 36
23 40
31 95
68 84
7 77
70 52
60 67
88 92
99 50
43 22
3 11
20 15
42 72
7 29
67 91
100 55
13 39
85 59
6 20
66 34
41 87
37 52
6 24
43 4
26 37
26 28
47 97
42 89
20 100
17 87
90 69
93 54
7 29
65 100
30 98
40 68
35 92
73 10
34 29
35 23
6 62
69 2
55 9
22 6
78 60
47 46
52 1
4 32
65 68
31 46
18 70
13 52
13 38
