100
91 84
98 14
70 81
17 45
59 92
13 32
58 60
70 90
54 38
71 98
11 96
15 64
11 49
94 97
8 2
45 51
37 94
64 58
27 33
2 85
76 66
68 33
25 89
22 78
27 44
27 89
91 93
4 2
42 97
50 1
50 94
51 86
39 67
43 65
51 96
49 26
61 69
58 37
57 31
67 35
75 93
76 65
38 79
66 79
28 15
79 29
60 82
67 99
100 61
15 50
9 64
27 69
84 6
92 14
72 27
40 16
54 5
53 84
22 83
63 89
14 44
100 47
10 98
46 22
13 47
30 28
73 51
63 56
8 54
21 31
32 61
46 85
17 51
21 38
85 83
26 98
26 44
87 75
89 61
39 35
90 18
59 92
80 66
99 86
87 29
17 99
27 54
67 29
26 4
13 8
82 11
86 59
6 24
85 95
84 76
81 26
93 40
17 25
5 16
10 43
96 78
93 22
83 59
50 8
15 63
68 48
25 53
58 30
28 42
76 12
17 9
37 62
100 5
86 56
20 47
99 68
76 43
89 59
54 91
18 20
5 85
67 29
89 76
10 17
17 86
80 86
94 68
47 93
72 32
100 44
30 50
11 5
93 51
63 98
41 33
17 45
17 35
25 58
10 35
74 78
20 53
63 65
20 9
9 43
92 8
86 21
58 48
26 2
99 40
99 91
72 15
36 41
1 60
98 62
94 23
39 65
27 2
29 98
62 89
40 54
97 78
26 54
25 51
7 75
43 5
66 71
53 58
71 12
55 84
58 29
22 74
55 75
3 52
37 43
92 90
39 21
15 44
97 18
50 72
12 6
89 29
76 41
87 98
4 93
81 61
22 55
35 28
29 89
80 65
31 23
6 22
43 73
17 91
42 19
62 53
24 50
81 100
90 19
49 94
12 82
6 85
36 92
12 64
32 91
81 15
65 38
36 59
10 52
50 3
70 63
55 46
13 88
45 54
6 45
99 69
26 5
53 61
48 65
77 80
7 9
94 72
46 29
82 8
32 31
10 54
94 17
99 58
4 95
11 61
39 62
30 65
18 82
77 65
98 5
44 57
13 37
80 11
17 61
70 1
44 31
6 37
47 4
46 2
50 8
63 88
69 44
4 86
77 33
51 75
37 46
31 2
35 62
64 3
22 33
3 65
63 60
53 62
63 98
63 64
6 77
52 26
20 7
64 49
91 66
23 80
11 5
81 97
66 96
100 39
28 54
4 42
14 8
3 28
6 18
92 63
94 95
40 66
53 3
14 44
68 88
23 79
44 55
75 61
50 26
51 29
80 54
70 45
14 25
72 19
94 63
33 39
9 72
56 62
75 21
57 42
8 79
72 3
33 47
15 34
24 66
62 3
71 83
47 84
59 71
54 52
85 86
91 94
10 46
7 84
67 63
77 26
41 49
81 25
47 10
70 12
71 25
35 5
71 18
16 93
24 67
78 61
9 71
70 7
29 5
25 91
82 2
31 30
82 7
28 81
16 97
44 38
73 78
94 44
48 9
88 71
28 65
31 36
87 1
94 15
5 18
5 38
20 87
19 53
45 46
33 60
95 77
49 67
6 95
62 53
3 50
75 30
14 6
18 1
58 11
67 14
29 72
52 100
10 70
52 55
68 37
66 62
65 15
28 22
9 90
75 63
39 49
45 4
6 62
4 15
72 23
81 52
94 32
51 3
53 55
57 72
43 75
33 59
89 61
80 49
50 6
11 40
7 55
43 64
68 99
79 92
21 59
43 66
42 46
68 46
52 77
18 46
51 2
4 91
62 35
91 63
41 53
2 47
8 97
62 27
95 40
18 67
50 61
32 43
58 51
41 9
27 58
54 29
11 9
71 73
43 61
87 35
14 41
33 73
37 95
99 83
86 17
49 88
29 80
30 38
30 70
46 9
79 51
89 90
11 60
14 5
72 100
40 85
92 24
9 28
18 8
62 56
76 10
43 56
41 24
93 23
94 90
83 24
40 71
65 2
82 30
6 54
82 97
90 73
21 51
1 90
58 62
45 85
24 87
40 16
11 84
38 56
73 20
31 64
43 96
65 24
77 22
29 58
19 71
31 39
21 31
28 30
44 73
66 19
11 57
35 21
40 72
28 12
44 59
27 86
6 43
61 82
64 90
40 82
12 70
20 32
52 48
13 47
72 78
66 82
34 52
55 73
75 34
36 18
44 62
55 49
56 16
83 19
57 74
1 68
43 20
51 46
19 63
44 42
92 61
76 25
