120
19 117
110 99
69 56
37 34
39 102
6 95
81 54
100 89
118 28
108 23
58 21
26 21
82 84
71 76
28 79
8 38
67 117
17 7
52 45
40 82
26 38
56 99
91 27
67 80
54 55
102 103
75 120
4 28
83 74
104 102
24 111
11 90
99 27
96 22
72 7
95 89
44 31
67 7
49 6
86 95
52 68
77 6
59 72
25 13
17 120
106 40
110 116
1 80
23 96
101 86
95 76
54 10
98 113
16 26
118 102
112 49
41 69
46 99
12 70
111 29
70 96
60 51
91 61
3 105
28 103
70 2
50 116
12 19
108 27
37 105
120 28
25 40
88 70
18 100
11 120
120 72
87 59
115 50
119 117
34 19
91 96
20 21
91 23
31 78
42 67
54 41
95 70
81 62
19 90
33 21
82 32
93 48
91 87
89 81
83 3
99 53
98 111
65 60
13 96
17 46
42 62
87 8
11 39
62 21
120 94
41 73
118 5
113 80
83 81
40 37
83 11
90 52
113 26
111 117
113 119
43 27
52 9
34 54
39 87
66 30
61 99
103 50
103 95
9 58
55 40
94 10
42 55
53 34
81 36
31 65
26 73
91 70
73 5
3 103
83 69
12 15
47 114
64 21
88 72
78 15
104 52
16 25
98 68
59 58
95 81
3 1
25 85
70 97
81 64
79 44
12 90
58 50
76 2
63 35
65 20
49 48
63 56
65 41
4 3
90 75
84 90
99 49
31 75
9 87
25 52
98 106
102 20
61 103
82 88
39 93
16 79
28 64
23 68
59 17
29 28
91 113
110 69
41 12
15 41
98 31
85 68
16 66
87 69
40 36
78 12
43 36
31 106
58 98
44 74
7 64
36 111
53 104
31 64
110 63
42 20
27 109
28 92
67 96
3 106
3 81
109 45
108 20
23 38
109 58
103 107
1 19
97 53
114 119
109 104
62 30
115 88
10 22
52 76
109 46
53 111
118 33
28 106
52 42
15 33
99 117
19 100
7 116
24 1
114 12
96 55
33 82
15 34
104 58
109 84
103 33
67 93
66 94
78 109
7 92
21 105
80 40
76 87
35 100
79 20
103 54
67 8
7 73
41 102
10 22
66 104
54 12
76 111
97 25
100 103
108 120
79 68
31 35
34 57
6 104
77 108
37 15
107 35
87 20
17 88
41 82
63 86
85 19
77 53
35 48
35 23
39 113
82 70
27 107
118 24
90 66
4 118
80 110
32 46
9 48
13 41
1 76
7 77
86 75
9 112
2 43
6 32
28 87
93 46
73 91
70 34
36 73
31 108
62 55
33 63
102 38
103 95
105 101
51 70
55 60
53 48
94 59
80 1
17 44
39 90
14 108
115 42
52 26
21 105
80 53
47 53
82 22
27 66
2 70
7 49
1 60
96 94
110 47
87 6
83 117
87 88
96 82
1 27
99 21
3 58
74 42
102 27
63 1
93 56
70 91
104 70
30 72
35 11
110 113
17 72
109 103
40 84
56 40
102 34
61 105
83 6
26 65
32 88
65 116
15 6
87 119
67 108
62 93
119 51
86 7
3 74
101 34
30 37
73 11
70 5
115 33
2 20
89 34
99 25
21 106
30 99
104 88
87 37
60 77
87 25
83 81
91 63
114 112
91 59
2 41
55 117
65 57
8 33
82 99
57 94
84 78
73 59
45 39
95 96
115 53
113 69
14 83
3 119
66 94
49 67
6 96
55 62
32 55
86 105
25 14
78 108
91 30
38 7
60 4
102 46
56 94
114 61
48 109
52 113
82 100
52 79
67 106
20 98
32 105
74 56
118 32
35 88
53 72
86 113
75 67
38 3
33 24
55 72
12 106
57 85
78 108
43 24
85 62
114 117
38 67
44 35
90 79
114 23
30 79
7 97
17 36
91 41
59 17
113 62
3 49
26 72
28 60
87 112
113 72
100 30
11 24
64 100
94 57
114 115
7 112
91 16
28 53
56 78
70 48
20 64
88 37
7 115
89 93
99 81
45 70
111 55
93 46
26 58
95 12
53 101
3 15
116 22
68 44
100 9
91 111
64 51
19 70
37 107
34 15
68 78
85 50
4 49
87 22
107 61
25 31
34 27
45 21
41 112
64 20
112 27
2 55
77 20
4 113
119 38
120 66
107 76
107 103
116 73
116 94
6 20
4 39
38 49
59 78
32 115
89 24
21 90
70 89
102 66
73 100
103 64
37 81
19 23
55 7
87 50
100 92
69 104
10 107
32 61
56 55
55 25
78 67
114 28
27 95
93 91
74 67
35 110
19 45
4 74
51 91
115 23
62 56
6 72
42 29
4 97
83 50
113 33
108 107
60 14
73 24
96 19
82 2
8 100
47 4
45 89
94 40
111 35
95 108
98 8
8 93
96 91
22 89
3 9
67 54
14 19
69 110
37 30
103 37
1 21
40 46
110 5
77 92
31 51
72 9
50 79
93 25
49 115
105 43
115 51
96 9
70 36
110 98
65 92
6 66
113 45
103 94
41 59
57 72
101 8
72 22
87 44
38 7
30 23
50 25
73 17
33 14
45 14
104 109
97 109
46 81
26 20
46 66
78 103
17 50
110 80
71 68
4 109
67 33
3 116
57 67
4 81
81 48
86 56
29 63
44 66
23 61
86 69
7 43
43 15
85 24
95 27
92 98
15 38
2 17
25 59
76 20
11 36
60 97
83 88
39 118
33 53
59 118
113 65
33 35
71 109
51 45
15 22
22 51
16 30
67 74
105 86
76 12
25 52
94 104
82 92
17 7
30 6
111 86
38 18
36 18
68 81
33 81
94 54
11 109
83 77
54 68
34 2
79 51
53 45
34 7
16 50
13 37
56 3
2 85
20 37
103 79
109 7
39 75
60 49
55 14
117 101
81 23
102 32
73 34
76 106
32 91
28 44
7 75
39 120
39 50
28 13
9 17
11 47
83 70
88 17
84 76
117 36
98 59
50 4
14 36
35 96
63 71
94 17
109 93
47 30
1 52
30 9
62 77
91 4
36 99
87 111
96 114
89 73
53 10
76 58
45 103
34 99
53 119
115 33
92 34
62 84
85 92
84 18
40 46
21 67
24 99
57 119
85 17
64 17
27 11
66 63
113 91
42 45
90 28
77 53
61 11
8 17
94 91
27 5
16 47
71 31
26 119
30 102
16 85
118 34
95 55
96 88
26 17
4 115
37 73
47 89
83 54
106 56
16 12
52 31
50 2
53 67
120 82
48 7
38 37
32 13
92 8
92 117
16 87
111 52
39 29
13 113
74 118
40 89
1 91
119 50
92 51
109 84
5 36
82 34
73 114
46 36
113 9
32 8
96 14
52 6
34 56
119 107
53 38
75 45
9 65
86 92
107 74
47 103
102 9
17 46
114 54
81 106
63 104
105 30
109 28
35 22
83 25
120 7
63 74
43 63
10 9
34 116
74 81
99 55
81 107
92 74
40 52
51 94
27 35
3 15
55 30
28 17
46 27
16 108
92 58
50 101
66 76
89 12
28 67
58 108
45 30
61 84
73 103
50 92
17 44
98 71
73 6
80 119
24 95
98 108
32 20
88 90
95 48
93 114
106 30
101 30
51 33
106 4
15 35
95 23
78 72
94 23
69 45
13 85
11 110
72 42
1 31
3 87
71 95
80 56
117 60
86 47
84 71
42 90
105 8
113 54
80 78
76 20
2 88
96 12
70 39
45 70
62 40
37 12
6 116
67 2
48 24
41 3
94 82
93 70
90 85
4 41
42 79
60 35
47 28
38 116
66 82
57 119
113 93
10 119
81 69
120 8
92 40
2 66
114 94
7 83
50 10
3 83
89 54
117 7
81 26
114 19
100 50
17 92
15 19
90 95
87 82
94 58
113 95
115 106
61 2
60 110
11 62
73 91
108 61
89 68
79 82
78 58
4 95
21 18
113 103
104 79
64 77
8 48
43 3
26 103
4 85
85 14
19 29
97 6
81 65
65 39
19 23
96 22
109 117
31 93
99 14
43 34
82 50
73 4
52 98
99 55
55 61
65 83
37 70
43 93
6 82
111 20
49 4
8 45
26 100
15 31
22 40
112 72
113 108
115 82
78 42
8 12
102 72
94 10
13 8
94 19
89 77
38 18
80 46
54 106
17 61
8 31
100 120
102 92
99 88
46 56
9 53
59 102
5 32
103 17
39 77
27 120
33 65
9 104
102 54
81 110
114 89
20 94
80 113
57 58
81 102
105 81
35 43
63 31
74 45
39 104
113 66
95 17
2 103
1 95
37 73
84 22
41 96
115 112
88 44
49 40
17 33
1 51
75 55
73 20
91 112
116 84
57 90
100 58
65 92
32 93
45 107
114 77
82 101
61 42
24 109
81 40
14 73
83 80
7 35
100 98
26 95
61 74
56 32
3 120
116 26
92 32
13 78
100 86
58 40
7 73
29 80
104 34
32 58
113 39
85 92
8 110
58 68
56 114
91 58
113 86
84 77
109 88
34 89
53 83
8 52
27 28
11 10
61 42
68 54
72 32
17 79
13 75
18 60
60 109
118 44
66 73
120 55
40 25
23 92
99 22
23 5
50 33
7 110
67 66
35 18
89 44
97 101
110 114
33 49
94 30
92 40
102 84
86 13
100 96
79 1
119 75
50 23
81 32
81 18
58 99
106 101
67 79
90 52
111 10
18 12
94 49
105 49
14 117
28 113
92 98
113 82
45 35
97 117
58 57
15 115
27 120
88 85
78 49
17 60
59 34
71 24
82 55
72 87
51 99
79 15
69 63
96 113
89 72
109 26
1 115
13 27
115 100
112 64
28 120
4 78
25 66
101 98
1 44
56 43
15 6
49 83
68 17
67 29
88 47
54 80
42 66
107 28
37 90
83 65
81 78
14 97
24 107
74 16
30 9
50 44
6 99
118 73
115 64
93 74
103 27
34 16
84 12
43 1
93 117
57 53
75 62
29 98
48 94
105 78
94 26
113 99
4 111
43 110
46 16
56 28
34 81
43 109
92 77
101 64
74 29
108 20
91 8
117 18
93 87
66 118
80 36
114 62
70 95
107 77
30 7
110 102
41 91
65 110
71 120
55 100
107 74
62 114
62 79
86 34
46 23
23 117
50 16
50 120
103 36
76 4
34 58
106 67
28 50
56 90
50 110
61 28
55 2
14 116
73 91
21 110
114 43
106 43
51 35
34 33
62 110
36 88
47 21
34 66
63 81
35 112
62 88
11 116
81 24
103 33
115 3
22 108
37 119
22 87
25 56
111 87
37 27
46 83
39 71
28 101
31 54
84 92
13 95
79 94
118 61
6 112
55 20
91 18
105 58
43 32
40 1
68 66
38 30
105 108
49 77
18 94
33 101
107 7
59 72
116 111
69 100
45 88
62 15
98 46
64 12
77 104
4 16
41 37
17 28
85 94
37 51
6 17
29 4
67 100
119 57
40 90
101 120
32 107
97 69
43 108
18 26
103 33
58 23
70 75
42 26
48 78
76 45
86 104
40 32
75 30
88 107
120 60
106 31
38 82
91 80
61 108
105 43
21 35
57 82
109 98
107 28
47 55
72 12
30 103
35 97
12 114
83 11
53 68
33 90
21 116
42 73
103 18
107 115
52 43
76 40
12 55
67 50
109 10
53 18
112 87
114 116
72 68
118 4
15 31
85 27
18 118
99 120
16 85
115 67
119 62
107 2
108 45
51 96
55 103
106 38
61 91
33 12
39 31
7 45
53 84
72 70
81 50
61 96
7 47
43 5
109 21
7 96
65 49
64 111
32 41
29 92
11 61
96 49
83 102
86 15
65 37
76 18
78 17
113 84
63 27
81 43
47 87
19 104
15 74
94 38
114 2
2 4
55 97
45 17
70 10
24 7
38 99
24 115
107 16
71 50
35 31
92 81
109 102
64 115
55 38
33 40
31 26
36 85
2 80
94 63
81 109
69 110
79 92
96 66
100 46
115 14
68 78
86 56
52 30
43 106
59 67
18 81
92 53
38 85
4 3
27 76
111 88
65 69
59 40
14 38
78 120
43 25
70 9
73 1
30 115
98 80
61 115
40 24
47 77
108 50
79 6
117 61
93 61
10 24
93 15
61 50
7 96
74 76
104 18
76 13
12 53
92 64
48 3
79 86
72 58
8 22
64 4
83 28
65 92
51 37
98 104
86 104
79 31
59 62
41 14
66 52
59 37
108 106
31 58
63 102
116 70
4 59
74 86
86 10
49 9
38 18
112 115
2 70
25 52
3 65
66 68
109 116
96 88
101 6
25 35
108 20
105 103
70 50
60 28
59 100
36 96
117 27
90 118
88 106
42 90
43 99
29 23
94 4
110 66
1 6
100 18
84 82
87 13
21 106
63 120
21 38
117 39
119 106
118 105
27 79
19 5
107 41
90 102
22 35
103 19
15 82
36 98
44 115
103 56
100 45
48 113
75 36
23 73
13 49
40 91
67 36
70 99
6 51
112 32
33 11
46 107
38 16
30 24
118 77
116 34
4 108
108 39
2 53
52 14
93 83
97 40
110 46
10 107
88 2
19 1
4 56
99 41
71 120
65 60
76 60
86 72
39 65
110 32
117 33
38 90
107 14
1 97
51 2
75 18
115 85
10 118
21 108
31 83
107 87
23 63
18 100
14 48
44 115
79 33
20 108
2 6
1 114
94 43
115 49
61 110
13 70
99 25
50 1
108 36
87 2
90 96
101 95
23 16
90 94
48 101
81 41
106 74
34 72
116 21
120 48
2 4
110 92
21 39
93 120
74 51
1 36
27 93
10 41
100 91
14 28
71 87
60 49
32 94
120 27
106 111
67 107
106 56
78 118
94 42
117 39
93 117
74 119
81 76
39 61
46 45
80 109
3 19
29 34
104 20
52 89
10 118
67 107
53 17
105 26
58 101
57 30
90 10
28 42
77 59
94 115
95 53
103 97
72 3
10 47
22 53
16 23
51 82
9 103
90 105
1 28
86 57
57 47
58 77
88 15
15 62
9 101
106 103
77 49
105 78
96 118
10 111
20 60
64 28
35 34
5 27
53 90
75 109
8 12
65 95
18 71
28 26
51 14
120 119
62 104
76 37
101 86
19 112
17 75
12 43
100 16
61 32
105 15
12 104
27 69
78 44
19 98
62 103
61 60
44 37
16 73
9 93
83 1
101 29
12 24
120 27
84 31
3 91
35 106
117 103
55 32
1 32
93 54
14 26
114 50
62 9
2 70
93 76
70 73
105 73
88 104
99 44
7 101
14 33
86 2
15 21
33 7
44 118
61 58
23 54
99 76
54 92
17 26
47 79
90 31
31 58
7 10
93 5
102 106
37 60
107 51
72 11
49 115
120 109
44 22
34 22
89 87
113 106
104 32
64 74
54 86
3 52
87 95
56 69
72 92
120 50
14 71
60 63
57 60
43 93
73 69
106 34
27 91
19 11
2 74
76 55
39 70
107 6
44 34
66 107
118 65
36 11
7 87
65 55
18 100
27 83
48 5
116 74
95 6
76 88
71 31
22 109
100 120
106 15
26 43
1 23
99 28
25 97
107 82
32 4
61 50
78 100
54 73
45 28
70 1
115 20
23 9
1 115
120 98
9 25
21 2
39 111
21 64
88 7
25 119
3 77
48 80
48 94
25 92
1 94
92 108
106 107
108 98
101 99
75 101
116 87
94 34
78 107
89 45
113 105
35 107
61 74
67 108
47 83
80 40
48 43
19 25
21 118
2 1
96 69
94 83
35 59
117 104
45 77
20 30
62 46
16 2
120 74
102 38
36 53
77 84
87 108
108 84
102 108
52 50
73 14
76 12
10 60
56 87
71 85
20 117
93 21
116 46
114 25
82 46
102 37
13 60
16 120
24 117
99 75
38 52
88 114
55 90
45 110
48 115
67 103
39 79
90 84
65 115
37 110
96 65
114 27
81 105
50 69
84 116
107 7
84 92
61 45
16 42
84 2
108 22
105 26
100 74
102 44
68 18
26 35
83 19
62 35
4 103
95 79
99 81
77 54
44 17
98 59
50 61
53 38
82 37
55 53
110 36
89 50
46 106
84 120
4 17
34 119
120 8
69 98
81 25
31 4
33 120
55 83
52 107
112 5
15 46
57 4
74 17
45 119
2 9
110 118
17 23
108 16
22 57
105 94
73 15
98 106
6 24
68 57
2 59
53 16
96 102
11 49
118 56
39 112
64 28
109 72
42 88
88 64
24 72
37 97
79 6
74 76
21 13
5 22
63 57
37 38
38 48
79 28
103 117
19 38
17 7
109 58
94 68
113 110
12 22
78 90
19 23
37 40
35 41
53 97
98 90
14 15
9 84
42 103
73 52
20 89
58 120
18 24
60 3
5 71
24 74
32 34
96 68
73 10
109 118
106 78
87 111
84 87
67 6
69 19
57 80
99 107
71 116
2 10
110 118
72 13
71 103
39 38
43 103
47 23
100 24
100 58
6 63
24 72
60 84
90 109
43 60
87 106
48 80
107 37
77 59
42 19
33 80
56 75
62 94
89 42
109 68
91 114
3 115
66 62
70 27
42 105
87 8
90 14
79 76
50 27
6 91
45 39
42 92
105 104
57 66
17 45
13 107
39 7
93 96
61 35
114 102
19 80
102 108
85 60
55 7
79 53
89 3
83 11
87 67
106 15
4 114
60 9
92 90
15 65
65 75
99 58
49 109
10 30
88 86
81 22
92 39
74 53
34 36
63 112
95 40
6 98
33 57
106 4
26 113
60 82
67 30
12 107
18 13
8 105
98 89
119 62
119 64
114 24
100 48
7 66
87 13
35 119
61 13
114 79
5 54
40 63
75 43
50 85
55 57
69 25
17 59
86 8
3 71
31 94
118 38
31 76
42 65
74 94
69 59
52 73
104 84
8 59
6 57
23 53
105 83
69 2
22 26
9 16
96 31
109 85
60 19
40 93
75 105
67 24
43 118
88 19
73 95
77 71
23 91
115 8
45 63
1 58
88 9
73 55
31 53
19 91
63 58
63 10
42 1
25 76
111 112
94 63
79 42
13 101
4 119
100 49
61 100
106 28
100 51
74 11
95 92
93 38
29 27
39 62
28 63
10 18
54 103
72 4
17 77
105 20
75 76
68 16
56 46
35 88
109 37
62 72
9 91
93 36
9 34
55 71
35 64
117 18
15 112
26 91
96 45
38 52
105 45
99 22
79 13
109 59
50 42
11 50
13 95
77 13
8 11
76 35
74 72
44 89
63 69
51 31
113 80
74 89
4 44
110 75
48 98
13 89
20 15
19 24
109 95
36 109
98 111
23 51
54 66
11 109
6 54
11 118
13 76
79 17
119 68
91 46
46 95
15 57
102 33
80 82
119 107
62 96
98 76
19 23
13 29
11 18
82 21
8 95
88 86
111 86
33 73
4 70
39 18
118 20
42 69
102 32
56 35
8 25
111 18
47 3
46 50
21 8
62 28
94 30
113 76
107 17
28 110
87 66
119 84
78 40
33 51
64 80
85 63
104 75
80 22
70 5
63 90
4 5
109 97
34 93
52 12
109 71
2 67
9 120
23 86
32 47
16 95
6 100
37 101
47 116
114 116
112 57
77 116
61 65
84 86
37 8
89 17
78 90
84 78
82 98
43 113
24 58
79 29
30 115
1 76
102 106
63 93
42 19
80 94
83 36
51 111
43 20
119 112
109 82
70 62
51 112
54 74
42 12
94 71
118 94
18 91
72 80
64 113
98 15
79 52
50 9
42 84
20 32
76 1
106 17
62 36
8 108
110 41
119 83
111 109
49 120
79 120
79 14
104 48
29 62
99 70
63 12
34 82
44 101
82 29
117 16
64 116
3 45
37 1
8 19
101 48
19 60
39 89
65 14
17 85
76 115
35 10
119 60
91 42
32 45
62 28
60 117
15 62
42 43
54 41
62 35
88 72
86 118
32 30
11 48
115 78
35 21
87 33
80 50
66 111
94 7
10 25
3 24
78 44
67 11
76 120
37 35
63 114
32 94
16 43
14 10
112 48
22 79
72 93
120 9
83 85
15 84
109 9
99 66
45 37
68 120
36 97
35 90
82 58
64 97
92 69
106 84
116 119
34 59
91 33
67 53
117 73
8 97
81 107
34 117
23 101
109 51
69 15
12 31
72 75
7 36
23 105
119 10
103 32
60 74
56 6
118 52
70 6
28 23
104 61
19 118
33 7
40 94
13 52
4 85
118 2
120 21
106 110
22 81
13 82
34 68
79 23
111 21
28 10
43 3
70 53
1 94
52 32
67 64
83 62
20 81
64 19
93 41
120 106
1 12
59 26
71 10
49 61
30 68
70 72
71 11
116 63
105 47
94 43
111 49
105 10
9 40
21 93
80 20
78 81
24 9
98 94
18 26
35 47
94 96
110 36
107 105
90 83
24 55
5 6
103 101
15 103
20 27
67 100
39 25
52 62
33 29
27 42
47 53
88 20
29 69
47 7
45 16
81 68
62 85
73 45
58 80
19 77
106 86
48 16
102 99
77 6
120 96
47 46
28 6
57 56
74 95
54 118
102 14
66 43
91 10
79 28
89 98
96 67
55 24
82 36
114 31
33 113
6 71
30 33
76 78
81 21
52 14
10 33
28 67
76 118
77 34
17 45
3 112
103 57
7 65
84 1
95 108
105 92
58 7
116 5
84 76
25 16
90 35
48 109
93 3
98 49
29 114
86 23
97 68
80 104
4 35
96 90
23 80
61 72
86 57
77 50
4 101
57 93
7 104
73 100
99 42
20 119
27 97
21 4
45 92
99 48
7 74
10 21
25 70
92 103
118 40
24 2
21 80
86 19
55 39
110 25
80 2
23 107
98 44
102 14
7 80
62 13
25 63
25 41
12 109
23 2
28 46
3 40
117 80
59 44
118 40
68 70
41 91
48 11
6 29
24 12
100 77
17 116
19 33
36 23
21 59
24 49
96 18
80 85
97 10
8 95
50 75
36 82
37 75
92 42
103 116
46 74
64 54
69 83
86 96
105 99
26 8
19 114
25 98
78 1
108 77
87 37
31 114
110 60
68 74
93 42
61 18
115 4
63 55
86 21
23 70
119 48
69 17
41 85
114 118
78 93
66 36
9 89
30 111
28 89
64 120
11 4
10 117
7 64
44 85
84 66
26 82
113 95
90 26
59 76
15 8
48 81
44 57
49 65
39 76
33 102
67 35
97 76
32 95
20 67
59 95
12 85
57 116
59 18
21 109
93 36
109 21
116 32
69 44
96 107
111 120
80 57
35 56
5 66
30 16
4 81
102 15
45 38
2 95
56 23
75 20
50 63
40 45
86 108
80 53
86 62
53 45
110 79
92 114
16 2
1 19
74 103
33 118
12 34
84 59
48 30
79 97
93 110
21 50
98 92
103 63
33 27
108 23
105 79
8 120
72 1
18 25
95 42
14 106
75 89
37 115
119 107
91 83
96 104
12 73
75 114
8 100
12 107
114 116
65 113
107 9
105 4
25 79
45 31
57 112
119 93
106 117
79 68
79 46
51 83
119 118
68 118
89 80
104 74
67 40
66 54
48 43
57 65
1 94
95 57
77 85
21 54
82 91
1 32
17 44
114 7
33 62
4 1
13 99
74 79
18 11
12 58
53 61
2 46
26 88
94 102
52 107
27 5
77 27
29 85
62 14
83 94
67 78
94 79
56 39
30 74
42 41
3 94
93 116
11 118
83 105
99 6
91 5
3 39
24 23
116 85
36 78
51 103
36 24
53 83
55 82
28 96
115 30
61 87
25 64
85 99
48 55
97 10
52 99
48 75
1 43
31 28
113 81
2 20
97 55
102 23
16 2
118 2
23 50
89 40
113 53
18 32
107 106
41 38
84 81
104 76
3 7
96 107
79 97
6 47
31 100
69 39
101 58
40 3
100 8
42 92
52 4
31 37
36 60
113 116
44 60
111 42
35 97
112 12
103 39
34 82
107 72
54 37
104 48
16 103
82 99
35 13
94 65
41 10
4 33
5 39
85 115
72 119
84 64
2 66
102 36
19 80
99 64
108 82
111 3
65 72
102 91
76 75
27 109
84 30
21 81
61 105
67 4
96 30
67 97
87 40
12 97
112 111
40 99
64 23
94 120
86 75
90 34
29 116
22 105
18 34
57 70
11 3
73 106
25 12
74 103
43 78
80 26
60 111
5 3
5 98
3 83
44 92
116 64
80 17
48 97
42 96
46 52
91 110
29 115
113 103
97 36
60 48
61 119
39 57
1 35
26 115
117 69
79 112
13 38
120 52
6 42
28 43
93 118
32 114
104 25
96 80
52 35
120 112
25 38
41 17
64 66
12 61
15 82
52 19
111 44
70 116
85 89
38 49
86 61
42 61
85 9
21 8
43 12
120 59
41 32
76 104
97 79
44 103
40 96
1 30
19 63
17 95
31 54
23 109
106 57
49 71
65 61
70 100
72 69
30 112
92 105
96 69
55 11
51 94
106 44
115 116
106 11
90 8
56 105
116 42
33 37
104 89
89 53
60 33
114 90
16 85
66 111
25 1
114 68
86 99
111 73
87 88
83 48
87 11
24 75
44 48
111 27
17 71
71 76
103 56
37 119
13 103
101 37
103 94
96 60
65 78
12 31
45 87
78 12
97 94
86 12
21 68
30 37
18 100
105 1
28 13
111 40
115 91
76 89
65 44
21 9
1 32
31 46
118 100
49 86
73 6
89 94
65 118
2 82
90 98
74 117
103 64
28 97
27 95
58 91
18 78
91 19
101 1
56 91
100 104
56 45
101 17
10 45
14 3
118 95
93 64
91 75
119 110
51 25
85 100
107 102
49 77
120 30
69 47
120 41
22 47
85 2
63 94
38 69
88 28
43 60
91 6
14 89
115 57
106 79
36 92
53 85
41 44
106 109
91 105
29 112
23 113
106 86
78 23
34 46
50 68
105 12
73 119
93 68
47 78
18 82
41 62
38 81
106 23
62 68
119 90
59 22
75 44
99 24
59 4
69 100
71 46
112 16
36 76
75 82
33 84
35 65
26 73
18 11
87 79
78 40
8 91
114 44
61 18
102 64
78 73
6 115
64 13
30 19
87 103
43 51
18 100
76 82
117 78
40 75
27 117
114 34
79 100
69 19
109 50
82 66
115 80
61 58
92 82
69 59
57 103
101 74
82 48
27 78
5 66
24 31
55 10
56 13
109 5
24 97
46 105
34 40
56 94
90 20
48 38
70 104
12 50
49 94
97 75
43 101
12 59
3 58
68 58
63 56
54 86
24 100
62 57
11 118
23 100
17 62
9 86
45 21
7 85
106 95
31 28
67 42
78 69
92 25
118 34
72 52
119 95
23 60
24 33
49 46
5 57
99 13
14 15
33 20
99 18
114 9
38 52
42 107
120 13
12 110
38 75
33 36
42 55
88 65
79 16
102 83
73 80
96 86
94 120
98 64
10 91
72 39
23 105
25 14
110 28
115 27
103 27
55 24
73 22
80 32
37 53
106 101
12 73
67 97
65 44
40 74
6 103
104 20
79 8
26 68
36 20
95 10
39 29
25 111
42 104
14 70
36 120
51 39
64 109
15 8
24 46
73 21
20 56
41 98
64 58
46 91
69 12
92 107
32 116
98 73
99 111
22 6
102 64
44 38
52 50
45 75
87 118
96 98
45 8
75 108
57 112
70 5
115 33
112 26
28 89
90 118
71 104
3 45
47 38
82 91
79 118
37 45
107 4
22 32
11 89
11 67
80 73
72 67
105 55
92 13
23 54
2 85
29 5
1 67
34 74
37 113
72 66
29 50
69 51
81 72
19 92
18 90
36 81
36 20
7 120
32 29
45 26
106 73
22 106
19 55
60 48
47 3
113 68
52 61
118 5
12 8
88 22
89 3
94 117
22 101
108 46
1 32
71 106
104 92
84 114
18 15
41 57
9 25
4 60
86 1
56 89
120 23
110 80
25 84
76 39
56 63
84 56
94 26
34 69
117 109
55 6
3 87
62 3
112 65
62 77
57 110
45 48
12 27
8 29
102 83
67 37
18 30
84 103
55 109
52 43
97 98
40 91
64 102
93 55
46 27
3 95
16 48
22 27
66 29
55 47
104 1
75 1
22 38
103 68
27 26
102 115
3 22
86 59
3 58
113 40
84 116
6 99
35 28
118 100
48 44
18 31
37 92
23 58
1 6
118 19
23 91
14 18
112 99
76 106
36 60
18 112
55 23
82 81
50 71
60 90
115 69
120 31
40 15
80 33
12 69
51 34
40 64
43 31
42 118
9 70
58 26
53 104
48 14
65 90
85 116
59 71
65 50
101 96
64 52
8 75
1 51
101 40
114 23
62 28
21 62
97 70
87 29
53 7
34 109
88 110
105 26
60 41
67 32
16 11
84 16
77 76
66 57
107 59
80 48
86 92
110 54
41 68
74 85
74 100
74 41
89 58
58 29
98 5
52 105
7 15
120 83
82 65
20 68
116 99
108 73
70 89
119 102
36 64
66 102
43 19
14 12
68 64
32 45
60 83
30 66
90 21
28 51
78 39
111 73
9 98
17 70
66 7
51 93
71 117
66 113
7 72
116 75
15 27
119 74
102 20
11 63
33 30
113 110
69 95
54 77
72 70
19 9
69 94
19 65
31 11
72 102
7 18
108 25
16 61
118 28
63 60
60 93
45 49
33 19
94 101
83 43
119 83
103 68
48 1
4 79
4 67
60 2
84 48
26 92
100 24
111 43
75 50
7 119
90 39
18 63
19 92
97 18
54 80
85 102
72 80
60 75
27 111
76 102
30 94
73 2
109 63
44 63
104 50
62 65
80 71
119 98
42 88
115 87
39 71
60 110
31 111
65 49
102 12
30 3
105 95
4 93
37 39
36 13
88 89
77 39
31 68
17 64
35 3
30 73
66 90
62 88
72 118
16 53
10 45
48 106
11 51
79 48
90 106
52 49
66 120
88 96
67 96
39 93
98 60
45 43
21 99
10 93
88 17
17 89
54 64
75 64
107 25
103 68
10 34
116 67
34 75
42 92
50 72
65 20
3 101
54 24
71 64
108 39
72 4
119 5
60 73
69 46
97 51
113 98
77 100
44 102
47 85
65 96
28 9
107 31
102 41
46 52
96 33
82 47
36 81
52 95
25 112
12 2
42 116
91 110
88 15
91 14
91 36
109 119
36 88
21 17
8 66
61 103
98 14
21 13
86 72
100 103
63 103
96 97
99 66
78 66
80 49
79 51
76 59
49 103
26 69
112 25
6 52
119 103
57 20
115 15
83 86
117 18
69 92
106 39
37 63
96 117
111 46
39 58
104 79
41 2
19 32
18 24
75 17
6 3
28 112
17 110
78 5
119 18
96 104
48 5
47 23
113 29
68 31
87 43
109 119
36 7
30 54
30 96
62 35
98 89
18 107
70 95
111 69
104 87
52 23
91 90
45 83
119 104
105 77
27 93
75 54
91 96
107 120
71 40
26 48
120 43
26 70
10 17
10 105
103 53
8 65
23 44
19 13
28 3
89 46
87 43
99 57
18 86
48 88
117 73
7 117
107 33
58 108
49 67
93 23
111 92
79 13
15 97
25 42
91 105
87 57
27 66
113 44
23 40
3 19
104 2
7 90
26 64
78 66
10 42
88 1
13 38
5 27
14 22
61 96
6 19
32 25
76 16
68 90
55 63
109 38
64 107
119 89
51 68
34 60
101 113
52 113
30 49
12 35
62 64
2 59
82 33
83 38
48 23
7 94
85 107
3 20
94 1
100 24
61 5
75 41
117 119
26 18
39 29
44 100
92 45
38 53
69 1
82 116
23 81
81 99
67 83
118 32
75 97
47 7
93 114
48 89
112 65
98 30
93 13
1 56
57 30
100 117
22 62
104 44
22 64
14 80
18 3
104 92
91 30
99 63
23 18
31 6
82 120
27 46
12 27
101 60
49 80
56 70
13 31
114 26
94 119
106 111
2 81
75 92
110 53
35 5
70 57
10 23
57 37
68 60
55 48
112 103
119 47
45 12
78 38
37 43
28 14
26 29
94 100
113 76
32 27
80 93
83 81
107 11
109 54
63 36
93 54
10 83
92 54
94 41
83 3
84 111
8 109
11 94
88 3
