120
22 35
113 64
44 107
107 69
34 39
47 93
52 51
57 52
103 52
115 29
113 1
17 51
32 17
33 106
5 37
110 26
63 94
89 107
80 67
47 105
105 85
77 36
16 14
79 110
57 65
18 50
65 35
100 97
43 4
74 39
32 55
64 95
28 24
73 100
90 119
84 66
76 41
93 83
46 44
72 102
108 89
23 53
115 29
30 118
94 60
30 28
4 116
55 19
68 34
101 58
118 46
13 30
11 95
75 54
38 48
41 119
71 93
105 65
113 14
54 86
66 83
113 69
70 48
79 17
73 59
67 70
97 79
99 107
46 45
40 83
93 80
81 43
45 66
99 37
71 24
115 16
99 76
48 18
35 65
91 85
3 32
61 81
11 39
118 47
78 81
19 30
33 53
66 98
23 94
41 47
88 48
25 67
4 72
84 30
8 46
106 10
78 39
83 80
77 80
6 35
32 17
56 65
61 1
34 84
94 74
2 54
2 26
112 117
89 67
18 89
113 3
90 70
41 44
21 118
4 26
24 27
34 71
91 95
71 5
58 36
70 59
81 63
76 72
59 36
19 76
116 11
71 86
72 111
1 92
100 116
109 3
23 73
113 117
15 109
54 43
51 104
3 113
51 75
44 78
93 111
74 95
61 39
38 52
31 9
31 27
117 26
49 19
90 33
7 105
22 52
27 64
35 21
56 77
95 91
35 59
82 108
25 22
18 62
65 48
70 88
74 59
113 2
69 82
27 76
58 40
7 76
103 34
97 30
110 71
1 24
2 74
3 18
87 20
80 32
60 21
111 5
71 103
119 20
56 25
95 114
64 93
69 46
6 45
75 108
108 67
3 101
20 6
118 99
17 69
10 76
90 120
73 40
94 71
59 21
95 25
14 38
118 75
83 115
111 29
102 98
88 105
70 99
102 68
77 118
8 78
66 97
69 18
9 42
88 59
63 54
84 68
91 73
14 45
59 5
65 41
94 32
17 44
3 118
103 79
115 110
37 52
79 105
61 87
19 20
25 73
73 100
20 43
52 34
79 103
30 16
23 3
47 31
38 49
28 20
120 14
2 36
58 80
12 118
46 30
18 62
102 90
42 2
5 85
27 83
67 56
98 81
58 17
111 96
57 10
107 48
16 108
83 73
59 95
70 96
4 87
38 98
49 79
99 53
35 117
7 102
44 97
54 101
105 37
68 33
46 47
81 61
26 43
13 85
9 75
60 5
41 97
102 89
47 72
13 82
60 20
55 103
116 108
75 92
24 23
4 70
61 84
2 86
119 7
50 7
81 110
3 1
78 104
82 5
47 94
78 106
105 12
88 92
119 35
63 15
57 67
76 109
22 69
74 20
75 116
19 35
105 21
28 54
117 109
50 43
74 7
21 59
10 100
22 1
14 85
15 62
23 82
50 44
30 116
64 105
111 82
19 87
94 38
20 90
26 62
5 92
68 25
22 70
116 43
70 10
119 84
63 21
37 105
65 66
100 120
50 90
73 61
56 46
98 67
8 116
8 12
79 68
28 100
17 15
22 78
16 21
41 79
33 69
63 97
14 34
88 56
115 32
116 42
70 85
108 77
72 108
80 30
47 99
9 55
113 23
12 9
43 44
79 75
112 13
44 5
46 3
52 32
35 47
73 104
4 60
52 67
39 11
97 77
101 97
11 93
119 14
93 33
57 43
100 40
55 15
45 92
17 96
3 43
15 75
18 10
7 69
76 37
71 44
106 51
21 108
16 19
2 100
52 58
23 90
69 37
14 41
45 101
35 88
107 102
97 108
100 38
56 8
108 99
113 31
119 101
38 10
102 17
61 31
31 75
120 100
111 5
12 35
98 46
114 76
19 91
64 110
8 119
118 107
97 102
9 88
82 46
97 55
55 29
78 85
103 69
56 93
66 67
119 35
105 113
110 3
83 45
105 82
43 102
68 12
83 77
91 37
114 67
83 40
87 32
117 69
93 52
33 38
119 23
72 103
15 53
97 89
98 81
50 12
54 110
15 9
58 105
37 43
43 119
83 9
23 79
77 115
2 101
24 120
4 95
94 10
27 63
91 116
15 20
8 61
1 22
69 58
7 105
101 41
95 55
50 109
13 118
103 14
99 6
6 94
92 91
103 111
25 73
106 40
85 105
100 77
7 40
7 5
24 107
45 110
33 86
99 37
84 73
42 62
79 47
27 42
10 1
32 34
66 10
65 22
114 44
98 120
75 104
116 90
82 41
80 114
6 50
30 81
2 72
14 72
110 40
114 111
41 17
25 106
26 89
7 20
5 96
11 71
72 7
41 33
39 112
19 36
41 40
117 34
103 10
98 93
50 83
83 82
99 59
117 60
57 16
56 24
26 6
95 32
46 8
62 37
18 98
69 57
94 103
40 103
80 4
24 34
86 97
12 57
35 8
116 83
15 51
107 41
48 81
64 94
80 6
10 97
103 79
34 68
53 65
50 4
68 66
37 25
42 40
81 69
40 68
23 54
110 9
86 38
90 30
11 41
27 12
18 1
82 43
68 14
107 109
9 54
54 45
78 88
77 31
28 116
98 50
49 88
51 15
5 12
44 7
52 62
18 69
62 92
111 9
105 89
109 106
22 35
30 100
2 106
2 21
101 99
62 22
58 112
36 62
3 71
60 55
12 78
115 65
49 98
65 25
66 53
10 88
87 32
59 80
9 60
100 102
30 42
3 88
33 30
21 36
100 81
82 103
38 76
39 78
45 103
94 111
35 96
78 2
7 8
81 7
59 53
108 88
94 110
55 118
19 68
25 110
28 106
84 57
54 2
6 98
104 99
88 19
74 37
12 72
36 92
79 86
16 58
54 109
40 100
107 50
47 3
40 74
109 115
2 34
117 7
3 92
106 83
102 51
111 113
115 27
77 65
112 92
2 37
73 33
9 51
83 55
53 114
1 33
108 2
66 96
9 69
68 106
31 49
28 21
34 22
39 110
78 23
73 80
59 25
112 67
75 66
114 8
59 106
40 47
99 106
14 107
46 81
84 68
2 112
80 35
13 119
16 91
13 88
42 71
113 25
10 59
91 115
66 21
100 98
59 78
75 73
57 120
25 20
67 18
11 18
52 16
16 59
98 28
19 91
3 35
92 61
117 86
119 18
57 96
76 14
50 28
62 41
53 82
99 62
84 116
106 91
4 44
68 23
62 78
113 56
113 76
117 109
41 107
6 89
82 103
3 101
36 43
25 109
21 87
73 8
72 43
11 107
103 34
49 60
18 96
52 94
92 33
6 78
38 95
31 111
69 33
84 104
67 108
85 79
74 37
87 17
71 97
4 53
2 44
105 12
19 36
97 103
60 102
52 90
68 83
80 8
107 35
104 54
23 68
12 88
96 98
97 46
67 100
91 60
23 75
71 33
102 47
15 42
21 67
11 80
21 82
88 7
117 63
52 11
10 64
90 105
33 66
22 91
45 104
31 59
58 93
92 32
12 98
65 24
44 75
103 56
28 62
63 16
116 106
18 5
49 108
101 74
53 115
36 90
98 66
28 31
111 59
42 89
3 65
4 69
39 60
88 93
114 96
88 99
113 85
20 100
65 85
33 51
120 2
29 58
21 56
88 12
106 1
92 100
57 87
48 95
26 7
67 11
102 27
102 95
111 1
74 55
85 98
106 84
91 6
13 104
53 100
107 38
100 78
17 36
44 56
3 62
62 69
72 36
87 53
10 77
45 75
4 1
45 109
77 15
106 89
118 38
69 104
67 40
53 75
76 89
10 70
30 63
10 93
90 97
18 91
53 62
46 56
63 90
36 19
96 21
107 86
50 47
61 116
87 114
62 34
82 63
103 118
104 75
87 80
92 58
13 26
95 60
80 64
96 90
31 108
68 108
38 115
49 25
73 34
87 98
107 29
80 89
26 63
35 105
15 7
42 27
24 16
86 103
71 53
64 93
41 11
81 70
5 9
94 69
42 52
46 20
73 117
108 90
52 22
74 66
20 115
84 43
2 41
17 72
94 80
45 6
83 5
75 79
5 40
28 38
92 73
57 36
70 44
5 113
57 79
58 77
65 21
111 67
53 120
10 26
71 46
23 33
50 97
112 46
17 11
75 100
75 11
15 24
46 11
8 103
81 65
51 26
77 33
84 2
32 85
27 103
11 50
7 52
18 110
98 26
120 52
5 75
55 11
90 92
14 98
74 94
34 116
111 103
29 66
104 52
31 2
26 41
43 33
84 61
14 61
78 6
105 75
80 31
85 41
2 98
10 68
64 36
63 54
18 83
120 113
15 22
106 32
54 29
56 17
81 70
70 38
67 54
112 18
84 69
58 85
38 60
24 101
95 87
27 104
41 18
88 47
39 73
79 92
101 6
108 53
67 57
83 13
102 74
30 57
14 88
14 52
19 37
24 105
115 50
80 36
67 47
74 105
111 32
68 84
30 56
16 96
104 98
109 86
44 18
22 57
97 35
100 115
64 4
99 58
53 50
85 112
96 39
96 79
62 44
42 91
91 57
67 74
27 55
31 70
64 45
118 41
71 98
27 14
101 118
72 25
47 36
16 15
66 104
93 8
19 14
98 109
62 36
54 88
82 85
37 26
1 27
66 71
4 92
85 96
81 28
120 8
55 8
22 1
111 114
8 9
7 97
117 68
13 42
28 94
118 56
119 118
82 56
69 85
20 25
52 100
52 99
106 59
120 98
41 105
105 49
111 82
45 51
86 78
70 59
76 5
50 73
87 97
21 43
116 37
95 88
88 18
66 68
58 43
108 42
20 28
25 93
64 67
58 21
16 108
96 20
37 49
98 14
61 21
1 98
107 80
57 116
26 2
55 83
37 34
4 48
61 28
20 4
94 77
24 101
56 112
1 93
32 98
98 92
110 90
61 88
50 118
83 67
111 9
21 19
42 24
66 94
44 85
97 9
33 113
110 89
96 102
53 7
79 22
90 61
111 31
28 32
20 103
98 2
111 118
21 33
14 78
6 49
35 95
49 67
79 38
27 54
19 71
60 90
92 29
30 75
51 57
106 62
39 76
64 22
65 76
46 70
33 43
110 67
17 39
6 95
76 32
20 87
103 79
56 66
100 77
20 30
13 118
92 44
65 27
57 1
102 71
6 24
60 65
33 90
70 119
46 93
19 4
67 89
59 13
68 15
24 90
19 13
53 54
77 79
102 70
52 83
20 49
107 71
113 11
41 54
9 78
19 27
81 77
116 11
89 55
17 105
24 27
117 76
73 66
26 54
15 77
17 26
118 115
88 102
5 120
36 5
69 46
32 21
2 19
31 83
65 39
67 89
66 55
36 10
112 54
63 118
2 71
23 119
57 103
101 53
94 8
58 43
53 81
63 54
91 86
16 35
4 74
115 61
1 31
70 112
84 13
110 85
75 4
76 12
98 56
64 72
63 113
106 107
73 40
40 35
5 48
70 1
113 64
61 113
86 3
97 41
7 78
118 81
73 84
51 120
28 114
54 12
91 40
85 10
79 119
7 118
60 119
111 116
51 103
73 53
71 114
59 28
103 12
101 47
95 31
38 114
16 91
6 106
10 82
107 80
72 105
78 12
103 60
119 34
42 71
78 113
56 17
12 38
28 112
76 114
22 113
108 29
83 113
14 84
74 113
44 17
97 113
28 72
52 26
97 85
89 54
69 24
62 81
54 81
72 9
75 86
2 62
114 76
46 120
40 111
112 75
7 80
67 27
31 118
44 7
74 12
53 23
36 114
103 89
75 54
89 29
19 82
82 13
30 119
4 61
109 115
15 107
66 73
13 97
62 49
95 15
60 27
37 87
13 11
47 87
65 16
107 75
89 60
79 118
58 82
58 38
68 64
24 14
16 29
102 77
77 76
84 8
95 120
95 107
11 13
73 67
28 51
21 109
110 92
106 39
53 44
76 1
107 91
6 115
119 107
71 67
54 26
67 28
18 33
6 28
45 70
86 65
120 98
53 101
69 38
19 114
73 86
106 52
57 111
46 47
97 108
106 22
14 52
50 31
84 55
50 120
117 15
64 116
104 116
89 53
26 107
46 98
65 23
29 113
13 74
39 101
62 16
2 67
59 43
97 22
90 26
22 86
32 77
73 15
73 41
59 98
28 96
67 84
118 88
76 10
41 114
102 94
2 104
40 60
18 8
74 107
33 87
72 56
43 17
71 107
57 1
76 97
23 39
94 110
114 96
22 100
77 108
101 52
19 32
70 27
105 56
51 71
120 107
114 16
49 92
72 49
48 20
17 70
58 111
51 52
78 64
23 34
51 3
86 62
34 35
88 11
82 10
81 73
108 66
88 36
38 32
77 51
93 26
100 75
68 23
32 11
45 66
62 39
23 3
65 49
82 75
10 83
27 75
71 85
42 98
2 65
46 78
107 19
95 79
85 42
101 117
44 26
54 105
56 76
99 120
116 52
74 117
7 101
71 77
65 105
46 58
49 92
7 28
102 93
106 66
6 78
54 49
95 107
26 31
54 116
30 49
48 104
46 54
76 108
2 12
92 39
61 13
10 67
40 103
31 17
41 36
94 84
69 81
101 99
14 97
120 55
16 95
92 61
50 79
62 53
51 92
113 63
94 51
94 76
81 102
116 108
75 90
64 15
42 44
105 47
20 105
93 35
79 64
95 1
23 28
53 65
120 38
119 93
88 92
48 41
73 36
28 19
117 91
26 38
15 2
76 26
106 49
61 57
112 27
49 6
55 93
62 54
10 60
18 90
23 57
10 95
92 29
106 80
112 3
109 118
4 65
23 102
113 75
30 96
102 78
102 36
42 43
81 52
95 98
13 117
34 14
84 118
42 61
77 33
63 66
22 66
2 45
47 114
111 76
81 92
25 54
7 67
97 79
110 63
56 2
59 82
15 22
79 56
82 27
81 16
84 94
82 85
10 120
70 1
76 31
92 84
91 38
52 49
27 114
97 28
45 58
42 58
8 90
12 26
42 27
110 15
108 66
25 100
16 25
55 38
108 26
1 78
56 45
119 82
30 95
102 74
32 15
4 31
104 15
56 17
41 45
24 21
103 48
112 118
64 38
35 51
63 27
1 110
63 119
64 93
93 45
38 116
59 41
26 35
47 73
43 80
118 66
92 113
83 89
48 120
115 91
54 13
91 44
76 81
107 40
45 23
77 32
81 110
57 107
28 1
30 107
110 95
70 81
80 32
49 119
23 35
89 77
48 51
112 115
3 90
34 39
112 102
70 64
83 118
51 111
119 72
89 108
38 39
69 109
62 109
100 85
24 60
41 63
103 24
57 105
113 90
24 104
71 93
39 26
91 81
16 81
32 96
68 62
14 16
42 76
117 21
40 20
81 72
82 63
87 18
39 79
99 62
54 41
27 84
66 109
45 73
69 68
49 8
9 62
16 51
9 12
63 40
31 23
111 104
77 69
113 116
27 91
57 72
3 75
36 69
63 80
13 3
19 61
11 28
115 26
70 3
37 12
43 59
27 25
42 103
94 26
90 112
116 27
56 110
93 83
58 36
34 63
30 52
3 40
79 117
65 20
112 93
24 34
31 42
50 64
24 15
89 106
7 76
4 54
66 96
16 115
3 49
57 33
92 60
72 51
48 9
62 39
101 85
64 12
6 114
75 22
120 36
7 6
111 10
51 56
97 66
43 100
106 99
12 78
30 75
120 78
83 53
108 56
18 52
67 15
37 13
28 36
48 26
34 31
27 84
86 116
22 8
95 119
99 98
68 8
44 67
85 119
120 65
54 9
116 112
15 24
116 35
51 44
52 84
66 71
40 31
66 53
31 40
43 9
9 111
8 52
49 85
50 40
29 103
40 16
94 47
31 82
81 5
4 37
70 74
68 92
19 112
114 50
34 114
58 16
2 102
65 78
31 96
106 6
16 113
91 62
23 52
14 103
48 9
19 109
83 78
73 93
69 66
23 103
52 72
110 53
53 54
2 76
22 107
81 37
99 43
90 113
95 22
103 106
3 65
63 75
30 12
20 52
106 63
115 95
107 40
21 108
115 42
94 67
70 64
109 39
56 75
5 23
97 107
8 91
44 62
45 73
73 56
116 58
119 110
25 105
29 45
93 15
86 58
81 27
114 70
65 41
24 61
63 112
47 62
74 82
4 118
34 68
54 29
118 44
11 22
28 31
66 120
46 23
50 6
49 43
67 105
83 45
18 66
83 71
20 45
74 9
70 14
54 91
11 97
101 32
5 11
89 116
48 103
37 46
23 79
112 7
34 66
43 4
5 113
15 41
59 23
111 72
77 81
74 45
61 105
49 63
65 37
111 47
73 36
69 24
19 67
49 77
109 91
80 105
75 94
26 5
108 16
68 64
96 21
109 28
5 29
82 61
57 72
107 2
99 47
25 110
113 73
66 93
43 25
70 109
110 95
114 97
102 61
33 69
82 21
96 78
41 57
19 90
1 117
91 44
115 80
28 59
17 113
93 41
62 81
22 36
74 119
9 7
31 77
88 43
44 37
83 92
55 44
84 44
14 55
79 120
6 106
58 23
98 30
63 31
103 85
58 48
75 66
54 105
14 13
27 57
50 101
29 96
17 112
19 30
38 97
22 44
75 79
66 44
101 120
75 83
76 12
10 30
70 56
6 83
68 24
20 117
117 40
93 13
23 103
42 61
72 63
96 26
14 41
61 114
32 15
68 100
19 69
9 88
4 7
50 72
30 61
60 26
92 32
38 115
7 72
47 78
6 22
95 19
54 35
4 77
42 71
56 60
12 57
19 15
63 68
78 84
1 18
110 92
41 19
78 47
90 4
4 96
17 90
106 62
117 110
19 38
52 66
89 63
2 107
70 56
46 27
20 38
44 1
10 85
11 87
3 93
83 119
60 99
88 45
33 84
26 43
113 78
108 81
12 102
59 73
29 105
100 40
22 15
40 23
91 51
110 86
15 64
84 74
42 51
118 66
7 24
108 119
93 88
80 96
69 18
49 89
114 20
9 8
26 48
30 109
90 11
74 104
74 37
57 108
79 47
53 85
62 33
84 26
120 35
1 60
44 41
28 30
52 36
37 70
76 58
50 37
61 3
13 14
31 61
113 101
107 38
66 40
70 21
65 69
47 58
120 90
90 27
119 14
55 27
75 10
77 4
46 17
118 50
22 20
111 7
120 89
44 65
9 113
77 65
53 3
2 52
93 84
70 83
97 4
102 51
5 50
46 43
66 43
92 79
62 82
85 61
43 8
118 43
112 74
107 36
77 101
87 41
64 29
115 32
32 88
74 37
17 119
79 74
33 42
33 86
116 109
26 38
109 15
80 100
81 58
16 29
38 94
61 101
2 55
4 26
15 77
54 31
75 4
97 107
45 9
72 40
109 90
69 97
96 20
69 56
78 76
84 115
49 16
88 43
71 91
60 77
40 113
99 114
116 75
93 32
75 36
64 117
12 40
85 24
100 20
101 55
96 87
104 111
46 18
53 9
77 9
48 61
100 33
48 54
117 79
9 25
22 72
21 26
103 97
49 83
117 21
9 84
107 112
66 25
1 119
33 77
119 80
9 98
104 56
24 101
15 32
5 28
95 17
45 69
114 93
23 102
105 32
57 84
15 2
108 16
112 20
84 103
91 85
72 74
20 95
46 34
118 50
54 92
59 98
33 44
63 55
17 47
78 73
10 93
74 109
100 58
8 55
40 90
19 111
44 39
78 81
64 75
3 109
47 61
87 71
96 21
5 112
67 75
64 69
39 9
57 10
66 57
64 97
18 75
80 53
105 37
14 40
111 16
29 68
115 99
43 15
104 34
73 50
89 13
88 97
62 97
35 110
32 3
7 106
82 60
82 118
73 2
109 80
30 17
27 16
116 69
22 91
94 86
20 54
99 107
22 32
75 56
21 106
59 19
84 12
78 45
10 22
46 118
101 67
6 119
74 1
59 95
83 32
53 102
85 31
80 107
54 34
34 66
12 84
84 95
96 42
19 105
55 57
94 28
3 99
26 77
92 85
43 54
108 95
28 73
117 99
51 42
5 76
107 16
40 71
102 7
104 112
103 38
48 76
65 43
46 83
111 9
47 25
55 34
120 82
98 108
52 20
30 56
96 16
63 7
86 36
13 69
28 115
99 67
70 35
101 107
117 91
116 35
116 50
61 107
3 30
94 46
50 115
94 17
3 28
23 88
64 35
29 83
29 119
29 90
33 10
68 22
92 55
56 79
104 108
65 98
18 31
16 59
17 109
75 19
16 97
107 71
3 7
33 23
5 54
104 29
63 51
50 26
106 98
105 81
85 41
51 102
71 66
40 88
54 106
106 61
82 84
12 76
82 36
98 78
89 81
107 23
12 36
49 109
13 25
69 90
65 111
71 16
56 103
95 101
88 72
34 42
36 37
117 109
72 87
67 33
47 53
55 50
80 95
30 85
119 99
54 64
81 116
71 17
90 45
109 58
116 22
91 23
58 79
12 2
45 70
34 84
2 88
5 73
63 35
37 61
5 82
116 85
78 66
93 47
110 82
96 98
103 58
112 33
9 115
34 53
64 67
8 57
26 5
10 88
39 38
21 35
120 16
111 69
82 84
107 63
45 75
32 19
4 16
43 12
10 76
57 66
14 56
114 40
60 115
119 90
25 19
4 16
27 115
84 100
78 62
34 114
8 66
4 12
73 47
15 74
114 71
11 8
119 5
39 58
111 37
28 15
48 31
30 74
17 105
45 94
47 78
79 46
15 75
57 87
1 64
41 106
14 43
113 12
47 23
62 30
60 89
44 99
111 74
52 8
58 96
93 96
45 44
22 60
118 70
18 118
13 50
103 19
93 88
22 11
102 75
40 41
43 84
19 26
29 62
33 78
29 117
46 66
40 59
5 37
120 14
26 13
56 1
23 28
80 36
30 61
111 70
94 25
25 112
50 45
46 74
2 66
71 39
11 102
97 7
19 97
21 36
101 76
36 3
95 107
30 4
48 20
65 21
37 89
4 86
5 41
32 7
107 102
37 117
83 14
116 93
110 16
1 82
83 28
76 57
15 105
52 62
117 74
33 77
69 110
82 110
21 80
96 114
116 84
69 1
79 41
102 86
33 63
48 61
18 96
75 3
20 8
111 8
73 23
84 21
4 37
10 25
108 97
18 96
53 86
96 11
119 70
89 23
12 8
83 22
104 29
16 115
28 6
2 100
20 85
1 23
114 2
47 93
91 57
68 23
14 36
25 4
105 113
27 108
1 109
9 96
18 24
90 45
29 91
17 48
47 9
63 32
10 101
5 92
37 64
114 43
99 11
46 75
3 72
63 115
61 71
82 70
95 51
106 115
13 2
35 52
10 97
83 12
77 79
103 106
23 89
20 113
99 65
68 93
17 2
88 69
72 49
10 38
92 115
25 96
109 59
27 110
27 102
1 95
60 96
72 74
64 91
67 42
36 14
14 44
15 93
112 78
14 113
108 97
107 4
72 87
54 91
77 80
64 77
46 115
44 118
69 107
88 15
20 115
28 34
30 34
118 13
103 11
5 82
107 104
85 51
70 18
13 26
89 76
95 15
70 18
4 18
5 83
24 78
43 49
99 76
47 112
51 49
116 4
28 99
89 78
41 98
82 66
59 29
40 65
90 50
68 100
46 30
3 61
99 46
110 78
113 28
61 35
68 48
39 95
27 119
44 67
96 5
4 26
33 36
90 115
77 29
94 2
59 88
62 29
13 43
98 118
62 38
32 10
86 70
104 68
28 42
36 24
37 61
49 72
23 43
28 51
16 21
101 103
83 10
108 117
99 105
59 17
16 68
94 86
51 69
25 70
110 60
94 18
1 22
90 23
64 109
73 71
10 54
45 84
55 32
80 33
8 10
41 16
77 14
93 8
74 117
69 55
57 42
73 49
63 42
63 6
22 7
68 23
52 113
98 106
16 58
11 24
67 51
31 16
57 3
15 10
111 83
65 47
5 9
87 67
50 29
65 63
36 12
78 87
4 55
65 12
112 75
27 51
117 57
66 53
51 72
55 41
34 111
80 38
119 46
97 40
75 41
94 102
44 51
68 40
106 4
51 89
78 77
19 75
13 76
119 63
27 45
103 53
35 54
90 25
100 58
56 46
90 30
19 14
80 78
53 65
82 95
26 39
51 44
105 55
112 104
109 10
28 83
62 55
17 24
71 116
73 7
33 43
36 51
48 107
8 92
44 89
66 69
120 108
104 42
95 87
30 97
107 104
30 41
120 45
111 107
118 109
19 32
24 61
71 3
61 42
46 29
99 114
28 78
97 4
119 64
90 20
40 76
3 61
108 115
106 91
101 95
79 112
118 95
52 68
97 112
101 22
13 79
7 32
36 103
35 26
38 117
37 69
64 31
10 52
25 107
14 6
73 92
117 70
58 40
9 34
32 109
47 44
59 53
67 86
28 102
103 65
98 19
14 41
49 15
84 66
1 97
63 65
61 59
6 118
90 14
32 1
114 70
36 52
115 103
9 22
76 111
78 53
9 83
93 49
97 57
114 89
25 48
33 85
98 38
83 68
43 106
60 36
55 96
87 49
70 95
62 25
85 20
77 85
94 41
6 71
89 119
31 114
39 64
78 16
93 32
83 16
17 23
51 64
110 10
104 59
96 38
75 53
49 31
9 22
63 14
92 24
5 3
17 43
58 86
58 22
118 21
37 6
35 80
61 24
81 45
74 48
82 28
100 2
50 101
23 112
114 107
15 118
101 23
32 38
101 90
51 98
102 88
95 16
39 36
31 111
72 104
38 25
11 10
26 60
110 40
43 95
26 58
93 6
72 116
35 52
85 86
21 58
45 116
65 83
23 95
73 86
78 102
102 88
111 119
19 92
38 62
67 64
111 31
61 62
26 96
114 111
53 14
40 97
1 105
51 23
79 115
100 37
96 81
116 79
79 7
50 117
68 116
52 58
26 104
111 52
79 104
34 3
118 73
99 118
57 29
13 8
15 104
36 111
65 23
69 15
29 118
3 88
106 54
17 11
38 8
54 108
111 79
111 100
32 81
90 80
102 94
79 116
77 114
98 21
17 46
28 37
36 30
117 21
76 13
23 113
12 77
92 115
27 74
94 50
35 55
2 16
28 80
3 105
74 101
117 82
26 16
110 53
46 106
65 1
111 88
105 2
36 76
116 62
30 82
104 64
16 105
71 36
64 73
12 9
53 120
82 71
16 72
115 61
49 60
61 39
19 37
41 54
112 28
107 13
109 90
68 117
66 18
32 10
83 35
18 15
34 92
77 49
43 72
101 91
3 33
2 21
69 42
66 61
61 44
65 50
6 13
38 71
30 69
80 104
103 90
111 8
61 67
49 95
10 29
57 12
62 58
24 2
91 89
54 32
5 119
73 10
11 110
80 32
58 32
16 32
1 6
39 53
64 79
27 74
108 83
77 41
13 101
42 103
61 96
14 65
94 86
74 104
75 26
7 4
57 22
27 49
19 58
93 83
16 119
36 3
73 112
35 85
84 77
60 25
52 73
89 17
31 35
112 97
60 118
93 108
12 119
28 30
56 120
112 64
110 27
58 62
11 93
19 86
49 78
110 92
22 71
108 44
97 91
21 28
88 105
15 99
103 42
1 31
41 112
94 30
11 31
83 21
115 93
98 43
42 88
6 64
30 113
99 6
75 111
33 43
95 39
13 78
72 13
100 104
117 65
5 7
95 87
19 90
52 116
4 93
75 10
28 104
114 7
101 61
117 5
103 92
35 107
41 106
112 20
89 108
84 85
114 50
44 4
11 95
119 7
67 74
8 95
49 1
93 22
61 89
26 35
52 53
14 92
38 117
103 119
104 66
75 89
108 118
92 118
92 82
116 31
35 3
5 76
116 97
97 56
57 114
83 109
46 88
80 76
84 63
66 59
120 20
19 107
18 110
97 101
71 92
11 98
95 7
45 90
103 21
17 32
6 91
20 44
50 91
119 13
25 56
63 25
67 81
3 84
62 91
57 5
55 67
102 21
74 18
102 48
38 118
79 43
81 90
86 10
53 76
15 77
3 69
93 70
30 88
25 91
58 81
95 112
28 68
4 93
85 105
12 114
95 83
29 55
52 106
56 104
62 53
64 11
25 5
40 112
30 2
42 110
97 25
9 44
29 101
1 13
113 114
107 75
22 33
118 8
81 94
61 14
26 116
24 50
1 55
34 30
57 75
19 25
99 28
60 7
120 60
12 104
46 118
50 67
23 48
66 103
13 6
116 38
2 12
79 2
58 112
23 106
58 41
10 37
60 62
35 60
113 46
35 38
44 85
97 58
4 42
32 16
48 19
45 41
30 3
42 80
107 64
65 44
96 67
72 36
8 107
87 120
32 1
30 67
77 6
4 80
47 35
95 86
54 19
6 75
14 39
34 112
94 99
35 70
45 107
97 44
85 55
35 116
47 64
63 4
69 66
83 108
93 50
73 18
60 79
92 65
117 118
56 91
88 83
32 12
61 8
47 25
54 81
20 100
25 74
95 85
20 58
72 104
99 25
1 38
95 84
95 91
81 30
53 40
104 84
51 44
83 89
68 8
50 80
108 66
33 82
30 44
11 102
19 101
118 19
19 92
95 105
54 47
14 99
87 110
54 9
33 17
98 93
16 19
44 3
84 76
77 113
112 79
86 10
60 75
21 70
46 107
54 92
33 59
70 111
48 3
120 81
11 89
45 27
107 88
21 62
35 97
46 18
48 4
28 107
78 40
56 116
26 101
87 50
39 36
41 87
30 32
39 41
112 75
59 90
42 79
31 68
48 68
86 95
71 113
73 29
24 120
24 49
100 102
98 18
17 10
96 38
41 6
70 32
80 8
1 79
23 61
118 91
26 84
41 10
36 61
33 35
84 73
6 65
42 23
73 52
111 84
116 52
108 76
60 108
68 10
3 8
119 93
25 82
5 34
109 66
58 23
21 2
20 86
44 42
30 95
24 12
50 20
64 37
87 115
17 34
116 19
34 114
111 58
75 107
84 63
52 21
77 73
23 96
30 58
9 59
32 33
63 81
44 6
110 10
112 6
43 107
24 68
100 6
6 46
112 89
100 44
101 56
108 115
23 17
52 23
67 75
47 9
28 90
6 17
91 117
22 6
95 37
73 66
42 78
111 33
46 90
68 19
17 55
13 39
63 57
54 10
11 100
10 38
62 16
46 32
4 67
37 99
95 110
44 16
67 35
41 105
116 108
115 13
35 7
43 97
63 96
106 66
68 108
95 9
3 21
40 6
79 77
96 54
66 20
69 4
46 101
100 33
89 94
37 115
93 80
91 27
47 69
92 114
56 67
2 50
79 34
55 37
110 23
82 47
42 31
42 79
3 14
103 91
107 20
77 71
99 48
98 17
108 61
11 35
119 4
84 77
37 10
106 18
32 67
56 65
89 90
15 92
103 118
54 81
17 11
32 107
50 1
3 29
61 5
63 60
9 26
8 37
27 105
47 51
52 94
115 12
55 10
103 37
119 29
118 15
39 21
1 80
21 3
108 73
120 50
12 120
67 12
28 85
116 74
15 39
40 10
51 94
11 25
3 1
53 112
15 83
12 7
42 24
1 29
96 120
70 100
119 8
111 27
93 106
92 99
17 11
100 67
97 110
91 99
110 24
82 116
98 93
2 20
108 115
40 83
114 102
62 105
101 44
11 73
22 94
52 38
97 31
104 73
13 66
43 114
81 4
102 59
88 95
78 67
89 109
29 83
82 83
59 63
6 69
7 19
34 50
56 10
81 31
74 85
97 108
70 57
111 51
115 70
18 64
8 106
45 29
60 6
111 118
68 108
58 75
7 92
116 54
93 68
85 47
32 53
34 94
109 17
16 96
78 33
39 86
11 75
114 70
81 96
60 20
83 117
86 81
80 82
15 53
29 91
91 53
23 4
26 3
20 33
98 90
66 9
55 76
83 48
17 43
15 76
55 97
65 20
50 16
93 56
60 114
18 30
46 40
34 63
42 45
95 12
14 32
20 68
99 102
107 116
17 1
63 90
119 74
11 15
47 66
74 40
83 96
85 114
9 19
27 53
113 38
59 17
49 118
115 23
105 102
39 97
45 93
58 35
46 68
41 92
5 107
3 79
82 79
72 90
97 91
14 82
8 72
98 49
70 92
71 46
74 101
14 110
73 64
16 118
3 57
82 8
43 84
86 4
43 30
85 19
120 98
100 119
42 77
39 103
41 109
20 106
89 33
95 33
96 110
31 99
38 112
98 80
67 55
75 109
84 39
120 75
9 99
66 42
48 104
24 80
85 43
65 45
67 31
78 35
12 100
5 50
83 102
1 29
36 76
18 112
106 17
58 106
107 3
27 26
99 42
97 63
76 41
107 23
63 64
57 75
43 61
116 5
34 116
26 69
63 43
52 49
51 110
26 29
104 53
55 82
94 23
24 50
64 3
64 118
66 112
72 101
44 67
97 77
55 2
17 117
36 69
37 86
50 63
115 25
107 41
107 72
63 2
113 118
4 56
116 62
47 59
42 90
118 10
38 52
12 55
40 47
115 69
5 36
3 111
60 109
23 38
60 77
40 53
75 35
100 62
96 19
112 17
100 109
27 18
32 30
72 68
58 12
72 93
14 62
24 2
84 62
53 33
93 97
99 7
77 40
103 87
23 111
66 12
9 83
43 30
26 106
98 83
117 49
47 10
103 63
3 58
4 48
90 88
24 68
94 92
99 68
58 2
51 4
5 51
78 39
73 104
25 50
58 13
90 97
15 64
39 17
114 34
56 83
113 72
23 86
43 113
26 93
114 68
88 110
110 45
29 54
20 53
103 70
65 38
71 120
76 88
113 101
15 68
93 86
82 50
1 74
67 93
60 6
52 49
116 88
77 49
100 9
24 49
66 80
86 16
71 33
95 64
5 110
3 97
67 84
18 67
37 85
31 96
82 25
77 42
101 118
21 102
13 61
39 84
18 46
34 50
21 89
46 2
91 22
68 54
31 7
83 115
37 58
77 111
74 25
24 47
14 44
20 18
96 58
93 113
103 7
34 115
87 79
108 58
92 48
103 114
54 57
101 82
107 49
72 60
73 95
98 79
10 117
88 105
46 61
89 29
59 114
15 25
64 3
74 35
50 49
29 95
105 9
56 83
57 120
23 1
94 112
71 96
109 31
72 34
91 41
54 21
26 69
37 90
63 111
4 104
31 24
78 7
24 13
90 72
4 104
65 98
95 15
65 75
45 16
101 7
48 34
27 74
94 64
43 36
46 38
11 68
54 88
74 77
93 43
21 96
18 85
65 113
91 9
59 8
17 39
6 64
65 25
9 38
80 51
66 117
81 76
64 14
36 17
82 120
52 94
87 69
58 32
53 21
32 104
20 40
22 25
96 86
41 104
116 120
27 61
116 99
8 59
112 43
68 65
34 111
39 1
59 88
24 104
100 55
87 119
87 100
16 62
66 48
37 61
48 63
113 35
41 120
86 24
35 25
81 68
15 119
68 65
78 91
48 58
18 6
48 104
106 55
37 43
103 73
95 22
8 87
48 78
13 64
112 37
24 52
43 14
119 108
83 82
27 20
91 25
60 74
2 106
110 44
80 54
10 101
61 88
29 101
37 33
44 21
62 59
72 104
64 62
83 26
15 110
38 105
6 97
58 7
74 39
42 34
93 51
14 33
10 34
5 46
59 48
66 120
98 9
95 41
71 50
67 85
31 104
62 36
72 111
42 25
30 83
58 114
5 64
18 6
97 23
43 27
62 109
18 40
109 105
80 51
34 26
8 64
1 69
99 72
59 12
97 80
86 26
73 90
89 83
87 58
97 9
84 38
109 102
69 98
86 29
28 111
46 35
54 47
103 24
110 34
35 86
113 120
112 66
81 72
20 47
9 116
55 93
25 36
66 94
13 23
114 32
13 39
67 58
77 41
81 67
74 107
24 67
106 7
4 58
71 15
96 79
10 22
43 26
57 108
119 69
2 112
101 14
23 39
71 99
79 23
37 25
9 53
83 106
51 86
43 1
92 18
80 101
40 2
6 96
102 117
37 103
108 9
117 10
47 59
101 117
82 9
21 82
61 95
68 112
52 102
112 23
112 63
115 23
65 113
110 38
109 26
20 88
34 8
90 72
59 70
69 20
78 81
93 11
56 40
2 99
22 105
2 13
48 116
27 104
108 16
21 96
42 32
56 67
40 25
11 98
94 79
109 43
31 81
53 78
1 46
57 14
31 58
18 70
45 44
53 33
51 65
120 84
96 55
31 7
71 33
104 36
111 84
79 13
45 3
91 37
41 27
42 63
76 51
12 120
94 56
24 16
112 24
100 87
70 2
94 13
34 69
48 16
33 118
28 69
1 118
105 33
16 18
95 91
68 98
91 33
33 106
48 24
1 27
102 71
20 75
75 53
16 2
68 48
120 88
116 112
85 92
24 101
109 118
63 56
95 25
80 119
11 7
14 11
26 115
73 45
62 27
90 77
21 37
4 20
4 111
11 81
74 34
53 54
23 115
109 117
12 68
115 22
66 8
24 91
114 89
16 55
107 105
11 7
13 6
26 9
108 36
81 61
61 13
114 83
119 94
71 2
33 57
15 99
56 39
61 50
119 68
104 105
44 107
112 49
104 17
57 92
45 9
24 105
13 10
60 3
95 10
5 8
67 19
98 2
49 30
43 47
98 19
32 21
5 23
69 108
39 117
71 75
5 87
52 17
96 111
20 62
120 16
69 58
34 38
52 83
68 86
1 45
104 32
57 108
54 6
88 85
2 30
31 119
116 82
7 83
72 18
25 64
33 85
113 59
115 44
13 62
10 13
98 105
37 34
85 90
31 44
46 25
73 77
23 61
38 21
15 102
39 31
45 63
116 37
1 110
73 5
43 74
18 12
58 46
37 22
7 68
65 53
84 10
1 106
70 30
118 76
11 36
107 47
91 102
76 91
83 20
88 117
93 97
8 22
22 44
44 28
103 100
72 66
101 72
43 50
94 41
118 96
68 104
23 38
77 90
1 39
109 88
35 73
64 34
94 77
77 9
104 60
101 56
5 81
119 40
3 92
80 120
60 27
103 82
57 59
43 57
89 31
16 115
95 71
28 68
27 96
77 10
27 49
57 24
9 48
63 11
11 22
10 70
40 104
23 96
42 65
24 2
87 39
116 61
109 15
9 7
111 77
9 5
65 32
5 112
94 16
115 107
17 64
19 1
87 114
34 23
10 36
110 48
23 42
29 30
42 35
12 110
43 20
106 100
44 111
83 9
6 77
116 14
13 6
14 91
111 40
113 120
67 94
40 89
16 68
110 49
94 1
39 9
21 24
100 56
14 54
64 11
3 59
25 15
56 38
105 47
77 89
46 23
63 85
104 70
24 93
118 110
86 36
118 106
60 89
41 65
22 96
76 24
35 100
30 82
9 14
8 78
95 54
92 37
18 75
98 34
40 87
23 5
3 12
102 54
100 14
118 113
109 65
9 15
44 38
97 45
44 104
2 18
29 93
46 39
40 23
72 71
101 94
75 103
105 48
28 76
53 18
68 41
82 76
48 118
106 24
42 29
119 35
46 28
7 91
66 38
105 9
108 85
102 54
60 78
93 79
25 96
84 58
50 40
105 39
17 120
72 45
110 98
90 9
104 52
66 14
36 74
113 112
55 47
43 4
19 2
28 36
89 112
93 10
23 77
48 39
68 111
83 57
88 44
66 64
95 11
77 2
85 69
105 11
107 28
7 118
29 26
33 109
17 5
119 31
73 38
61 12
29 23
68 116
58 5
51 24
16 119
17 92
60 114
94 46
21 92
35 41
118 67
29 6
63 19
37 7
57 97
18 85
112 86
72 41
82 3
65 97
113 81
60 52
66 26
90 86
117 4
118 114
63 19
120 5
37 28
12 93
4 21
57 107
106 1
28 68
115 92
36 107
44 88
31 110
113 120
67 101
3 65
87 65
83 86
62 111
113 65
84 108
85 12
95 63
12 2
2 6
85 37
105 120
116 15
109 100
14 48
81 8
112 47
65 66
4 6
56 108
70 19
95 26
23 61
88 34
54 89
32 18
118 8
18 113
22 118
93 27
45 26
28 83
90 85
78 87
21 65
36 31
31 62
53 92
21 79
25 110
110 35
107 109
52 99
10 41
63 28
78 99
53 105
53 23
70 10
109 82
74 17
112 105
70 37
68 90
115 92
71 96
118 57
84 49
28 85
82 112
39 61
36 23
105 58
84 115
39 45
60 47
29 36
116 65
103 77
51 67
28 18
64 84
101 105
103 57
66 65
48 96
117 83
110 101
13 74
87 43
110 27
89 18
62 76
74 45
32 116
111 59
13 46
15 105
30 109
41 95
53 80
62 41
35 52
14 39
5 100
81 106
6 41
4 68
116 69
104 27
57 86
78 69
11 84
54 41
64 86
7 117
38 69
29 72
112 42
110 116
22 62
101 19
102 96
78 97
37 61
115 93
18 64
33 29
27 78
61 91
44 59
79 81
119 99
24 110
13 5
97 34
66 70
44 47
37 2
15 65
54 9
37 64
65 70
84 83
19 16
53 62
74 3
14 65
94 29
46 106
33 15
11 98
84 54
16 112
47 30
57 93
31 93
36 95
34 119
57 53
14 102
106 79
96 112
15 61
20 61
46 53
75 56
22 30
102 38
21 20
59 69
112 81
34 19
47 67
17 96
111 22
69 89
101 36
72 115
97 91
47 22
15 113
70 37
14 43
66 27
62 116
95 46
77 8
64 115
67 73
90 49
94 30
17 66
66 80
53 42
51 91
55 57
84 116
85 97
30 115
84 18
90 9
86 97
64 80
35 8
42 84
94 63
92 39
8 52
83 41
94 54
88 30
9 83
107 97
105 16
92 68
25 61
68 110
29 11
62 64
19 95
19 112
37 110
22 45
41 97
77 6
30 44
36 38
119 22
14 103
29 97
50 46
37 117
35 58
119 88
1 9
62 19
112 99
120 6
15 41
102 91
46 11
7 73
40 5
86 45
99 107
22 20
32 50
16 58
107 6
26 99
15 79
109 118
49 109
3 55
21 104
18 58
106 24
3 25
20 80
62 118
66 75
17 89
116 24
27 103
21 44
73 35
114 54
33 43
42 35
89 54
11 106
111 116
9 105
13 28
65 74
17 10
20 25
99 15
48 117
109 61
32 62
95 17
107 119
51 28
26 20
73 36
5 55
31 14
40 35
33 104
108 42
105 7
66 75
22 106
63 2
46 94
63 12
103 41
3 33
68 28
52 12
55 57
67 77
62 98
112 86
81 91
7 57
98 65
12 111
42 74
112 87
40 47
90 22
87 92
54 27
111 106
30 45
34 96
114 87
73 105
52 25
75 51
82 44
115 93
26 36
38 10
114 77
56 75
90 14
47 16
32 29
1 62
74 26
29 59
112 94
43 118
109 85
79 33
79 43
50 106
73 59
91 21
106 46
111 120
92 6
23 120
118 76
65 15
105 3
6 78
37 40
75 26
5 26
50 75
60 91
61 12
30 31
25 15
68 7
6 39
12 29
31 1
104 87
15 80
82 12
37 118
51 104
15 47
1 56
2 52
27 54
56 48
84 80
62 32
86 60
62 89
80 84
81 55
43 87
15 4
98 43
113 20
18 8
67 18
55 68
62 73
113 117
120 68
68 54
99 33
113 33
113 72
108 73
6 30
39 12
33 8
55 26
27 72
25 85
82 71
24 23
24 16
11 23
84 78
76 54
102 68
78 86
11 66
38 17
95 68
20 120
75 74
17 93
26 33
58 99
103 73
1 6
89 3
29 52
80 104
105 53
44 55
18 54
120 55
62 86
114 82
77 60
27 93
24 44
5 81
22 108
34 14
113 114
16 13
45 87
109 21
19 32
75 36
77 66
90 11
32 75
84 108
14 110
73 38
34 77
110 47
56 15
61 41
8 68
53 44
35 41
65 53
64 11
89 13
77 50
23 100
5 106
79 10
87 23
39 112
92 29
39 27
35 91
67 43
38 112
78 64
32 14
117 88
25 77
100 93
6 2
64 2
99 14
12 65
37 42
57 8
62 87
26 97
57 93
11 86
76 88
30 99
102 18
66 118
94 45
82 99
38 25
101 16
30 104
73 66
25 1
73 87
87 99
55 15
63 65
92 18
32 1
116 5
18 54
114 103
98 75
82 8
91 54
23 1
37 87
66 53
87 11
11 45
101 65
51 43
9 23
52 33
15 39
29 33
92 23
7 62
97 88
69 68
13 83
68 41
50 5
94 8
15 104
45 115
41 95
29 49
117 72
73 12
103 102
36 66
4 42
7 100
2 67
39 14
22 98
47 63
103 20
70 109
115 114
96 27
81 116
76 77
68 28
80 42
1 107
107 4
29 106
96 22
44 6
27 65
104 73
7 78
84 69
58 71
54 25
97 14
21 52
83 80
72 42
1 64
29 99
68 49
84 35
62 8
40 88
64 15
41 71
84 116
19 14
66 72
38 43
78 50
86 40
9 37
81 1
93 101
100 40
21 55
66 82
54 97
42 110
104 74
60 67
69 70
72 15
13 110
57 82
39 22
1 40
51 74
32 23
46 3
54 67
58 111
20 103
87 53
92 70
6 23
9 67
