120
67 45
89 108
27 53
44 118
60 21
67 39
80 10
107 75
27 29
9 73
36 22
61 68
75 34
117 106
58 62
44 94
30 31
112 83
74 110
22 86
56 52
46 7
53 24
81 80
52 81
32 79
102 84
19 48
118 15
33 47
76 68
21 97
98 12
59 43
113 73
8 40
116 45
46 49
60 118
120 104
78 31
62 51
106 80
98 95
86 2
14 33
69 26
10 46
29 68
80 22
12 80
61 8
4 107
48 56
104 47
39 54
69 100
104 54
52 82
21 17
83 34
50 32
59 69
87 118
29 100
2 108
41 9
103 19
56 38
114 94
76 47
42 48
31 87
99 112
107 74
12 36
105 62
86 54
21 76
74 120
77 61
32 85
43 50
12 81
44 97
28 90
18 75
112 96
45 103
75 32
57 86
67 33
20 25
78 40
100 31
39 56
91 63
12 6
112 15
78 27
111 105
109 8
52 100
95 96
75 49
7 3
15 66
35 34
90 105
65 61
7 95
116 98
37 119
95 21
13 52
39 3
36 27
2 87
119 96
55 73
17 61
75 23
118 101
48 79
77 112
19 84
86 6
53 115
4 27
15 8
78 53
2 105
72 3
72 62
91 118
6 107
58 80
1 48
52 48
6 9
39 25
84 4
22 16
110 18
42 4
25 119
49 27
103 112
21 46
53 103
35 50
81 85
1 81
12 52
8 17
52 46
33 15
42 55
22 31
64 63
27 88
53 67
106 28
50 119
65 102
101 100
31 62
64 23
14 75
74 22
83 118
59 116
4 92
42 26
115 105
88 13
64 13
79 50
40 8
48 104
101 20
83 3
73 26
25 87
92 90
100 55
87 30
50 91
2 83
108 59
67 120
2 79
78 43
118 77
82 102
57 94
56 51
46 74
75 4
45 36
103 99
3 13
20 85
6 102
72 105
32 10
104 26
89 53
68 86
9 22
59 57
115 107
107 40
60 53
44 104
88 18
83 82
22 102
38 19
76 109
3 107
111 106
12 79
38 72
36 38
85 87
86 79
73 64
110 4
116 25
107 76
35 61
37 56
43 75
75 110
55 77
88 45
55 92
115 84
43 31
114 119
117 79
77 61
23 58
64 10
75 42
85 109
103 114
44 17
68 110
6 114
59 93
31 113
56 25
68 98
47 61
88 35
12 44
95 34
94 30
43 48
72 120
36 54
113 71
70 52
61 67
37 119
31 67
103 87
84 42
56 2
95 24
37 106
59 3
11 32
33 45
71 96
44 106
21 28
57 90
79 109
28 108
99 58
46 81
24 9
114 72
11 88
95 39
73 33
41 83
57 65
8 7
40 43
113 60
71 41
21 48
8 119
98 54
71 113
54 64
64 56
32 38
94 96
63 15
51 119
71 58
5 103
92 109
42 21
55 63
41 94
62 31
63 107
93 56
41 37
119 96
60 29
70 27
91 76
77 89
18 6
85 120
98 74
34 11
94 80
73 7
53 7
29 116
113 2
43 25
38 33
1 89
61 62
115 23
9 64
103 26
69 68
18 46
13 51
57 98
10 1
96 54
119 5
41 112
6 83
16 35
116 8
115 48
61 109
63 69
52 37
87 113
96 104
30 108
26 86
78 35
79 53
88 77
57 9
60 54
83 68
88 70
67 82
118 8
63 52
68 106
88 34
90 64
9 120
43 34
85 112
60 35
45 28
104 93
28 35
27 102
94 106
52 41
60 41
48 114
92 115
91 51
21 61
106 21
60 21
55 16
12 114
43 56
13 26
21 32
52 39
14 26
16 57
66 67
97 105
60 91
23 102
111 83
88 12
14 100
58 29
111 43
71 39
56 88
51 79
20 89
84 45
96 20
110 43
108 94
94 47
56 116
29 39
70 108
42 83
79 99
112 69
21 54
99 68
22 29
19 33
109 102
77 85
2 58
7 109
23 92
28 78
88 48
116 29
27 37
112 105
7 95
45 20
20 24
79 41
44 97
65 33
79 21
117 72
78 115
52 100
86 71
50 45
118 45
74 24
74 65
8 80
31 53
91 50
68 50
83 111
26 27
23 96
48 11
39 117
117 91
89 75
41 18
119 31
54 72
54 7
8 54
79 30
98 49
80 45
98 34
27 116
60 42
91 99
44 10
88 41
92 56
115 4
65 113
34 110
57 80
117 56
13 67
78 102
107 37
18 85
62 44
72 1
77 34
92 1
43 51
41 6
106 27
10 42
11 35
31 67
114 19
115 118
77 72
91 64
100 108
20 41
24 91
33 100
4 116
92 39
46 12
44 23
30 45
64 41
72 87
99 65
97 93
55 54
36 25
117 15
13 16
47 28
106 80
7 101
67 91
19 113
102 55
15 12
91 71
44 42
29 22
107 5
115 33
58 22
57 54
37 61
61 83
88 38
34 87
19 101
57 29
85 30
83 91
33 54
33 76
95 61
98 73
58 84
105 107
105 34
33 13
94 93
88 62
11 1
28 21
93 76
49 105
12 20
18 57
52 85
23 105
62 96
34 17
72 20
2 105
52 14
79 17
101 12
19 94
31 39
58 106
87 107
82 98
6 91
26 49
56 49
25 109
24 58
6 87
70 119
72 113
4 22
9 105
33 19
70 55
57 7
40 24
105 113
113 110
84 19
31 19
67 47
7 82
97 12
48 46
10 111
30 14
12 39
110 36
57 51
90 106
49 1
9 34
114 1
15 77
11 37
95 77
84 93
38 60
97 78
97 98
68 6
103 72
36 92
107 85
14 69
70 55
69 78
88 54
70 94
10 81
11 96
29 86
69 67
17 45
16 113
14 83
118 117
26 34
80 13
118 94
73 67
28 21
16 107
75 85
72 76
37 74
44 66
39 104
4 55
20 19
47 33
93 37
29 119
70 109
3 67
82 75
5 101
87 20
79 33
96 30
109 5
104 32
70 14
15 65
69 26
83 107
58 47
23 87
45 92
75 47
30 28
1 26
8 88
37 78
120 5
107 100
9 90
3 70
104 9
14 44
34 88
22 92
14 45
58 51
8 4
97 30
31 90
55 30
49 84
107 40
88 85
12 96
55 14
45 30
15 58
65 48
17 86
11 30
2 60
80 2
63 49
31 85
18 77
106 58
40 84
89 7
49 100
102 95
106 18
4 120
75 60
39 91
25 50
113 19
101 72
20 36
112 50
120 9
118 98
58 38
61 27
44 109
118 18
83 103
35 78
102 17
13 64
34 54
56 44
34 120
63 69
111 104
61 112
101 38
49 18
90 67
54 79
65 63
33 47
97 103
21 78
111 33
22 24
86 77
59 111
68 1
52 59
96 112
50 77
21 98
86 110
37 11
60 101
73 93
27 50
75 39
119 65
63 12
81 20
81 11
11 28
4 62
86 99
45 15
47 65
105 13
54 21
15 106
113 88
78 11
9 24
50 119
80 112
11 32
4 91
43 14
118 46
67 76
24 111
90 63
55 66
75 100
78 81
85 70
48 34
81 48
49 2
47 1
113 49
32 116
19 66
1 8
103 67
83 119
49 53
61 103
110 7
75 68
87 31
9 7
65 89
54 105
90 92
105 75
20 17
62 30
74 55
38 57
113 120
55 42
44 115
16 26
1 90
93 87
1 93
85 57
62 19
33 23
102 18
89 114
26 23
23 99
77 52
27 69
52 81
102 87
67 118
112 67
87 76
26 79
49 110
7 102
120 40
116 102
49 85
87 74
99 101
44 47
33 71
107 76
23 89
42 90
86 34
28 44
109 53
115 29
35 113
10 34
24 6
7 72
82 93
17 60
66 53
106 98
3 84
53 17
52 94
106 17
119 6
53 100
58 47
8 92
39 18
118 63
15 4
6 96
89 23
27 34
75 4
11 69
87 55
77 19
20 55
27 19
60 71
110 117
117 81
28 6
78 82
20 81
79 115
41 101
21 74
47 24
84 107
103 10
64 1
30 110
19 40
49 90
29 45
78 25
117 105
23 74
58 42
27 17
29 67
109 49
13 28
65 88
6 47
98 69
39 7
58 57
46 98
18 74
15 96
90 11
72 112
77 10
34 95
18 62
33 118
102 45
25 38
13 31
76 110
91 114
116 21
43 33
118 60
106 12
27 67
15 99
59 91
100 84
57 109
17 89
106 118
14 3
28 26
25 103
7 115
89 2
7 11
34 117
62 11
120 89
77 14
67 7
96 46
90 32
26 98
1 11
88 14
13 115
31 29
97 37
16 65
30 22
67 55
18 9
65 10
89 13
23 35
12 119
72 101
22 97
79 22
99 46
27 104
32 57
12 120
85 27
65 114
41 3
40 50
3 96
59 91
101 82
5 112
72 68
84 93
36 42
107 15
79 13
110 102
62 1
102 18
20 38
4 60
40 43
109 43
19 40
13 119
113 10
110 56
69 73
28 105
107 6
111 57
11 100
31 72
92 12
81 111
49 84
42 80
7 23
2 17
62 7
7 54
8 108
109 68
52 8
44 30
14 26
79 16
117 109
79 89
120 39
71 40
3 113
119 1
15 113
9 76
111 15
1 110
2 109
49 45
108 93
75 113
118 33
8 115
13 86
75 4
5 25
43 119
17 33
119 23
17 7
98 119
13 90
108 6
78 37
50 58
1 116
50 110
20 50
96 32
15 50
35 11
67 69
1 83
102 119
98 110
117 75
109 1
37 88
6 114
116 48
43 116
35 93
106 55
14 73
86 28
3 113
31 69
61 31
23 34
22 112
24 10
67 12
11 95
99 8
88 95
55 3
82 90
87 59
16 100
12 101
119 6
85 29
66 26
52 80
59 65
72 74
74 10
77 84
104 56
84 63
22 10
65 103
99 31
34 106
10 45
87 9
50 43
29 107
68 72
66 119
16 17
64 90
26 21
45 1
76 8
64 89
18 8
63 108
31 96
94 40
20 52
40 61
94 61
47 34
12 105
24 20
1 87
109 19
107 25
11 54
25 74
22 34
74 77
21 104
52 106
15 64
29 55
4 115
107 43
28 110
19 43
9 11
9 109
29 108
6 32
33 30
105 47
63 58
3 75
33 54
53 48
117 81
94 113
67 80
27 86
61 45
8 70
55 9
50 76
116 55
107 28
84 91
74 18
21 76
85 53
2 17
100 110
89 65
102 36
24 120
113 85
44 1
26 91
9 75
46 116
2 32
23 77
114 89
95 6
36 51
59 37
67 30
19 27
95 120
54 110
112 47
66 35
47 83
5 47
30 42
42 31
65 56
107 59
16 73
56 52
3 106
80 61
16 98
80 102
90 13
83 81
51 21
107 89
103 104
15 12
25 48
34 90
96 21
20 103
85 75
34 80
61 106
12 68
75 91
41 36
96 3
116 26
23 95
115 118
78 1
9 94
41 43
55 8
55 66
110 11
13 16
90 73
1 102
12 67
64 44
103 39
46 90
57 61
64 51
58 13
43 58
107 75
92 41
82 18
107 72
29 119
87 118
63 79
91 66
17 35
109 119
65 26
89 1
78 24
43 7
37 78
57 23
32 28
55 114
46 33
57 74
23 63
77 93
34 22
109 60
2 100
4 20
60 117
97 83
39 96
119 116
32 13
28 59
60 13
96 84
69 49
107 83
104 55
55 17
69 35
68 70
14 63
81 73
59 58
28 98
33 26
85 64
31 104
114 90
116 90
45 64
10 31
26 113
78 72
1 26
99 68
87 112
3 48
57 61
97 84
38 9
101 115
64 11
98 49
92 94
18 9
29 20
39 47
4 108
118 5
13 96
64 100
80 66
19 8
7 115
83 36
115 63
22 50
66 120
98 29
93 108
37 1
119 68
39 2
55 37
6 68
4 62
39 75
119 49
74 117
43 36
25 29
99 46
78 36
45 47
64 9
34 101
2 32
40 26
94 76
23 33
72 84
63 18
75 111
92 71
33 7
95 61
97 13
10 12
57 76
66 82
48 59
114 87
98 19
52 46
41 85
109 117
19 6
71 10
97 13
34 104
100 87
80 112
96 84
40 24
31 97
106 78
35 99
36 13
109 79
50 21
43 38
9 54
43 71
63 12
84 88
115 55
54 66
38 22
21 77
45 51
54 30
120 80
120 27
84 100
106 13
1 28
42 1
73 85
72 15
96 27
103 82
81 28
19 118
49 32
66 94
82 111
3 82
71 115
108 26
94 93
31 86
113 72
87 65
28 38
72 115
56 46
68 8
73 79
117 2
110 62
95 71
53 89
24 115
83 4
12 49
88 42
14 72
106 100
17 13
9 80
120 56
5 67
63 77
25 59
70 14
1 44
77 45
5 100
31 79
95 34
7 63
76 13
14 53
112 22
65 113
101 56
48 97
3 103
46 19
41 115
25 33
31 101
69 35
72 91
105 47
5 104
101 72
116 114
4 99
16 60
91 108
116 11
85 110
113 10
8 25
116 24
58 26
116 6
52 60
89 37
106 93
20 78
44 7
71 39
105 78
98 68
66 85
78 22
74 62
23 74
86 18
89 23
44 85
21 95
24 109
3 1
73 22
78 116
20 28
26 5
98 3
72 43
88 21
64 33
82 86
98 47
103 67
70 18
31 82
113 46
70 115
46 22
9 3
9 28
22 34
24 111
28 95
33 107
115 88
12 76
45 109
3 28
55 64
37 77
25 29
2 86
16 47
99 16
41 99
35 55
4 59
45 31
25 78
18 12
37 29
79 82
9 73
101 64
16 17
20 32
38 22
117 45
60 87
60 101
65 94
27 68
24 71
91 49
20 100
52 49
120 10
10 8
83 110
71 98
118 83
2 35
96 110
79 27
77 10
119 13
96 25
73 119
88 43
39 107
22 90
27 21
92 36
28 54
17 91
23 15
45 24
49 12
14 120
38 82
1 37
94 96
61 38
87 28
80 117
7 93
87 33
113 50
61 13
103 77
95 5
91 11
29 12
22 34
3 51
107 3
87 80
99 20
118 65
39 69
61 37
42 19
62 26
68 2
30 42
78 4
47 41
6 67
52 19
92 54
70 78
56 36
29 26
55 18
90 94
87 23
10 120
33 71
25 93
64 55
14 50
52 54
48 118
97 66
89 22
15 38
69 43
67 95
97 84
56 62
42 78
64 41
103 6
58 75
70 104
88 83
25 20
16 72
9 104
18 90
5 24
7 73
66 73
47 35
29 103
96 70
52 31
111 34
37 48
108 98
31 68
60 55
79 67
119 87
50 8
56 46
31 55
118 89
7 37
3 35
19 90
97 62
1 87
96 29
6 75
6 28
14 57
74 92
3 72
51 44
79 98
89 102
32 86
70 31
2 64
57 12
33 74
25 111
41 45
116 107
50 15
113 106
89 84
100 32
6 23
111 104
111 84
7 69
33 37
62 96
86 74
120 118
19 17
101 51
61 88
29 111
103 21
88 71
97 68
102 90
84 77
73 47
84 21
71 112
74 38
77 27
38 67
37 46
39 87
106 6
116 88
108 8
56 50
104 115
24 86
84 99
42 28
26 117
40 88
109 114
6 57
12 35
115 49
80 33
7 65
39 114
33 18
2 80
68 105
74 83
62 29
61 104
57 78
92 88
46 80
73 43
9 85
77 3
5 28
28 3
92 66
117 116
75 110
67 14
86 20
96 28
49 37
3 97
106 94
64 31
46 17
73 54
93 21
48 97
48 75
91 12
12 87
119 87
68 66
100 34
85 76
61 5
104 63
101 89
36 37
112 81
45 64
6 17
77 54
105 116
8 75
7 12
34 118
98 101
63 77
6 19
24 58
24 7
120 4
88 28
32 79
100 76
14 106
92 90
31 68
86 30
23 84
41 48
81 18
20 23
87 26
42 110
83 65
109 75
60 76
102 84
34 73
39 47
50 3
17 72
70 94
102 84
57 14
11 18
32 31
32 110
48 73
99 10
9 87
84 61
42 57
24 75
2 54
2 51
56 10
115 118
103 96
81 31
109 84
48 12
106 80
1 33
24 92
42 25
58 118
77 92
46 100
46 47
25 39
90 81
40 84
78 14
51 30
45 31
113 92
43 98
43 35
10 59
6 44
75 64
33 31
35 70
2 72
109 26
103 78
106 14
33 55
28 75
85 72
105 69
35 19
47 70
54 48
8 59
83 74
114 107
104 20
57 105
84 45
10 58
114 108
71 18
42 98
84 118
41 68
67 68
79 105
17 12
24 16
62 107
89 56
85 64
75 21
48 30
57 49
87 42
36 38
59 70
7 22
59 40
82 5
107 40
101 115
43 5
2 104
103 82
39 67
25 106
80 64
15 8
112 94
50 20
11 108
81 9
2 19
48 83
16 26
114 116
12 36
112 13
19 94
86 50
33 110
27 104
53 41
111 37
14 40
56 16
20 16
17 21
26 56
95 41
82 80
37 85
115 28
98 5
114 55
54 18
45 72
1 89
113 103
117 118
23 52
6 34
59 22
46 85
77 20
117 30
99 33
115 85
53 84
81 38
18 15
55 54
78 55
23 70
29 19
60 51
63 57
76 113
78 1
69 26
12 66
56 110
90 50
66 14
5 27
51 22
33 105
76 110
31 90
52 60
100 103
102 42
39 58
27 108
58 87
13 70
24 60
51 114
109 7
113 15
50 7
39 26
82 28
57 51
71 108
22 53
89 56
83 18
82 70
68 48
83 17
72 22
59 57
3 47
55 107
53 104
113 83
10 66
103 58
108 53
45 10
98 5
65 60
23 18
10 90
65 92
98 8
105 28
56 107
75 111
86 119
86 78
82 87
16 64
16 3
108 60
4 85
57 68
17 79
85 26
40 22
109 17
21 93
36 69
72 102
51 29
101 16
98 54
95 113
109 110
108 88
42 111
45 98
51 61
48 15
78 87
28 66
95 41
30 10
109 93
112 39
1 84
54 99
9 20
91 109
10 70
76 43
61 120
20 111
52 67
117 9
25 17
74 111
57 96
112 45
68 103
83 69
58 8
39 58
28 1
46 29
71 2
71 11
113 82
113 45
20 109
53 44
117 119
26 53
94 17
97 41
112 59
101 49
59 11
107 78
12 24
98 82
25 48
84 10
1 76
54 20
56 98
55 53
96 80
105 69
96 74
102 87
4 74
8 62
85 106
19 96
9 116
49 26
35 12
35 27
79 80
46 6
57 92
50 25
51 27
85 19
100 66
105 103
12 104
37 88
89 47
55 90
35 103
115 61
106 21
88 64
92 5
61 20
97 111
44 19
17 9
37 116
66 14
90 77
117 118
44 78
45 98
39 79
72 25
11 57
45 98
112 8
95 53
27 71
35 71
81 51
71 118
38 16
3 119
93 119
117 8
68 41
98 106
111 49
10 113
98 46
91 89
53 57
13 72
7 47
22 87
89 84
76 118
99 78
117 63
69 105
71 8
25 40
106 7
88 115
111 57
33 81
18 77
9 30
28 7
69 41
86 29
4 41
27 103
111 15
37 51
119 107
58 15
18 43
13 106
30 3
34 62
76 51
10 84
81 38
91 21
70 56
49 74
88 67
48 78
73 84
8 71
63 66
77 80
100 89
57 9
92 91
62 47
21 72
2 93
101 92
113 50
19 34
3 107
92 42
64 45
6 72
107 68
9 64
27 100
32 84
109 115
54 42
33 66
105 35
39 85
118 23
7 17
48 1
3 20
43 58
56 48
1 42
107 1
97 5
101 1
88 81
115 13
114 20
71 99
46 109
55 43
3 61
51 62
45 70
96 103
117 23
95 30
