120
102 83
25 13
77 114
117 12
18 90
14 85
70 29
76 55
89 42
71 31
20 58
29 119
78 109
11 40
111 36
3 92
118 19
96 75
12 84
78 30
54 91
106 115
111 53
50 79
95 112
101 114
49 1
104 7
109 107
38 99
22 32
62 12
51 29
78 54
113 35
83 38
5 68
32 115
1 73
65 87
64 37
72 105
38 48
111 18
26 20
117 39
44 50
50 94
79 7
27 63
41 102
92 37
41 3
23 33
68 87
111 11
116 55
115 33
94 97
42 119
109 30
37 32
80 87
117 30
85 15
84 6
116 55
34 29
49 57
61 116
15 44
7 10
90 113
34 63
82 76
61 62
105 97
93 56
55 89
77 20
103 40
17 91
94 50
111 23
106 51
10 113
86 8
2 55
1 28
117 74
95 49
15 79
26 99
7 80
67 83
99 41
115 3
80 37
113 102
22 36
112 6
113 119
8 48
111 27
36 56
1 85
70 71
110 48
77 61
106 32
32 19
26 13
105 62
6 79
76 41
62 81
25 52
80 72
35 106
100 90
98 64
32 49
45 71
117 97
57 28
8 67
45 26
79 22
79 84
100 34
116 33
107 21
84 58
84 110
44 63
80 13
118 103
61 34
53 58
11 109
77 18
47 2
43 6
23 2
81 114
27 69
26 5
89 101
63 44
83 106
99 34
110 96
16 51
10 68
100 20
49 56
29 95
49 64
100 71
57 61
56 83
9 73
88 89
46 30
4 8
7 102
41 116
78 56
38 79
3 17
90 51
65 118
18 113
61 117
56 117
49 111
72 49
64 39
17 101
60 13
108 58
114 28
53 71
75 83
21 69
99 110
112 35
108 9
28 40
5 83
37 46
65 108
94 120
18 103
100 69
115 87
6 108
106 50
51 60
12 63
9 103
53 120
17 40
8 44
79 4
118 107
49 63
86 15
62 103
109 34
51 103
120 48
82 106
98 4
37 109
67 45
83 119
36 100
30 35
15 100
39 5
87 79
59 44
93 112
27 73
25 69
55 25
117 9
2 86
4 38
66 70
75 29
60 110
120 81
25 14
61 55
10 19
13 68
62 98
60 80
50 84
29 97
100 17
105 101
94 108
19 39
50 93
67 101
74 66
62 98
72 2
32 73
20 37
21 81
6 72
41 55
27 61
31 7
69 7
107 42
107 117
72 28
81 19
8 35
76 69
4 19
62 28
92 81
64 104
34 69
55 66
115 81
118 18
79 66
16 66
99 2
54 50
29 15
60 29
41 8
89 44
18 31
71 109
103 6
84 16
66 10
73 53
83 70
70 41
7 85
98 97
79 32
19 99
38 70
7 78
77 88
1 95
118 64
75 100
61 39
108 119
40 52
51 2
2 112
35 120
68 4
89 26
35 107
5 72
56 3
21 5
90 14
91 79
77 45
51 9
75 38
7 115
89 49
108 82
40 14
74 108
18 42
5 44
20 1
108 67
116 8
63 77
21 33
36 89
78 86
98 24
115 96
10 83
17 110
37 56
3 102
35 20
23 32
64 34
32 43
92 19
50 35
96 71
67 11
31 16
88 120
40 82
96 41
36 104
30 64
31 33
45 66
44 59
89 99
92 112
21 64
11 71
90 106
13 36
108 43
44 75
35 75
36 10
115 63
105 25
7 15
57 51
80 100
110 40
71 73
32 91
8 42
41 97
27 45
5 14
80 48
80 114
114 115
115 108
49 99
12 55
113 60
106 65
32 87
104 102
39 7
72 39
48 105
15 66
29 11
71 100
50 30
93 43
16 87
31 65
65 34
111 50
86 96
114 117
54 89
90 85
96 33
3 23
17 9
81 38
20 31
17 61
53 110
104 60
68 6
4 5
39 107
54 4
82 39
112 8
7 81
92 94
114 86
117 2
86 69
39 97
91 48
38 23
29 21
83 96
26 78
100 56
64 25
60 18
55 51
17 62
4 100
35 117
65 23
118 22
83 29
119 54
76 36
76 104
48 30
79 65
100 51
120 43
67 51
52 2
94 68
55 97
47 81
93 103
104 90
5 66
110 3
119 65
30 67
48 69
88 119
13 67
41 4
102 107
55 33
100 28
93 34
4 19
115 88
114 90
49 118
35 39
112 26
103 13
84 31
81 51
21 93
110 61
88 91
47 22
115 27
41 87
52 36
98 46
3 91
15 52
88 42
90 71
59 72
83 22
94 43
64 114
7 45
46 94
7 93
108 2
111 28
88 34
64 57
80 58
27 86
109 114
7 70
64 57
22 18
78 107
60 14
93 66
58 18
32 57
102 19
58 84
46 17
118 101
74 77
31 100
34 19
86 41
89 21
89 102
39 47
80 90
52 36
101 62
67 37
43 85
86 7
2 103
116 95
48 64
5 19
97 15
104 9
95 117
98 76
27 16
28 116
67 71
23 39
12 81
68 47
37 33
53 31
15 40
5 54
103 1
73 79
7 48
88 102
44 65
49 62
72 76
50 18
27 72
48 30
33 115
76 69
28 120
91 34
39 95
80 21
87 32
100 86
79 59
67 115
115 107
48 66
63 97
75 81
49 2
110 73
109 66
13 8
65 104
33 104
70 112
116 29
23 95
114 94
25 60
88 19
46 7
84 100
104 38
52 24
32 42
96 20
99 100
27 35
75 59
10 25
51 6
53 65
92 38
38 117
89 117
15 6
4 91
106 99
120 29
2 31
62 89
42 40
68 67
23 119
76 39
41 81
83 97
45 120
7 41
80 115
47 85
118 9
62 88
9 91
89 31
32 49
73 72
117 12
18 11
2 85
41 34
38 3
11 82
114 17
114 73
11 32
29 1
41 91
88 41
61 49
63 92
97 7
35 85
11 44
87 12
9 119
46 113
48 7
106 64
112 50
66 23
79 58
63 49
26 95
109 66
38 72
34 44
107 119
54 30
77 58
30 76
95 75
68 22
73 46
77 64
87 14
79 45
72 21
85 89
108 65
34 25
17 67
60 115
57 106
16 6
43 46
73 17
112 20
30 65
57 106
120 24
111 78
60 62
91 25
30 78
81 55
94 89
114 25
83 42
10 99
47 44
24 119
52 15
11 81
71 67
58 63
82 49
20 22
110 38
12 59
118 66
24 87
59 41
41 101
50 19
19 86
34 10
17 41
20 90
103 78
27 45
32 67
57 53
49 38
82 60
97 79
117 112
37 56
32 78
28 74
88 38
39 114
47 55
26 58
24 120
8 43
45 39
109 101
