120
50 78
27 38
77 53
7 53
21 56
85 69
56 16
62 15
7 31
116 53
34 19
17 88
6 73
34 49
23 88
43 65
37 61
102 114
113 100
38 13
36 2
73 83
17 6
97 23
37 84
68 62
102 84
21 107
36 54
36 50
13 70
114 49
10 88
34 114
67 71
118 102
73 71
57 81
76 33
96 104
109 35
45 90
118 57
69 25
110 96
74 2
37 68
43 46
35 76
39 101
27 28
75 91
98 11
43 46
35 10
21 23
44 58
105 33
114 45
57 96
20 11
89 56
70 11
93 104
87 3
76 105
30 75
120 32
109 37
59 119
57 81
42 114
57 75
100 101
3 75
112 13
35 39
74 46
11 57
4 5
13 100
35 34
54 26
58 34
62 116
32 110
68 74
96 5
20 75
97 22
21 89
27 55
7 100
92 10
37 95
6 41
74 32
66 119
57 3
33 110
110 56
100 58
9 75
62 20
21 38
42 41
118 60
87 117
39 59
118 67
25 3
99 35
45 89
91 39
113 73
29 49
52 86
49 6
19 69
18 56
102 58
46 41
24 42
79 74
39 18
99 41
116 77
67 32
37 30
71 30
102 91
70 33
48 118
30 66
58 47
113 39
96 38
71 119
79 22
73 117
39 51
30 34
119 96
66 27
5 8
48 106
90 117
18 17
107 39
82 44
85 66
75 60
104 25
51 62
38 115
51 76
37 80
102 27
55 39
53 52
46 101
37 15
97 47
23 75
85 96
119 42
41 65
93 24
81 15
78 119
9 8
74 37
79 47
63 5
85 116
56 10
88 93
16 56
11 30
11 95
5 1
8 46
65 101
61 25
115 18
23 116
17 89
32 95
15 87
100 74
35 101
41 119
109 88
9 18
98 96
23 98
103 60
34 75
120 59
62 18
73 49
34 33
72 1
48 38
100 19
111 6
111 23
5 99
111 5
109 88
100 11
58 75
62 83
21 61
13 82
78 86
10 104
118 74
104 37
111 75
47 102
80 30
4 76
120 114
81 108
74 52
110 3
118 51
77 19
112 90
100 61
55 102
36 44
55 19
73 37
85 119
10 45
20 14
120 20
119 72
7 64
116 109
58 113
39 15
11 22
104 103
75 30
76 110
65 2
1 17
38 85
8 48
1 27
53 113
46 43
64 45
99 51
33 36
44 63
42 46
77 25
28 31
46 95
12 111
96 4
7 6
81 6
45 81
33 89
65 70
11 1
114 109
51 18
17 94
73 58
12 29
75 31
51 120
6 54
102 93
58 109
98 10
114 14
90 18
102 35
88 105
27 73
93 77
91 109
43 35
39 54
63 113
84 105
112 89
38 94
62 87
74 31
96 59
37 58
77 18
84 36
2 110
108 87
66 70
67 108
104 105
33 38
97 117
22 81
77 52
46 10
18 111
33 114
49 69
43 117
78 6
24 80
115 12
38 52
73 104
32 49
89 64
86 57
52 100
9 31
54 18
48 44
42 33
85 110
75 73
68 80
97 19
66 100
56 118
52 31
29 100
111 84
58 48
16 37
56 24
67 102
33 106
25 75
19 101
56 93
54 3
53 22
21 110
1 68
107 44
99 7
16 89
91 73
8 98
101 64
1 39
45 25
24 61
91 42
34 27
15 79
21 59
100 42
40 92
101 27
15 71
25 30
40 107
94 39
84 74
102 76
104 18
101 8
71 49
104 89
55 62
110 105
33 23
25 4
3 43
18 66
59 40
97 46
5 15
9 71
117 85
54 6
57 61
76 119
102 51
80 36
104 69
13 16
91 37
19 85
71 29
30 9
60 6
54 64
13 55
14 1
11 60
6 59
120 74
57 101
116 8
9 100
76 21
115 38
49 6
115 119
26 16
7 85
14 53
20 26
107 26
26 109
85 23
47 76
88 95
57 84
103 65
63 50
77 49
88 5
46 74
3 63
89 1
27 102
53 39
119 31
56 16
11 20
39 57
95 6
24 23
89 118
79 23
47 27
64 6
31 101
79 25
44 48
26 62
21 70
100 12
101 35
27 103
46 57
32 13
63 55
27 23
52 98
38 90
4 101
96 35
81 54
59 116
93 76
58 106
26 29
117 118
64 15
100 101
72 11
105 14
57 4
28 100
101 65
70 104
37 45
10 110
90 61
105 63
16 42
40 33
71 28
30 6
42 2
98 113
4 75
118 53
78 26
32 50
82 93
33 111
9 35
100 99
95 76
33 102
110 64
15 52
91 36
49 12
29 18
5 33
92 114
77 41
11 100
90 93
73 3
83 73
29 54
43 3
1 75
104 110
10 110
41 100
26 81
112 54
99 108
78 62
93 34
103 104
14 72
76 78
66 30
30 94
75 73
88 75
19 72
65 29
53 97
8 78
58 111
4 28
90 81
89 63
107 71
46 112
15 113
69 80
22 90
46 96
42 13
50 53
76 106
81 9
83 80
78 12
71 81
39 40
42 7
102 28
70 19
19 84
11 79
35 24
48 80
119 82
93 41
14 40
26 94
48 100
45 6
103 115
78 21
27 119
20 120
18 81
19 28
44 21
98 78
45 18
30 43
99 114
75 112
33 93
77 73
72 1
70 47
108 27
67 6
18 78
5 27
38 15
47 73
36 24
23 80
41 52
114 11
45 61
2 77
33 70
21 96
71 90
22 50
117 81
55 6
38 51
32 68
66 78
20 93
94 42
44 6
85 29
17 9
89 10
78 113
80 98
89 22
60 102
71 56
62 117
61 92
47 84
31 104
34 42
76 7
84 111
4 40
20 49
108 30
118 101
101 95
61 2
34 42
72 81
96 68
13 59
106 97
89 90
2 10
45 8
85 36
3 5
47 15
45 34
44 42
6 16
8 66
17 34
108 88
114 75
27 119
13 12
87 93
101 88
94 18
87 51
45 89
55 91
103 91
116 18
12 2
33 11
67 49
44 46
8 30
112 26
28 116
38 114
80 10
81 54
19 47
104 55
7 30
25 110
112 13
119 115
14 32
5 72
72 49
110 80
78 93
105 97
89 14
90 48
24 42
93 34
80 68
89 86
89 105
67 80
117 66
74 2
89 79
66 40
119 47
111 68
19 88
44 99
101 13
19 116
46 111
30 5
51 118
82 19
102 21
99 91
86 44
92 46
114 37
77 112
75 68
59 94
35 102
64 7
106 82
3 31
65 24
27 115
21 101
5 114
1 95
76 78
19 48
3 12
76 79
116 31
18 54
116 52
28 59
51 13
13 53
36 77
76 54
63 88
34 67
73 26
42 29
103 52
68 97
55 23
48 50
45 65
96 40
109 3
99 39
7 111
83 34
59 30
88 1
109 113
59 61
19 92
81 113
15 28
90 70
51 9
111 95
65 86
7 45
80 97
75 79
79 37
112 17
58 79
9 46
72 67
107 82
31 67
74 45
87 35
114 17
35 97
103 100
54 101
24 6
77 99
84 35
7 75
43 65
34 51
110 97
110 88
50 20
27 3
64 113
30 50
1 64
18 103
43 71
76 59
76 32
29 39
59 27
114 93
83 19
24 73
107 5
32 36
16 58
30 71
50 51
120 42
115 17
25 29
80 92
87 35
3 107
66 53
14 51
26 88
69 41
40 47
45 64
74 52
1 103
2 43
26 114
84 20
2 100
48 81
71 7
108 66
105 53
118 110
103 23
78 43
63 109
81 99
52 34
30 45
8 24
79 33
9 34
52 10
6 92
83 68
90 62
13 74
114 3
56 88
17 13
2 80
1 82
50 45
115 72
89 114
87 39
27 95
72 70
104 77
41 58
25 10
119 29
76 104
31 11
71 48
23 64
119 15
25 40
51 11
111 19
5 69
49 31
43 1
100 19
69 13
76 85
14 75
106 89
58 16
91 1
55 113
56 45
120 81
85 50
91 67
61 87
16 109
117 58
101 89
76 42
101 24
6 114
98 111
75 27
119 45
19 45
30 67
90 21
27 46
70 109
104 2
76 111
103 64
41 83
32 116
4 11
2 110
100 104
64 119
94 100
9 19
9 75
100 29
101 17
91 82
112 92
29 103
74 84
23 29
108 10
24 111
21 17
92 120
1 35
118 86
7 96
15 81
67 36
54 83
6 7
75 89
27 57
43 110
79 63
97 80
86 88
100 103
59 100
95 86
89 60
92 87
36 98
40 102
13 85
57 10
91 3
91 117
51 13
106 1
67 83
80 32
42 60
6 92
31 100
49 111
32 20
78 59
110 109
32 114
73 88
116 35
82 86
23 12
90 120
12 36
74 84
59 115
23 65
79 45
36 7
27 67
19 96
5 8
84 37
1 28
116 108
62 78
73 76
81 42
76 93
77 29
56 16
16 70
72 94
106 107
92 12
46 110
108 50
109 63
78 102
91 66
89 24
15 42
100 95
83 55
59 32
75 106
47 90
47 118
55 32
96 19
36 21
8 23
63 109
85 12
90 55
77 50
71 83
91 50
58 46
104 108
77 50
94 115
20 104
66 44
79 84
79 92
84 101
34 72
57 45
33 104
114 82
54 76
53 103
5 90
78 113
46 7
78 40
18 89
23 84
12 93
39 90
64 2
62 97
65 111
14 97
86 119
51 19
66 95
113 71
64 62
55 109
60 12
20 78
100 34
33 112
118 63
73 62
57 7
30 1
117 35
90 82
33 20
92 99
106 84
41 49
17 95
29 76
106 40
25 77
73 49
60 70
104 13
3 40
19 25
32 7
59 113
88 84
12 51
62 117
6 94
37 22
68 65
89 45
104 106
113 48
26 53
110 9
65 112
48 75
16 72
81 67
64 40
30 68
90 83
56 95
56 93
108 115
29 76
31 13
61 23
52 79
75 41
87 11
25 7
77 32
78 29
98 21
68 7
88 29
81 24
3 8
108 110
2 16
58 24
20 110
47 72
68 113
104 27
116 8
33 72
40 110
101 9
2 40
8 82
69 88
97 63
96 84
45 89
91 102
113 111
83 31
54 23
15 37
49 10
45 81
74 76
62 46
84 55
85 83
8 25
51 104
88 18
59 12
106 30
105 98
12 59
120 65
81 15
101 1
24 17
81 89
84 14
14 40
69 99
2 76
3 52
52 82
69 102
85 55
3 61
24 14
120 24
78 72
30 51
73 53
59 25
22 23
39 27
62 99
5 63
46 120
115 89
81 55
71 38
101 73
98 117
79 89
12 28
33 41
78 105
85 9
9 98
31 39
5 92
9 26
47 120
12 15
73 67
85 110
39 30
79 35
108 40
46 15
72 86
85 48
43 93
56 20
115 87
24 86
87 25
103 13
24 115
28 88
53 104
77 91
5 28
118 112
67 43
119 10
1 83
57 43
47 104
62 41
70 78
118 37
102 100
49 117
86 68
85 18
52 33
109 56
60 106
40 118
20 30
7 12
104 55
46 30
39 108
62 108
57 59
16 38
30 57
34 116
116 118
5 47
31 113
95 82
90 6
72 102
35 78
105 18
13 31
39 43
10 100
22 66
30 38
103 59
86 8
46 81
118 51
120 28
35 86
101 117
91 52
90 5
2 74
14 6
104 52
48 113
31 69
58 52
98 32
102 55
40 28
16 37
70 15
56 104
92 28
92 62
80 61
58 73
7 63
78 110
114 117
95 16
57 24
67 35
56 48
81 87
67 96
115 16
102 42
112 73
69 83
6 20
16 55
92 22
117 41
3 110
29 89
117 86
113 63
112 40
103 72
118 49
40 112
57 21
25 48
86 93
2 91
113 9
26 76
22 14
109 17
4 17
105 120
102 97
55 93
8 29
37 5
69 76
116 117
88 20
44 53
105 38
16 89
38 33
36 52
46 24
68 41
41 52
33 22
21 87
107 28
107 15
33 55
90 20
52 57
32 87
102 8
116 117
96 26
21 11
77 66
27 24
99 67
67 11
80 79
89 58
107 75
72 11
1 41
22 44
90 45
3 71
52 110
59 19
15 71
22 91
8 48
106 53
116 65
11 76
3 109
30 66
111 23
107 13
58 68
49 60
10 101
42 68
119 56
18 12
19 17
59 116
3 44
48 110
101 51
66 95
31 95
40 22
109 18
26 47
85 74
98 94
54 11
33 45
59 42
56 77
59 107
64 61
22 104
50 2
34 107
88 64
74 8
77 62
25 102
100 102
56 70
75 101
80 100
17 18
21 73
86 79
51 30
11 72
5 53
66 38
39 33
93 112
40 50
46 57
23 25
30 70
86 104
51 38
75 67
55 96
11 13
46 61
34 57
5 38
101 70
67 19
102 39
3 14
80 48
62 95
64 91
44 22
66 94
59 21
33 105
108 43
117 33
96 22
81 100
59 61
41 117
72 14
28 74
27 107
113 80
81 48
50 117
69 116
90 7
8 114
112 115
29 100
27 116
2 100
87 52
40 7
49 111
20 76
64 39
54 48
118 7
96 40
3 44
35 84
43 34
70 34
28 98
5 46
93 6
25 59
50 57
57 90
47 76
