150
59 103
21 76
120 85
11 127
62 42
32 24
64 105
109 145
144 95
103 63
39 104
53 32
6 57
58 139
87 11
95 47
15 115
123 134
102 133
111 65
76 44
88 139
50 46
35 43
42 137
8 80
91 60
111 96
117 70
136 53
133 81
2 147
45 124
131 48
106 143
112 83
88 101
123 137
48 8
82 89
144 89
18 136
148 30
134 114
2 119
69 134
49 70
32 146
95 12
43 50
56 57
34 143
59 6
130 107
65 61
97 111
51 17
96 48
46 79
64 47
100 34
82 148
5 114
45 99
27 140
50 83
46 83
75 6
140 106
112 107
68 111
67 118
127 12
68 22
143 33
121 144
66 104
43 122
67 88
70 94
77 21
78 24
5 54
29 144
10 43
100 129
3 68
149 31
132 66
104 26
150 74
19 65
80 61
88 48
50 59
141 126
79 120
51 83
24 132
128 85
76 130
63 130
47 113
10 28
28 113
53 27
89 123
143 18
34 132
117 83
40 108
111 118
129 63
102 2
44 80
138 119
111 51
150 7
13 9
87 93
24 41
21 14
14 66
83 99
47 49
31 87
58 43
106 37
106 58
90 149
39 78
20 149
30 71
57 94
132 45
88 5
86 109
18 1
76 100
99 122
50 31
110 108
126 66
144 81
25 135
131 63
62 52
113 143
123 19
87 104
116 76
10 51
86 79
103 11
80 103
35 129
35 144
86 10
111 131
90 135
116 123
47 79
24 61
72 48
80 60
53 45
37 62
147 123
140 1
35 121
103 69
100 39
115 87
49 127
68 40
112 85
12 60
13 36
121 136
135 102
97 38
48 36
99 44
8 141
96 94
111 100
65 60
138 29
147 36
57 116
76 18
50 139
78 114
24 100
2 9
51 150
46 98
87 46
43 146
36 40
90 49
139 4
108 126
84 6
64 140
23 139
60 124
127 39
140 53
138 43
113 90
42 60
89 31
105 131
26 43
20 115
91 60
20 100
35 5
8 98
47 30
138 106
56 17
46 45
121 33
87 83
24 30
44 112
60 148
144 86
92 65
102 84
124 24
86 60
80 145
8 126
24 47
133 79
63 28
25 33
112 111
17 37
141 60
148 102
110 43
37 103
107 41
89 132
116 24
42 45
18 101
73 93
147 107
74 112
135 98
46 148
59 63
35 101
24 84
52 133
127 141
138 135
83 76
117 48
99 8
92 18
10 66
110 6
23 85
19 59
33 65
56 143
29 142
145 52
128 98
87 6
88 126
140 20
51 8
67 51
67 61
68 76
126 79
82 148
66 2
56 150
66 14
44 146
57 38
100 34
135 36
39 125
63 29
144 113
88 113
65 5
23 34
80 50
112 63
100 79
65 57
78 32
122 121
28 29
60 127
62 45
64 3
19 126
83 64
140 20
26 54
24 100
87 104
52 100
68 1
29 132
109 8
14 81
31 93
109 90
121 72
36 34
74 106
61 58
20 102
78 97
5 101
99 143
106 150
144 24
52 74
57 62
82 122
142 112
64 2
103 34
74 139
119 49
94 81
107 15
32 34
112 88
36 112
80 44
111 74
119 64
49 25
125 130
147 19
143 112
20 96
48 93
136 16
44 79
149 150
146 30
85 107
118 22
120 99
65 132
74 33
45 123
110 71
102 8
89 147
119 11
144 16
5 129
84 48
57 82
99 104
13 33
112 130
107 81
79 21
62 2
106 26
117 79
30 124
69 26
92 79
19 10
84 147
145 131
105 128
80 59
140 14
20 22
120 101
2 43
64 55
148 20
81 114
150 110
139 68
135 132
147 55
141 132
51 37
112 57
66 93
115 108
107 37
129 128
39 130
20 102
86 69
23 16
84 74
27 72
142 11
54 40
117 96
21 17
35 132
126 100
127 142
57 135
28 87
112 118
118 34
122 54
4 144
121 88
68 148
61 111
60 114
150 27
112 20
95 146
53 70
147 29
62 106
65 141
42 79
11 62
112 132
115 27
85 104
146 134
15 106
44 128
105 70
141 26
14 136
131 136
35 61
47 140
126 89
31 54
99 92
67 80
108 83
107 95
37 4
78 51
110 121
80 116
92 71
142 8
108 24
143 142
84 39
131 59
29 64
14 128
57 132
109 15
65 117
109 101
121 88
53 80
111 132
97 52
104 140
59 62
13 51
105 97
141 138
57 20
51 123
49 107
104 59
23 18
26 131
20 146
121 72
127 81
106 73
34 59
115 93
22 127
45 29
73 88
16 32
9 66
4 57
74 9
115 97
27 42
129 98
89 99
72 65
29 27
40 63
137 4
57 61
32 101
89 7
90 104
38 98
71 93
4 144
101 21
90 29
114 69
127 53
69 48
19 98
126 110
62 14
15 118
74 47
120 64
53 60
17 90
59 139
32 115
133 132
135 124
11 150
94 39
52 13
138 71
12 113
30 73
126 45
92 102
91 113
15 143
74 84
134 133
72 67
97 106
48 133
132 110
132 75
50 34
139 37
6 150
51 87
124 27
131 65
128 123
80 44
17 3
127 150
37 49
66 133
56 16
17 37
27 51
14 77
136 2
15 141
54 66
77 27
144 110
144 121
82 73
66 99
127 43
150 14
143 118
48 35
65 137
61 17
150 39
2 53
106 44
106 21
120 35
14 131
28 36
63 2
101 63
128 143
114 141
37 81
39 137
115 5
123 78
21 24
18 74
76 123
117 84
143 138
118 58
119 145
93 83
48 96
47 25
140 10
68 27
143 8
13 9
64 135
138 84
60 6
59 135
128 25
68 23
12 35
80 130
81 23
114 30
20 10
107 9
72 24
35 116
83 99
124 146
135 112
131 44
117 39
29 146
115 148
18 126
85 98
8 67
22 23
97 41
85 53
49 6
128 136
121 112
84 146
9 121
107 41
14 125
131 94
23 95
92 40
122 78
39 31
144 60
54 142
2 138
96 51
45 125
88 15
86 73
62 146
43 71
36 57
45 68
52 67
12 143
9 36
122 47
66 116
107 119
9 108
106 105
60 150
131 49
66 67
122 128
114 14
48 52
122 144
119 24
113 131
68 121
16 40
69 81
57 77
102 65
87 109
71 146
11 52
97 76
20 68
105 133
133 54
34 105
100 3
30 114
35 149
136 102
38 54
84 146
131 35
61 67
46 33
114 56
84 60
33 5
29 40
40 12
93 73
18 94
127 99
57 63
97 42
66 37
148 150
32 128
86 92
96 131
125 111
36 110
73 121
115 101
10 56
14 102
30 83
98 7
83 4
121 30
98 37
66 95
88 97
124 23
91 69
56 117
81 143
128 3
113 144
6 122
49 71
126 79
56 73
137 138
128 107
17 75
45 134
19 132
81 142
57 73
112 39
43 104
16 97
67 10
4 38
58 75
65 136
130 137
24 117
17 131
36 91
77 19
110 59
1 3
115 73
17 128
111 81
29 57
147 38
113 87
147 37
53 35
68 92
58 86
108 90
121 48
17 42
59 127
42 114
143 115
130 120
75 90
102 103
48 1
42 10
87 91
98 139
125 67
132 84
3 89
76 25
137 92
66 97
120 108
60 14
72 91
35 48
82 136
53 130
136 94
41 124
86 41
15 112
107 146
46 11
137 121
36 123
114 101
121 135
58 83
148 31
23 84
79 105
121 131
84 9
126 26
34 62
66 48
23 75
96 120
85 82
90 120
106 105
123 76
89 82
8 138
113 83
123 93
37 94
125 22
4 100
47 37
63 15
85 138
89 82
107 75
13 99
97 20
105 69
147 44
150 5
83 14
87 108
106 25
51 80
46 54
82 144
142 46
60 128
33 148
59 140
125 123
140 71
142 94
139 39
40 45
122 54
33 79
61 57
31 43
4 136
26 147
127 71
57 105
104 106
65 145
80 90
134 150
81 129
40 121
18 80
67 41
35 1
21 147
57 103
91 112
88 116
109 116
37 67
122 42
74 89
88 56
28 123
107 10
101 147
131 20
128 99
60 64
100 132
60 58
84 1
20 73
18 30
91 106
148 114
147 71
52 84
126 79
56 83
89 59
131 121
78 108
121 40
73 70
21 132
30 7
34 49
131 52
130 71
59 127
87 56
99 138
41 127
119 149
111 57
57 91
79 36
100 49
75 22
21 148
55 50
56 89
150 36
42 129
9 100
105 95
57 105
134 98
81 102
148 41
8 54
131 138
141 132
89 66
3 109
115 110
60 20
48 59
107 141
89 17
90 95
111 49
49 95
146 130
46 143
72 106
98 105
145 88
86 83
55 141
93 71
100 2
142 49
112 99
39 50
115 30
144 128
78 43
124 125
74 71
19 145
78 18
99 73
8 35
57 62
77 150
35 26
1 26
126 113
124 14
12 141
95 58
20 23
100 45
147 23
115 68
17 95
85 18
69 92
52 125
56 30
124 90
107 125
115 82
139 141
147 52
33 91
109 52
15 110
96 64
34 112
131 51
108 65
120 26
59 73
1 114
102 124
53 58
150 69
41 40
59 37
92 91
29 102
44 62
41 9
95 55
139 47
12 105
68 38
13 140
90 28
91 63
80 50
115 149
90 4
57 126
147 50
57 1
93 100
114 134
108 110
38 148
7 101
4 126
138 17
116 77
44 56
42 26
8 6
76 97
61 132
125 110
83 31
110 78
32 125
61 41
84 150
90 142
100 93
118 140
109 83
118 55
40 9
132 47
66 57
46 29
90 72
138 23
102 149
100 35
123 62
127 56
113 66
48 62
8 67
103 19
149 71
125 38
131 106
137 99
12 32
127 101
103 16
25 106
66 26
42 38
87 18
145 101
135 94
65 142
10 17
62 60
139 36
98 120
43 136
120 106
69 96
109 21
13 133
28 78
9 69
17 147
138 63
98 122
7 12
15 68
80 77
128 69
14 127
90 57
14 59
64 82
56 22
102 68
5 31
47 65
1 63
113 40
125 112
11 33
25 77
101 105
3 130
75 69
8 14
27 21
124 90
102 81
112 105
50 18
135 96
82 37
8 96
76 34
110 138
119 134
64 121
88 67
100 64
37 9
129 63
29 102
2 32
84 113
136 133
130 22
78 113
58 137
111 35
21 70
22 41
53 85
11 43
53 110
106 89
118 85
53 48
88 55
79 22
69 116
4 49
137 134
63 96
120 23
130 42
92 53
82 47
137 92
89 92
103 96
82 122
82 135
19 20
91 149
93 9
114 148
109 100
131 22
97 3
96 76
96 38
30 28
84 17
21 74
10 124
19 91
95 3
127 16
74 67
66 16
76 30
65 34
31 98
55 128
100 1
105 97
90 135
124 75
53 145
50 62
20 120
54 16
122 31
83 45
97 149
60 74
28 27
108 58
124 64
87 125
116 42
71 55
78 97
31 32
143 80
145 12
50 48
27 21
130 12
66 129
10 27
52 37
105 61
146 130
125 83
6 90
26 77
47 5
75 129
36 67
59 30
130 10
129 58
82 11
69 49
139 78
128 92
16 82
3 12
62 29
146 67
20 73
45 118
129 119
97 14
87 57
95 66
118 125
26 49
135 94
98 25
22 127
19 37
58 73
100 21
101 147
140 22
69 34
140 47
55 138
112 43
96 108
11 63
83 36
111 119
129 110
46 52
138 64
141 46
38 142
118 138
139 107
61 57
43 102
6 97
141 117
139 86
127 51
148 111
86 11
79 117
22 26
70 10
89 112
107 126
104 74
15 92
31 128
50 73
131 107
71 122
126 111
57 102
12 55
62 149
117 42
115 138
68 35
147 58
48 5
86 1
79 2
144 11
129 44
135 110
150 55
81 125
67 137
128 78
93 39
77 59
81 93
99 148
29 147
55 77
2 140
77 80
142 123
142 22
16 126
131 67
82 113
94 148
2 71
128 146
12 106
107 92
48 55
141 129
51 45
55 104
87 33
33 130
5 76
1 72
51 34
139 132
146 134
32 49
106 9
45 117
114 1
58 63
107 48
41 59
145 95
13 133
30 97
112 34
23 112
8 125
47 146
9 95
31 40
143 136
100 89
5 63
141 62
27 149
12 68
58 64
70 40
145 16
1 29
90 14
36 65
61 83
73 57
15 14
101 150
113 40
4 77
82 118
103 81
31 72
138 88
38 109
127 32
124 29
112 116
94 147
30 56
131 4
112 145
17 63
47 31
4 102
107 85
121 111
15 53
85 54
140 122
12 18
3 38
98 115
3 42
13 84
149 46
139 111
40 57
75 138
87 78
142 95
64 14
107 131
67 41
34 108
12 46
126 15
135 125
31 137
68 43
122 67
88 110
27 30
16 3
69 4
132 112
98 45
126 54
77 94
95 111
51 8
58 78
74 42
53 104
80 120
49 51
88 38
62 114
119 129
18 90
132 149
51 131
96 78
86 22
21 30
132 124
90 91
51 13
132 5
19 113
27 119
65 114
58 126
130 27
104 147
18 137
146 68
117 143
48 53
14 68
134 146
93 125
86 144
138 120
50 58
82 76
26 147
92 135
24 123
11 30
119 80
16 148
35 8
97 139
22 66
24 69
9 149
56 54
38 25
103 147
9 81
74 57
74 58
80 46
121 109
14 50
27 82
99 113
141 45
101 64
111 26
132 119
24 38
22 113
114 26
109 122
8 32
28 81
90 10
126 60
118 42
11 46
25 110
8 15
4 10
79 114
36 112
82 111
149 5
126 15
31 84
38 90
18 66
21 9
127 48
68 146
89 130
42 15
89 101
30 93
111 10
108 48
121 40
60 120
96 35
36 28
21 73
118 38
40 46
16 87
15 12
78 144
53 92
135 55
121 77
67 130
34 16
3 125
76 122
123 12
59 150
32 131
19 121
21 58
68 36
145 134
47 72
30 1
13 14
108 36
142 24
67 77
40 69
52 17
92 76
28 150
75 112
131 94
134 53
1 52
88 47
35 37
118 64
89 33
77 46
68 120
122 36
47 63
105 98
79 46
75 8
98 149
119 130
144 103
32 47
56 21
93 90
109 113
56 100
47 34
47 114
4 18
51 50
80 5
49 60
103 123
68 102
23 36
81 69
40 14
115 147
86 109
87 45
71 44
46 117
129 92
132 110
33 83
91 89
33 1
93 57
68 44
80 5
26 148
97 39
14 93
27 122
81 123
95 124
18 61
103 109
95 136
120 29
121 113
117 3
113 112
112 82
5 41
86 83
90 32
23 5
125 49
126 55
21 70
81 90
33 85
101 29
70 57
40 84
75 95
46 88
56 127
93 148
63 77
139 146
99 143
22 148
118 129
70 90
59 62
24 143
12 52
114 133
10 56
67 136
150 112
74 107
141 68
104 105
144 92
100 92
84 24
141 103
2 113
42 112
24 117
104 87
18 119
69 79
24 37
65 23
51 40
129 41
107 134
145 2
75 146
145 60
71 38
13 72
150 106
33 75
73 38
11 142
7 131
123 30
18 89
105 68
128 135
10 136
119 4
137 43
51 131
5 122
18 17
95 69
24 128
143 148
67 55
42 73
88 14
5 105
102 109
74 79
93 83
64 61
138 102
6 90
82 10
61 2
78 58
70 3
35 115
1 3
71 42
128 8
55 132
112 58
142 87
38 136
71 3
99 58
104 6
148 87
67 110
140 144
17 60
48 103
76 48
106 146
141 135
4 97
116 17
4 9
6 41
144 76
95 144
134 48
149 33
37 65
44 26
110 61
137 8
65 62
55 72
110 98
56 15
44 21
31 48
81 88
140 127
14 85
120 49
34 119
81 70
33 124
148 143
86 134
52 1
98 106
72 57
105 128
71 149
50 3
98 131
91 139
107 104
125 128
2 9
96 134
130 31
9 127
75 95
13 126
95 110
133 68
68 88
97 138
86 147
42 33
29 132
73 37
137 48
14 40
56 110
75 87
42 84
116 80
128 91
76 87
73 143
56 62
90 95
147 138
136 81
68 20
4 104
58 51
19 150
8 30
74 146
71 59
111 36
138 88
28 63
76 101
56 131
64 47
75 61
86 113
43 3
132 98
106 91
50 124
90 109
4 14
105 126
72 65
12 60
55 39
24 130
41 131
13 105
27 139
67 112
101 11
16 134
109 121
75 8
147 14
117 52
79 71
27 53
37 90
14 91
129 37
123 71
18 135
77 96
123 143
110 126
4 125
109 14
148 85
73 46
1 91
149 131
63 25
33 100
115 98
40 145
135 12
65 54
48 44
51 21
36 62
48 91
89 58
6 138
143 79
33 143
19 31
25 134
107 58
83 123
5 24
117 41
88 84
146 135
127 47
57 64
10 104
57 98
12 114
85 56
94 19
100 15
101 124
148 58
83 80
30 140
5 49
30 92
34 78
129 62
26 87
27 35
41 135
133 104
99 119
61 42
138 10
56 88
133 105
47 118
86 129
107 91
27 38
84 112
115 62
23 140
149 49
77 91
34 59
96 34
79 6
75 118
15 33
108 49
39 4
68 125
132 24
65 60
62 148
21 78
112 43
68 12
144 102
27 104
47 60
84 104
36 52
20 120
9 120
9 64
38 133
98 61
99 7
24 148
80 102
109 24
71 120
17 116
123 95
69 71
4 54
24 92
105 43
113 15
13 121
131 102
5 78
12 103
136 88
3 65
39 13
89 109
35 7
74 7
102 44
78 7
97 3
98 104
46 61
20 110
83 150
61 88
77 124
92 115
61 146
29 1
9 19
109 43
26 84
49 127
29 28
133 126
83 133
131 128
95 150
139 27
150 101
16 128
74 10
92 37
5 23
37 13
93 48
107 118
131 58
146 62
85 31
89 17
65 69
46 9
120 86
87 21
88 5
51 12
14 142
100 70
66 136
135 9
85 91
28 118
148 24
29 135
106 117
53 20
87 1
80 56
138 16
77 76
72 127
87 137
20 88
57 138
125 41
146 60
33 75
79 31
98 107
67 105
125 119
26 61
21 105
116 9
23 94
84 94
122 72
81 142
9 39
129 35
79 26
94 111
100 74
43 100
30 11
54 56
130 80
116 52
86 134
60 108
129 143
52 101
64 34
92 124
72 122
9 52
147 4
64 148
78 9
97 9
19 53
65 148
132 82
50 119
117 11
77 96
4 30
46 119
63 39
145 134
62 55
87 58
58 150
55 37
8 54
98 27
106 64
76 139
145 27
107 14
38 33
109 93
62 56
113 26
94 107
61 5
63 147
114 121
147 70
59 56
123 6
134 78
69 60
66 116
138 75
129 77
107 139
19 71
44 34
96 137
42 7
43 105
3 58
127 51
127 35
107 100
93 90
79 63
51 47
28 39
121 58
115 77
46 36
49 89
69 145
127 12
1 71
116 55
128 92
8 105
29 16
106 121
105 86
85 58
132 113
148 102
72 14
81 20
49 129
108 19
25 137
83 77
109 48
132 87
42 139
93 70
4 100
92 10
35 26
119 17
40 116
20 112
130 100
131 80
131 140
1 5
28 83
82 137
32 115
125 73
5 67
142 8
68 135
69 102
11 38
118 50
55 40
63 86
41 95
68 21
137 68
78 66
52 61
52 83
25 78
58 29
144 101
88 113
86 58
65 148
95 84
99 52
123 12
137 14
8 106
86 144
75 13
60 126
73 13
111 149
91 18
79 136
118 16
99 105
74 65
102 70
148 51
121 23
114 10
88 121
17 23
17 92
88 128
119 62
42 79
113 34
148 41
20 18
57 20
122 32
136 126
3 35
26 57
41 87
46 63
103 69
131 44
58 10
13 21
52 143
133 85
141 24
6 60
132 77
31 65
62 58
67 97
83 92
55 25
28 101
88 131
71 120
76 128
130 88
148 31
133 33
17 25
56 75
84 89
53 114
3 17
74 69
113 58
63 69
83 90
19 72
122 141
41 48
118 20
37 18
102 19
50 119
43 7
95 126
95 147
142 149
13 65
67 27
122 129
96 106
121 16
27 92
7 68
139 26
87 26
95 39
96 46
59 41
104 55
16 48
51 59
98 116
25 15
44 147
45 41
102 15
57 31
107 115
98 147
42 86
74 137
26 72
84 136
112 38
40 127
137 143
88 85
108 112
99 1
108 45
42 112
60 150
142 68
16 141
116 57
128 40
95 4
111 29
139 72
66 29
100 52
21 37
136 30
149 136
82 8
31 25
21 142
24 64
59 91
54 24
148 32
115 92
87 127
22 75
100 87
5 50
139 25
138 124
106 38
12 38
46 42
62 118
33 138
32 143
78 85
68 127
18 33
69 104
61 90
81 11
79 85
112 67
12 1
92 117
39 103
4 136
46 66
103 130
53 134
122 32
121 40
9 40
124 129
144 34
68 126
96 48
60 109
114 71
110 108
38 148
112 93
133 60
8 137
39 112
121 63
144 143
102 2
32 127
130 77
62 99
52 8
147 112
116 12
84 75
21 23
124 133
116 8
94 25
145 132
137 17
44 130
9 47
33 40
23 12
117 137
12 70
46 8
83 11
72 17
138 92
39 13
126 56
21 69
81 15
103 67
31 146
98 91
95 130
130 117
43 148
5 54
68 50
62 150
61 35
68 100
126 107
14 102
64 34
72 144
100 24
60 32
20 7
122 114
38 4
132 80
1 137
134 120
36 97
22 148
131 89
149 8
97 13
109 11
98 31
4 100
106 116
131 125
24 5
140 62
60 24
43 112
62 78
82 97
24 103
147 56
93 47
64 40
111 74
50 59
6 105
8 112
70 40
138 94
96 30
57 5
53 99
117 114
27 100
112 102
104 10
60 46
57 25
85 17
150 36
127 6
141 36
19 60
128 58
55 73
87 111
130 41
112 148
56 40
149 70
43 102
79 102
147 37
126 134
106 126
19 134
33 9
20 103
121 147
10 25
121 149
38 2
39 51
149 147
90 147
66 132
150 46
136 147
135 13
32 90
40 50
73 124
111 144
76 81
42 86
7 65
136 44
66 76
94 117
72 85
15 39
119 15
85 104
63 121
116 94
60 58
45 34
31 5
80 107
137 121
94 144
87 131
89 3
56 85
21 128
19 35
16 137
49 2
142 13
122 10
106 83
67 53
19 149
57 98
7 44
120 100
89 109
80 27
111 38
13 33
15 32
67 82
70 18
136 62
30 9
71 38
144 39
90 12
37 48
11 44
143 32
45 81
140 27
10 2
64 22
34 130
53 101
113 25
20 150
86 101
9 58
138 2
148 129
65 34
27 75
129 19
106 24
2 96
102 11
97 67
84 33
46 39
35 60
63 54
60 50
4 68
107 44
121 6
22 35
39 100
109 70
21 116
145 74
113 96
136 112
12 69
144 109
107 28
18 71
81 77
120 136
46 128
29 16
133 103
50 74
104 60
143 124
26 39
47 138
134 32
99 47
3 144
57 109
21 74
30 3
53 149
139 98
29 69
16 11
21 65
136 125
125 128
150 52
16 99
39 51
32 40
149 34
33 55
143 106
31 74
108 83
124 96
82 2
67 97
65 87
64 50
113 90
80 15
141 95
113 81
48 144
22 46
80 55
3 72
10 33
47 19
17 20
17 150
74 83
149 138
19 62
89 34
53 18
48 95
113 62
77 62
107 99
9 36
55 11
9 116
43 55
134 111
127 150
111 50
82 11
89 3
72 27
88 26
45 37
22 59
98 22
106 98
30 142
2 41
150 19
135 107
3 96
83 54
108 34
38 118
24 92
91 102
29 18
48 117
39 106
116 136
29 71
84 59
62 137
1 62
6 135
70 60
132 2
15 141
87 104
108 110
45 100
61 125
117 109
91 57
116 56
43 145
127 28
105 90
14 105
53 71
89 122
130 123
123 47
113 59
150 123
70 45
72 131
71 91
141 64
147 106
21 91
2 147
118 106
139 34
112 41
104 51
13 136
75 37
84 37
148 83
61 67
29 35
99 100
125 89
65 23
97 85
114 150
134 133
106 122
68 67
12 74
19 76
111 145
113 44
84 12
126 144
78 57
28 79
58 54
69 122
77 15
56 92
15 39
126 22
10 44
140 74
117 61
51 77
55 65
22 138
76 49
34 56
105 61
134 12
115 52
35 93
119 91
86 35
31 61
108 93
104 97
16 122
59 118
100 16
33 121
55 108
20 88
13 26
51 48
38 15
2 124
9 22
64 94
56 147
56 65
89 62
63 6
33 122
123 35
137 5
5 93
15 76
31 79
102 81
29 41
147 30
14 57
103 130
150 60
126 55
124 64
116 36
121 51
7 93
85 45
150 141
138 66
119 70
144 70
52 22
12 48
103 77
104 55
56 5
114 83
111 87
48 129
123 18
29 31
13 15
128 64
57 115
129 25
86 122
146 137
46 59
86 50
136 91
105 93
95 120
78 107
57 125
85 81
45 15
13 109
81 140
22 40
6 52
64 91
75 112
77 120
20 64
20 57
4 26
150 145
129 107
103 93
85 49
10 98
59 142
139 132
31 145
33 147
137 10
108 116
31 127
29 102
34 33
127 85
84 24
63 40
28 67
35 113
18 96
112 76
87 2
110 20
146 142
16 133
1 123
150 84
1 28
35 86
112 12
20 46
87 134
85 114
103 21
128 120
18 89
97 7
91 56
26 138
100 41
22 2
65 21
85 65
49 120
1 10
33 72
55 119
108 42
134 60
114 112
81 34
50 27
40 42
135 65
82 136
7 103
137 123
26 124
89 74
93 141
135 27
63 92
47 20
35 30
131 50
141 61
83 93
87 122
36 123
88 117
108 146
122 95
20 147
120 109
122 62
99 106
140 11
99 36
82 35
117 62
85 10
122 69
102 111
93 39
135 82
6 93
78 127
89 149
25 58
107 146
21 56
3 10
118 102
97 102
38 63
65 122
72 89
93 75
101 35
114 85
116 21
27 95
49 115
146 73
22 102
68 42
59 70
51 27
73 49
30 111
112 94
134 85
32 76
10 132
12 123
67 30
45 93
26 93
110 21
15 131
123 134
23 31
53 125
109 28
24 138
138 37
134 23
121 15
99 130
49 12
4 115
41 100
109 119
42 68
139 108
101 13
91 25
96 46
149 106
73 74
146 112
110 129
134 81
45 134
112 93
146 18
109 88
117 120
108 61
89 149
18 39
11 63
8 56
114 16
30 37
11 141
49 41
26 31
85 10
142 80
5 61
38 144
80 59
102 42
50 100
59 88
12 69
53 72
26 68
87 55
104 97
97 54
137 123
84 123
34 128
52 38
38 142
83 19
50 86
60 99
87 21
89 99
141 43
20 17
110 8
123 115
104 122
19 142
146 102
114 29
79 16
118 19
7 50
89 108
38 149
109 124
71 47
72 61
89 143
129 100
150 102
64 5
125 134
146 120
86 12
148 66
79 115
136 137
14 75
94 51
125 52
25 45
150 148
105 140
43 84
89 94
87 55
99 61
38 146
30 25
59 79
143 137
43 128
123 56
104 119
9 130
72 85
24 72
134 31
61 26
16 52
120 4
8 120
116 97
115 47
24 125
16 62
17 45
35 72
51 3
132 30
126 118
106 47
102 136
10 127
53 113
148 56
120 117
21 66
134 67
141 59
41 58
120 109
103 56
82 55
110 64
84 86
31 91
132 128
43 11
30 5
8 137
124 125
59 92
10 27
134 68
119 42
37 77
144 93
9 100
52 72
85 137
4 26
21 38
3 63
48 85
68 107
71 93
81 130
86 90
58 70
7 27
111 96
103 6
38 111
105 141
84 39
128 88
116 50
27 119
112 74
53 81
30 25
24 13
56 11
4 114
80 63
140 92
8 144
149 97
7 103
87 90
44 116
79 61
15 105
29 80
133 109
110 60
34 24
115 97
27 130
26 141
119 20
50 15
18 146
21 23
135 12
118 2
91 28
69 97
109 149
27 143
107 38
52 43
61 17
139 48
66 130
69 137
29 83
57 77
5 79
113 16
98 114
8 27
84 105
135 82
33 30
91 70
81 133
130 149
23 20
47 140
149 115
127 80
99 33
6 103
13 20
118 110
133 28
136 119
132 23
50 14
52 140
135 34
24 114
85 46
133 33
36 34
147 12
113 147
96 20
99 108
39 118
67 73
145 104
41 28
28 143
93 79
132 77
15 58
92 99
103 127
131 40
62 29
103 24
25 48
95 25
5 35
44 123
9 91
129 102
20 6
94 113
137 127
91 1
34 85
1 39
61 33
78 122
61 31
47 137
130 43
63 37
77 8
61 137
98 39
88 118
45 31
132 31
60 72
83 93
58 135
131 118
17 59
141 129
141 89
115 22
131 79
110 109
86 21
96 86
59 33
105 5
116 86
87 25
59 19
19 117
3 150
136 71
110 29
49 2
117 65
75 98
45 35
108 131
55 53
118 15
138 72
20 5
59 8
81 19
79 99
135 133
150 23
54 109
51 102
12 17
69 87
16 113
121 124
93 77
78 112
91 65
33 12
121 91
20 51
110 98
150 146
80 149
70 133
10 22
137 73
91 55
9 106
17 31
131 12
107 59
123 100
25 58
13 146
148 32
46 9
31 97
57 111
96 28
145 7
50 131
79 140
87 140
95 104
20 128
17 29
36 139
30 112
46 42
107 96
126 3
6 99
114 18
96 142
13 4
41 45
83 82
132 124
78 137
45 55
3 73
142 43
4 104
89 98
60 86
73 114
91 78
115 107
96 112
98 10
116 40
54 100
121 87
73 48
125 117
5 127
92 146
72 95
99 62
42 9
147 16
122 139
94 138
95 91
100 94
100 65
35 55
14 5
142 138
105 116
104 109
145 97
104 66
94 105
127 37
113 25
53 136
65 48
124 62
40 73
57 139
39 92
95 104
148 138
91 102
104 96
112 150
95 118
117 38
72 145
74 86
71 28
123 135
75 96
46 114
70 103
4 10
96 99
113 93
86 105
97 91
51 58
142 145
77 108
84 148
102 7
83 22
87 56
59 11
53 6
27 25
10 30
86 105
30 49
48 18
55 46
108 7
5 2
53 82
109 136
79 113
45 64
36 131
21 94
43 125
100 69
51 109
1 137
64 30
87 13
99 141
58 109
50 62
110 102
45 68
88 124
82 34
89 118
66 11
61 108
37 10
79 88
119 79
126 84
10 62
148 109
104 55
67 3
18 78
105 63
145 94
88 129
29 78
96 94
88 6
51 26
68 31
113 88
109 88
21 119
51 70
129 5
26 97
59 43
24 65
7 70
60 146
48 88
125 143
31 114
51 134
140 20
14 102
107 25
92 29
45 142
98 23
48 123
21 107
67 44
21 126
113 81
121 63
18 96
107 101
111 59
136 100
78 51
52 34
75 45
62 21
36 61
95 84
33 115
40 2
60 112
127 75
42 149
137 112
94 93
62 107
2 99
56 131
149 9
15 126
53 128
48 141
39 143
74 123
9 15
124 69
126 2
143 70
1 129
31 146
123 144
102 26
144 8
7 44
16 73
19 121
50 119
111 140
111 86
15 119
100 138
37 127
42 29
98 42
59 30
37 84
75 139
109 68
146 17
112 63
89 32
33 41
150 143
30 110
130 44
131 79
84 17
108 125
98 107
68 58
137 104
141 61
92 2
129 139
18 142
52 107
23 136
147 23
31 78
34 10
24 14
141 9
83 98
35 82
106 102
139 92
55 130
55 49
131 33
37 50
76 140
6 98
126 54
120 6
34 56
15 57
69 5
117 1
4 1
134 110
102 123
103 58
4 7
106 36
91 45
85 16
34 143
114 61
98 135
66 131
40 133
89 109
39 55
11 43
55 145
54 58
19 6
116 22
13 123
109 5
17 43
21 103
35 134
13 133
20 131
15 60
15 104
70 53
8 132
147 115
28 102
74 46
108 39
119 22
64 77
26 132
22 46
136 56
81 51
90 101
31 7
62 45
110 131
149 19
14 48
35 42
149 109
139 106
49 108
29 112
86 107
146 107
54 131
65 135
31 56
137 113
62 100
59 73
132 58
92 145
105 126
36 103
84 25
111 133
34 139
146 21
147 141
128 51
24 94
87 54
149 125
17 113
74 75
35 55
34 126
49 138
4 137
143 139
63 103
23 96
143 71
116 140
61 145
92 84
88 28
40 139
2 56
101 127
32 37
31 66
65 131
105 68
117 97
108 29
49 131
26 94
51 44
135 13
90 76
149 80
5 38
68 58
145 70
34 26
106 116
143 72
96 98
139 115
44 149
45 145
31 71
88 133
16 124
145 105
49 45
86 53
134 55
110 128
124 45
56 132
10 48
53 7
47 94
121 91
144 68
85 24
40 74
6 55
47 52
61 147
97 49
101 80
103 112
110 129
6 67
110 67
114 64
125 11
59 96
3 52
65 139
75 104
114 132
60 62
34 22
58 32
70 60
13 23
21 24
1 78
90 12
46 106
127 20
18 36
17 20
139 81
60 116
34 23
97 145
84 32
17 43
115 86
4 128
108 76
1 10
3 143
21 48
98 148
119 115
85 136
134 73
66 95
38 2
117 37
146 102
120 64
46 85
150 49
114 107
124 16
117 28
8 39
127 105
36 95
69 22
132 104
95 100
100 34
101 66
122 148
69 92
62 114
78 113
64 41
121 89
56 139
18 116
28 144
70 115
141 41
137 122
46 81
71 146
16 73
113 138
123 32
131 86
47 58
48 13
150 18
101 55
7 119
72 34
14 142
50 56
84 36
28 31
18 150
26 34
73 139
73 45
72 105
130 118
12 79
32 11
96 133
117 4
3 39
89 68
82 139
124 67
24 1
97 94
150 123
29 124
13 3
70 136
107 101
5 118
29 37
30 27
71 48
30 73
138 119
42 121
9 15
37 32
67 134
27 119
8 55
92 72
57 64
57 13
14 113
32 43
149 113
121 69
63 150
43 50
20 85
21 28
99 109
112 68
144 138
36 53
95 29
124 1
92 82
66 106
45 149
50 95
14 20
14 76
19 108
27 91
42 99
118 43
58 79
110 103
119 47
6 63
75 31
115 17
113 82
24 59
81 73
55 146
92 68
71 12
78 149
102 119
98 122
63 57
50 74
9 70
120 66
132 45
97 61
111 28
136 71
10 58
125 5
51 95
127 114
22 28
118 42
125 89
105 83
40 28
143 110
148 59
143 42
57 141
4 69
19 139
139 80
98 15
137 148
109 15
13 130
42 130
22 68
120 28
150 62
55 45
73 104
5 65
47 61
56 102
129 126
142 19
107 89
33 93
138 44
10 1
23 51
32 96
21 54
25 72
115 80
116 89
85 120
3 132
82 110
83 112
137 75
130 94
13 65
88 53
108 97
105 32
50 38
30 122
91 54
43 107
35 61
45 120
82 100
101 14
111 33
125 98
9 7
93 74
71 82
126 80
81 132
111 130
19 140
3 110
96 45
118 130
7 65
99 89
14 49
102 26
134 128
25 44
134 117
117 106
101 144
35 31
125 48
62 144
37 64
5 132
10 122
14 17
36 112
105 101
63 56
127 46
85 1
141 121
20 108
76 22
101 13
52 128
60 113
121 148
78 125
32 87
148 45
103 86
6 57
36 68
14 64
15 99
117 6
121 136
15 98
7 17
110 144
71 72
16 69
149 42
2 137
40 46
90 125
51 146
10 21
62 126
87 10
92 144
32 129
8 129
37 77
89 146
70 61
119 86
31 19
127 32
5 68
77 94
42 30
142 104
102 53
79 38
114 20
32 145
50 91
123 86
17 113
81 139
76 101
126 106
119 102
138 25
72 64
21 113
93 12
118 44
116 98
134 79
19 67
73 68
7 97
3 76
112 135
64 37
137 39
142 7
42 129
32 113
95 52
128 89
115 147
35 80
95 18
8 113
84 132
83 142
130 137
67 143
24 32
29 10
70 73
17 14
103 48
126 99
1 5
38 115
2 72
96 148
141 5
12 74
38 94
65 17
133 34
62 6
65 142
15 37
116 31
50 69
130 77
17 32
82 106
146 135
79 143
34 69
147 45
142 34
41 109
103 23
142 14
28 108
57 94
144 23
27 43
91 6
120 9
38 103
17 85
139 95
78 22
14 126
66 57
10 8
67 14
30 110
79 109
68 135
105 113
7 131
6 149
38 27
60 127
31 128
114 19
72 41
40 137
68 7
96 129
15 12
142 44
24 70
55 143
107 9
105 113
139 12
14 78
90 125
55 120
102 18
138 23
110 79
62 27
86 7
6 100
70 49
45 145
119 99
137 127
107 144
89 147
5 4
127 95
128 31
64 79
100 104
4 59
32 65
137 117
123 44
66 94
93 111
89 113
111 127
89 120
120 79
18 27
83 144
121 112
24 86
41 25
39 96
135 123
62 122
89 86
67 57
29 61
69 19
23 29
48 13
148 17
144 68
43 76
61 65
89 85
1 31
11 91
126 146
63 37
117 54
122 85
12 53
146 80
123 18
10 20
83 8
37 76
75 131
53 37
98 141
23 150
22 34
142 147
29 55
86 145
10 109
79 21
11 74
100 134
144 109
3 128
18 91
53 144
124 105
31 71
147 53
122 18
86 113
67 114
69 54
10 78
12 141
150 75
116 99
110 11
110 14
138 29
7 92
75 130
46 7
102 95
59 125
14 47
87 80
62 6
35 124
83 99
114 135
23 131
135 34
142 94
47 31
25 105
123 99
136 70
105 87
14 65
61 28
111 50
9 75
55 44
48 39
142 63
23 66
43 8
1 34
3 47
65 27
2 37
27 39
8 131
126 22
98 88
49 110
137 109
34 93
2 81
132 45
143 56
12 88
63 12
121 66
111 87
144 14
25 21
52 33
53 79
106 150
69 56
110 107
14 143
50 68
126 31
14 20
138 26
107 51
89 130
18 49
66 11
114 143
83 16
25 136
146 32
37 64
87 146
21 100
41 70
17 68
2 83
139 108
148 91
98 127
108 49
94 21
12 138
5 79
64 42
75 95
79 138
31 126
60 131
68 129
49 37
32 131
26 73
140 75
13 140
51 23
38 46
95 49
34 99
128 97
43 104
94 121
91 124
148 53
6 118
31 107
56 115
139 133
37 31
57 49
20 9
71 57
107 67
105 140
16 134
138 58
87 81
80 107
129 132
112 148
64 68
54 28
109 36
64 139
145 15
8 3
137 64
109 54
70 150
121 54
40 80
42 22
9 23
128 39
56 142
89 22
111 142
49 69
79 15
57 73
81 116
128 67
29 138
22 99
138 142
54 79
71 147
2 131
72 32
72 127
23 10
148 35
1 99
104 131
15 62
106 95
28 83
63 108
70 85
108 109
76 11
89 49
60 91
29 131
122 100
107 144
11 7
80 63
105 85
44 119
147 149
115 76
81 27
33 52
111 43
11 89
53 99
137 14
91 15
144 62
17 3
107 27
9 37
142 15
121 35
35 19
33 149
146 15
25 81
118 38
123 128
126 77
129 112
91 69
28 84
131 96
86 139
25 146
25 16
62 48
50 96
118 134
146 114
50 21
44 17
110 16
47 85
92 77
98 32
145 125
18 27
123 5
16 147
1 92
64 62
41 15
60 9
50 55
122 99
127 67
17 86
134 63
72 127
139 19
9 36
46 78
114 18
82 31
66 134
25 31
98 65
45 59
73 146
113 96
146 90
12 77
145 127
149 122
17 69
32 104
114 11
68 33
144 150
150 128
24 82
127 89
28 35
63 23
49 9
18 40
72 82
117 119
58 17
142 126
85 23
80 101
85 49
133 78
48 35
107 72
116 135
10 144
71 124
16 120
132 86
9 106
17 27
74 126
95 65
101 30
139 30
130 73
130 14
150 28
48 9
99 66
143 10
59 64
133 126
33 17
61 93
122 77
22 45
104 116
11 55
47 149
136 78
71 116
92 122
143 41
32 143
106 25
2 66
140 36
42 74
52 102
68 23
81 89
119 34
107 129
140 3
29 28
81 1
45 74
25 89
114 56
81 122
132 134
37 121
19 130
44 71
134 112
145 116
102 16
51 58
46 41
113 75
120 43
75 14
116 99
102 131
5 32
4 136
15 93
9 85
72 52
57 107
65 104
72 17
119 123
126 14
65 88
140 34
32 65
47 49
13 50
30 69
81 85
55 147
27 115
133 1
16 40
107 81
143 81
149 13
53 124
78 117
114 68
52 145
132 150
44 46
49 125
115 129
59 71
27 138
35 9
40 102
100 48
84 144
128 134
58 30
10 136
48 123
53 99
117 86
150 62
33 48
36 49
78 147
119 104
134 55
15 23
7 16
122 142
10 100
126 67
31 135
104 79
107 58
79 125
143 79
37 78
28 72
126 106
68 95
59 103
51 125
27 109
141 149
101 52
98 128
118 128
112 124
108 120
31 89
94 24
69 32
3 96
104 128
51 73
124 12
26 25
136 52
35 28
102 135
79 49
14 99
79 125
72 88
146 102
26 90
27 146
121 29
92 126
7 44
101 32
55 28
56 93
79 91
120 83
127 49
131 141
49 111
17 120
49 13
123 74
4 52
70 26
132 63
54 40
106 4
72 63
31 29
5 11
21 124
93 148
74 126
40 122
86 108
143 134
22 18
110 25
69 81
51 50
143 104
90 150
9 11
62 39
39 66
49 112
92 142
109 15
117 50
39 104
59 83
88 81
100 99
105 70
29 57
22 73
62 111
124 70
23 36
10 113
3 59
74 94
102 84
11 120
35 101
73 94
33 62
24 35
62 30
6 142
139 27
64 102
39 38
74 61
125 83
76 29
43 51
25 46
135 87
15 71
37 140
14 121
103 89
57 15
21 63
58 61
89 122
12 128
61 137
90 87
70 15
17 14
118 41
60 4
127 126
74 65
115 140
36 120
130 92
36 150
56 93
60 145
116 124
24 78
110 113
66 81
30 83
147 25
56 52
2 83
125 66
100 16
3 69
146 147
6 145
52 98
107 98
116 80
121 95
91 136
11 74
15 145
70 63
19 27
114 20
109 140
138 58
6 42
28 1
38 33
145 142
33 3
89 50
134 112
144 127
97 4
50 111
148 21
75 69
47 38
88 57
27 127
115 84
71 142
84 108
77 131
1 109
133 90
8 19
103 53
145 49
57 44
61 106
64 135
76 12
22 66
68 100
42 32
86 112
76 19
122 54
149 122
64 34
113 71
52 65
25 46
15 133
141 75
141 54
59 66
65 132
131 34
134 23
118 69
36 43
87 59
148 138
83 61
73 45
33 124
12 57
19 78
40 61
3 30
114 61
95 80
95 76
113 78
150 80
48 87
24 36
146 21
23 78
133 95
24 15
120 87
72 40
15 13
100 17
42 115
129 38
44 125
15 59
104 66
40 1
3 64
89 50
136 111
29 119
108 52
133 129
41 106
19 55
118 20
123 61
135 3
99 28
128 15
138 133
81 28
134 83
143 72
34 30
84 62
148 93
15 33
72 55
40 142
11 60
11 133
120 145
38 120
75 67
135 114
49 65
141 84
49 35
57 82
65 43
143 62
135 7
146 108
62 88
1 124
147 64
107 116
58 46
138 34
112 122
148 62
88 40
146 136
75 104
67 139
146 111
102 33
117 150
42 80
87 43
54 83
106 62
100 65
9 87
1 22
110 50
83 47
89 130
84 13
84 52
53 79
12 57
111 31
56 3
12 44
97 117
28 104
80 127
18 88
116 70
109 127
119 42
76 58
21 9
122 6
61 77
85 124
133 97
4 90
1 68
133 97
34 10
50 114
38 120
51 3
91 62
32 60
103 107
19 25
17 140
83 129
66 17
103 100
15 8
39 16
75 73
14 11
82 116
124 120
85 76
24 77
137 107
136 141
63 4
68 132
46 150
110 13
68 62
113 82
122 53
149 98
126 13
108 109
128 133
78 114
111 4
40 97
110 78
140 75
81 109
56 28
10 15
41 77
129 55
60 2
107 111
1 134
123 11
93 2
143 72
17 103
127 56
102 87
35 143
63 18
101 20
45 110
86 137
88 116
41 49
117 50
61 118
33 128
27 86
22 99
102 27
75 60
30 63
94 22
125 111
24 144
58 35
80 44
24 45
137 72
64 36
133 83
120 67
112 147
55 133
147 6
9 71
117 90
134 113
111 10
73 36
56 32
70 37
76 93
133 62
67 46
149 101
30 118
69 141
16 123
124 12
31 34
135 147
124 20
11 136
29 136
22 136
17 91
22 144
34 5
55 2
102 105
102 132
125 20
122 140
45 147
54 75
31 38
123 56
57 134
41 137
119 62
123 135
3 46
31 88
102 85
141 54
92 87
66 13
110 107
57 107
10 33
39 47
58 94
103 41
36 90
61 98
114 97
2 9
127 141
111 114
131 66
55 124
2 120
38 13
128 147
21 138
81 59
86 138
54 39
28 90
30 88
89 143
35 142
53 11
132 13
124 14
130 80
39 33
101 76
46 79
124 66
66 55
125 1
42 80
91 122
71 22
111 9
66 47
150 119
58 33
33 83
98 13
13 136
45 15
114 142
93 87
58 60
43 84
113 137
65 105
108 136
127 68
46 94
115 98
114 74
130 147
58 78
61 122
115 7
137 78
51 131
67 108
41 109
93 55
147 7
9 104
142 37
74 38
131 90
135 146
65 16
44 24
145 6
146 110
13 34
89 63
14 5
72 106
16 14
10 12
20 71
18 64
107 143
3 139
82 137
37 48
54 80
71 49
86 118
60 150
1 148
114 67
55 35
22 70
100 84
133 21
4 150
84 12
142 86
53 125
124 89
74 28
18 145
128 5
14 37
4 15
86 117
81 140
53 4
59 2
87 42
75 90
93 8
4 137
146 56
111 21
46 87
100 115
133 77
120 146
15 25
62 101
142 90
96 48
51 150
134 144
74 126
86 133
31 72
30 138
85 51
33 21
150 49
3 129
18 50
45 95
112 145
86 5
137 83
52 37
82 88
82 57
63 17
40 145
141 69
132 127
21 14
49 73
62 103
103 132
2 147
76 113
44 63
118 30
47 19
118 129
106 49
35 70
117 126
64 9
97 135
117 12
33 91
126 135
43 107
137 92
84 1
135 48
118 66
94 39
85 72
46 35
9 116
53 36
81 62
132 80
46 1
91 79
91 66
115 36
22 3
127 7
4 13
54 121
130 148
61 64
121 107
150 129
124 52
67 106
113 100
35 9
100 126
139 93
41 5
30 115
8 6
121 63
70 25
33 49
74 146
14 44
102 65
75 127
116 141
82 131
90 117
41 92
144 81
34 86
85 63
50 144
120 73
56 91
149 141
41 72
136 106
115 139
20 91
115 37
81 46
17 73
64 109
14 109
39 99
45 26
63 146
19 84
68 75
24 66
65 116
39 102
71 56
90 142
146 54
28 129
1 97
103 65
55 18
23 146
116 119
21 80
115 39
13 32
15 88
150 79
53 38
30 123
145 21
16 141
74 43
21 75
41 123
41 148
140 115
143 105
84 13
86 48
103 98
131 118
35 32
98 139
70 30
13 64
50 28
106 26
122 126
2 13
98 42
10 87
58 54
93 43
118 28
90 122
27 123
89 113
4 89
101 125
20 15
91 69
42 46
146 66
74 147
78 73
90 139
10 148
94 4
40 61
84 32
32 110
56 23
125 111
13 127
86 32
142 78
2 85
123 148
150 98
144 77
21 136
117 82
35 60
85 74
22 70
7 106
30 62
128 4
23 140
130 10
73 23
87 74
108 111
71 107
111 117
86 131
102 104
62 136
14 48
111 87
118 20
42 49
133 71
104 5
112 135
66 34
8 54
108 17
15 80
123 125
46 110
7 49
64 68
86 129
17 99
65 134
118 9
84 100
131 37
7 93
22 72
28 81
28 135
97 42
65 121
68 12
81 126
113 144
95 48
24 111
146 88
147 15
148 80
115 129
19 121
71 92
94 98
22 121
135 20
64 101
140 33
14 70
8 126
115 4
76 138
115 71
128 111
86 125
92 102
103 110
124 75
51 119
75 72
142 111
143 107
61 133
42 126
104 101
102 69
105 27
56 69
149 85
81 136
60 22
139 64
132 112
41 32
81 115
6 72
75 148
80 37
32 121
12 136
72 15
54 26
93 11
94 144
96 24
129 57
97 118
22 78
131 62
12 61
78 69
34 2
118 114
90 150
84 4
135 57
70 90
82 13
100 25
6 97
100 36
55 47
3 77
26 134
40 89
96 118
7 32
21 125
47 13
124 32
16 10
89 85
99 20
97 100
97 4
99 98
40 3
46 94
131 72
129 21
62 75
40 69
8 60
95 54
72 120
137 87
129 75
74 77
147 72
26 93
76 124
40 17
29 86
110 9
59 89
81 120
65 120
90 72
30 34
27 3
3 13
142 33
140 65
109 136
38 37
78 113
10 19
129 90
6 141
99 116
79 81
86 143
51 77
116 132
13 44
134 15
56 125
48 97
91 58
82 129
94 61
143 6
132 24
95 137
14 43
5 92
26 90
136 76
68 101
57 80
144 92
147 101
67 96
100 7
3 31
37 97
144 30
4 125
53 98
13 66
43 69
59 68
60 44
143 128
46 101
57 91
42 53
93 10
148 42
69 53
125 105
51 118
134 54
144 36
1 58
3 95
127 61
12 36
6 56
65 103
58 122
43 100
76 136
11 74
79 28
53 34
78 72
69 131
65 7
33 25
9 128
53 122
139 88
29 97
3 132
4 26
24 5
101 61
16 76
42 146
103 94
81 30
16 150
62 132
58 95
6 66
72 110
89 112
100 118
58 102
99 114
29 24
118 129
137 35
107 28
83 111
23 13
141 90
64 52
72 121
48 129
89 119
89 27
81 38
46 40
41 46
3 121
70 23
99 108
109 107
37 41
68 59
54 110
149 19
63 122
140 111
100 78
79 90
6 61
29 52
3 121
97 57
91 68
131 92
77 90
48 113
130 17
74 85
126 124
6 39
95 145
149 96
124 129
88 31
92 116
134 146
87 133
52 79
50 33
20 29
24 120
141 55
136 116
140 14
89 145
52 33
41 102
31 66
132 118
96 125
83 80
120 71
62 74
52 13
8 71
93 31
92 84
137 78
101 28
91 40
22 44
72 114
47 102
81 80
121 27
55 106
8 76
78 121
51 129
35 58
102 128
140 43
113 127
120 63
4 112
102 78
57 76
93 5
79 24
85 50
102 139
5 11
116 82
131 17
113 15
126 64
44 116
106 6
144 128
69 49
141 72
28 48
147 23
104 128
46 38
79 49
78 135
59 44
118 39
60 80
105 35
143 51
52 99
56 97
128 26
146 118
98 75
67 146
97 21
123 44
58 51
92 136
87 150
81 55
90 140
134 97
76 127
147 128
127 52
74 104
130 121
123 77
98 40
72 44
112 97
88 71
49 29
108 136
81 38
40 72
27 23
18 5
51 66
132 79
20 107
32 149
130 57
127 77
148 48
22 109
46 109
29 95
40 39
132 22
76 21
93 5
95 13
9 48
130 42
126 149
50 60
49 29
116 25
7 113
73 29
123 20
39 53
114 130
91 95
1 17
17 146
73 14
60 81
61 39
24 36
38 73
147 86
102 112
111 10
126 85
90 98
104 31
1 120
10 143
116 63
61 35
110 133
48 19
115 10
57 138
97 146
61 94
134 64
55 146
73 83
80 13
30 85
95 82
106 104
75 124
68 135
8 27
20 107
45 134
116 4
122 62
149 32
5 34
95 112
29 69
44 10
133 73
147 77
57 102
31 131
127 150
17 134
27 36
90 123
20 107
126 43
19 27
74 23
60 70
36 141
138 79
150 121
54 146
47 110
150 129
142 126
129 60
12 5
96 3
127 17
110 5
111 128
31 34
52 142
103 88
132 90
68 34
112 121
81 9
132 39
123 10
17 33
21 73
30 23
102 98
34 8
58 11
90 91
115 81
95 104
115 86
21 50
48 44
130 108
25 112
146 148
23 65
82 43
39 111
117 140
110 1
147 17
63 138
9 79
69 5
32 85
90 105
134 39
148 15
48 22
28 96
19 50
62 2
144 100
112 111
142 71
13 40
139 127
28 147
56 96
1 139
82 143
93 65
83 90
131 112
9 76
32 58
137 34
52 138
47 64
129 20
128 19
8 104
46 57
61 43
57 50
26 101
142 90
34 134
122 14
147 130
141 80
38 29
113 141
16 62
106 47
81 83
65 140
36 12
46 149
54 5
48 79
7 91
70 40
74 41
105 70
73 147
150 12
77 14
2 93
127 107
139 109
91 105
99 126
116 46
124 71
50 73
149 57
14 120
148 87
62 5
59 134
1 110
145 78
25 48
72 2
4 112
110 146
66 110
122 31
6 147
101 55
122 1
13 135
120 63
123 83
67 83
67 42
61 46
67 11
117 120
66 78
131 62
45 91
33 127
96 81
77 52
52 129
65 88
150 29
61 83
95 143
149 63
87 111
109 55
121 127
24 37
107 4
98 1
94 32
128 39
14 106
143 66
85 57
55 136
85 115
68 81
10 66
143 96
79 3
150 101
130 75
137 86
78 136
138 74
17 115
14 31
123 6
148 109
114 52
94 100
69 12
30 130
129 75
75 109
77 126
60 108
50 46
43 29
84 83
4 100
99 18
32 71
75 81
81 91
35 25
40 5
88 122
134 118
46 58
77 24
85 136
132 134
83 76
64 16
8 68
18 107
137 49
79 113
32 10
53 66
86 93
70 23
64 53
140 11
12 66
34 96
103 15
131 36
91 44
51 150
13 68
106 149
19 87
112 50
96 66
115 31
8 86
105 123
138 94
133 51
62 69
146 14
83 126
49 75
71 2
75 84
121 82
134 41
18 147
90 15
63 106
97 70
93 51
95 80
47 77
32 108
145 27
121 130
54 20
54 125
73 30
58 43
112 41
84 129
38 75
46 100
31 142
71 123
95 15
105 141
144 136
98 40
65 68
19 118
139 125
92 61
4 51
6 115
92 89
146 31
65 41
130 147
84 102
22 28
117 126
18 12
13 17
51 129
85 122
97 73
148 90
36 53
141 41
18 82
31 65
14 95
7 143
92 142
94 113
20 112
140 89
123 54
8 76
33 92
47 31
66 96
120 3
148 110
43 67
93 125
131 106
70 39
150 11
31 146
25 102
107 14
92 132
67 99
57 1
92 5
31 60
100 1
62 97
12 7
14 7
131 46
14 50
137 66
112 17
61 136
20 69
149 111
50 118
60 8
118 53
64 149
112 13
51 24
12 114
30 77
22 62
24 36
112 10
3 73
26 63
111 45
33 109
58 135
128 19
142 96
71 108
146 33
22 98
56 33
61 137
11 83
48 87
20 61
96 22
36 24
136 146
120 70
6 27
54 36
45 98
131 116
55 28
148 76
125 105
11 87
143 73
71 92
9 142
55 105
65 90
30 50
137 149
120 142
78 75
27 122
22 59
139 128
138 38
54 112
44 116
101 36
38 21
30 99
13 84
53 129
23 82
29 9
132 50
52 59
26 131
83 48
91 71
25 79
109 130
92 54
95 42
142 35
115 21
133 127
104 87
105 28
70 35
88 51
136 41
12 21
94 111
14 37
92 24
17 33
78 13
75 69
47 91
141 81
67 146
17 73
23 138
10 12
91 47
52 102
110 125
45 122
40 110
9 131
134 25
65 113
37 41
83 136
131 73
66 99
120 135
74 142
122 83
55 62
31 8
65 43
34 109
14 73
69 22
53 104
98 20
118 37
60 50
74 41
24 41
139 143
77 62
36 49
46 90
12 129
149 129
21 33
87 86
105 57
10 60
62 9
79 29
45 138
130 20
80 55
61 69
47 137
32 134
87 130
125 1
108 124
129 30
58 117
115 12
24 26
123 85
35 51
16 131
91 145
1 20
50 61
140 148
47 22
34 36
1 8
36 10
33 14
91 90
130 55
4 55
133 126
42 17
27 57
147 19
51 147
38 2
109 28
150 58
101 33
93 3
92 128
64 125
43 4
116 74
110 119
31 92
95 72
108 23
128 7
41 80
55 78
82 14
7 133
71 9
67 13
63 60
42 126
86 136
129 52
59 141
20 141
82 114
62 92
38 91
150 78
21 54
58 4
67 116
38 137
125 104
149 37
65 92
65 1
77 95
52 38
85 123
28 17
139 90
10 26
30 9
104 102
62 63
105 129
28 142
17 54
147 68
143 62
9 57
114 138
1 15
25 86
39 52
4 27
43 65
53 73
125 58
76 36
120 31
66 49
74 83
103 71
52 95
34 60
53 49
47 105
63 123
40 3
25 95
30 67
61 134
41 35
93 117
123 114
49 38
12 122
22 16
94 125
12 29
87 64
77 133
19 41
8 110
44 32
107 125
150 17
108 93
104 50
111 76
65 9
15 76
32 89
92 28
63 103
56 149
69 35
34 87
75 41
98 20
124 54
144 25
123 3
19 76
104 129
53 18
39 67
146 71
5 139
150 120
143 55
118 61
141 53
49 66
93 147
137 118
50 131
143 22
35 11
149 139
42 51
58 80
118 53
52 24
41 51
143 34
8 13
146 148
65 45
63 60
41 102
27 142
82 71
66 18
134 64
58 25
17 116
6 36
70 58
59 13
10 104
98 17
18 145
15 134
39 129
43 131
80 122
123 63
94 38
81 77
3 40
3 19
57 9
106 127
118 67
41 127
72 40
144 89
34 60
72 125
38 17
105 118
40 77
82 133
16 12
112 71
52 16
141 108
76 97
136 95
13 78
72 84
117 74
53 26
145 27
115 63
131 134
4 110
66 39
125 77
52 97
30 67
88 40
45 34
77 139
98 5
112 83
23 130
6 75
5 52
101 22
115 134
5 118
93 70
58 119
49 109
66 78
26 3
19 122
88 96
12 35
100 124
117 122
103 122
47 10
23 49
31 39
32 87
59 26
7 116
145 55
75 60
34 2
62 53
25 149
148 36
85 149
9 51
120 14
74 68
75 148
19 7
37 50
93 147
128 99
112 122
55 88
31 89
141 144
43 15
44 40
51 128
90 111
80 59
124 55
29 100
52 47
106 140
148 101
38 125
49 52
148 6
139 28
94 130
73 38
144 116
129 44
145 68
5 126
28 30
82 56
130 36
4 137
25 54
87 115
28 38
16 78
43 56
105 38
35 80
75 81
97 53
26 92
120 82
119 49
14 51
105 45
86 108
31 12
11 20
126 91
57 43
18 1
99 24
38 35
5 14
115 102
66 141
95 87
124 115
135 137
15 141
31 2
1 62
66 63
81 93
55 39
136 124
39 136
148 128
20 54
141 135
5 108
27 1
44 52
116 80
39 32
71 69
34 123
32 99
35 14
41 90
52 78
63 142
63 112
119 83
16 109
119 72
66 47
125 11
98 90
91 136
121 63
107 56
35 138
56 121
2 149
112 105
76 25
97 139
38 65
123 105
76 91
27 141
137 53
2 136
142 144
122 14
108 78
122 44
117 27
14 20
25 126
125 101
52 123
141 89
37 113
44 14
53 122
5 91
24 58
76 67
51 99
132 8
78 103
51 45
130 116
64 4
91 90
6 44
62 146
133 1
108 78
14 62
101 18
54 26
75 130
92 27
130 73
86 58
26 136
102 57
4 67
60 94
7 66
138 120
113 22
120 123
1 134
34 101
1 88
126 128
119 56
150 93
142 57
118 29
60 76
32 29
136 28
35 103
67 4
117 140
26 89
140 9
123 90
61 112
117 90
132 85
146 131
27 39
90 47
67 149
122 1
27 9
80 113
13 146
19 130
135 44
68 124
52 92
115 14
105 81
104 138
67 1
119 145
39 58
93 7
108 117
7 37
27 138
149 40
133 69
71 19
112 40
44 65
34 8
131 138
140 84
126 56
136 146
103 24
105 45
82 114
11 141
150 90
128 51
129 13
119 49
31 133
140 75
99 23
134 79
63 124
64 90
81 49
85 124
91 130
56 54
42 46
54 131
23 104
11 35
124 111
118 106
101 94
107 25
77 35
87 102
1 26
85 101
12 19
75 102
50 32
6 144
129 111
26 1
116 37
88 89
49 55
45 51
50 1
76 126
87 12
130 139
90 64
90 101
134 66
53 34
97 110
27 127
70 104
127 35
42 116
123 91
72 69
141 121
121 66
149 110
130 128
98 69
93 89
19 76
56 123
11 54
82 89
30 53
43 7
139 84
24 14
24 96
82 67
118 105
34 116
116 13
93 63
133 35
54 13
109 26
23 13
10 112
42 114
4 100
103 87
26 116
13 121
99 79
140 105
14 106
70 79
100 35
61 37
88 16
49 98
94 123
110 103
84 54
118 139
55 70
128 80
87 140
102 36
120 92
140 133
99 112
61 48
146 24
136 83
39 34
30 132
7 42
136 142
147 104
131 51
75 108
131 64
149 134
1 118
75 140
2 23
101 63
123 148
86 108
80 26
44 12
8 102
53 45
93 101
50 73
1 125
82 33
38 80
17 38
47 143
79 101
68 82
13 40
79 150
49 61
25 92
72 84
43 26
129 38
126 28
110 28
54 94
61 91
23 129
30 122
121 11
72 38
144 136
129 124
135 28
34 61
21 7
145 116
84 123
3 59
150 14
139 54
107 101
46 32
79 128
3 101
138 126
139 33
111 19
6 147
98 40
57 21
46 51
136 130
23 138
90 75
1 130
128 10
80 75
41 8
52 95
109 91
70 149
123 82
69 129
78 17
18 134
37 115
87 22
146 109
61 138
85 113
117 62
122 99
137 12
8 90
106 116
31 77
16 3
8 85
33 137
3 102
121 39
67 109
112 114
119 74
3 54
36 120
17 8
120 55
71 127
145 79
93 25
5 10
79 65
146 112
51 148
63 73
88 31
31 49
47 150
122 49
53 8
70 121
67 39
26 39
16 20
117 10
96 122
19 24
36 15
37 138
64 2
61 2
32 91
50 130
142 74
29 96
133 98
67 49
39 92
87 54
111 106
115 56
77 133
131 14
49 18
53 113
19 113
16 102
106 117
82 97
40 12
95 22
109 11
122 49
4 111
102 16
66 123
44 101
103 109
51 22
11 65
92 124
80 44
131 47
27 129
138 38
73 10
48 135
33 97
40 143
48 55
58 16
27 101
18 32
111 68
53 122
133 145
147 114
90 127
10 18
105 148
55 80
59 102
116 91
48 6
136 148
60 43
65 87
46 82
20 6
149 72
29 33
118 25
147 109
53 58
126 8
107 30
139 67
34 104
60 133
109 45
130 71
139 44
59 34
27 78
92 26
51 22
110 19
47 8
29 99
66 5
8 74
86 48
43 119
2 102
102 12
48 133
82 36
79 140
122 105
119 115
32 20
136 142
90 32
149 118
33 116
24 92
92 110
140 134
130 43
137 81
106 34
116 90
69 44
131 40
148 100
4 30
119 42
73 110
125 71
77 7
89 101
1 30
112 42
65 91
136 51
74 91
84 39
30 54
82 63
146 131
12 51
62 32
92 36
141 67
107 67
125 97
69 125
28 30
16 92
121 53
44 46
127 134
127 82
117 39
77 97
50 128
61 81
69 96
71 135
104 40
12 50
108 136
77 40
54 70
62 106
113 7
1 141
140 30
73 106
68 149
52 118
126 14
100 97
110 73
133 63
112 144
15 121
130 143
62 85
63 123
92 25
129 145
16 118
24 88
125 91
138 79
110 16
92 60
112 51
132 94
16 145
140 82
17 21
74 79
105 38
51 98
63 82
92 130
49 115
119 76
108 106
4 67
121 95
28 134
48 9
130 115
55 119
46 72
139 21
150 145
59 102
92 23
33 86
54 134
50 22
59 29
62 126
52 58
3 87
105 64
66 69
118 86
16 91
126 37
90 120
147 94
114 19
126 49
124 11
150 47
69 59
127 32
86 28
90 140
17 44
53 82
15 73
18 30
65 143
118 57
15 114
150 128
34 27
78 7
38 77
105 8
135 82
40 122
109 31
112 125
126 66
109 140
138 28
72 105
20 39
11 86
55 10
115 140
36 42
147 73
119 3
133 5
84 22
127 43
104 88
69 79
3 79
121 43
106 42
147 28
132 7
113 88
68 78
78 103
119 126
78 139
128 60
144 62
133 22
6 86
109 126
66 111
55 36
55 10
129 51
89 111
109 52
100 26
31 27
31 51
54 108
92 84
69 85
145 103
106 52
90 116
27 5
128 133
41 33
45 71
135 133
83 146
86 33
21 116
111 103
69 15
60 10
98 30
146 144
34 3
45 123
20 123
128 147
106 70
81 150
140 66
34 73
61 120
7 133
137 117
86 55
33 47
116 32
129 13
77 12
67 23
135 86
146 14
135 3
135 65
54 124
32 87
98 92
56 6
127 95
25 62
51 57
10 17
141 138
81 67
52 50
90 36
135 137
49 119
41 85
86 94
58 117
82 58
59 138
115 87
134 139
50 34
46 59
102 36
99 33
4 150
82 145
87 118
131 37
139 21
121 74
16 80
40 98
137 150
137 102
86 120
90 37
3 37
96 105
124 96
39 128
147 22
122 83
41 5
119 29
77 89
102 93
70 44
40 57
43 26
60 31
47 51
67 49
140 64
55 15
61 145
142 57
68 16
139 109
72 9
137 148
149 141
142 69
34 31
27 128
108 138
60 4
90 127
105 79
92 61
94 3
56 137
59 25
54 48
133 125
108 22
25 107
64 16
25 149
99 103
126 108
90 36
14 29
64 118
108 5
80 103
7 37
141 66
62 45
15 44
71 24
117 147
130 30
65 56
28 13
8 56
22 149
143 35
28 56
54 37
60 134
41 119
20 31
86 133
75 2
27 48
25 143
44 57
75 108
14 102
22 59
44 72
51 78
1 106
34 37
68 17
77 88
88 10
23 71
84 24
149 131
100 43
77 6
117 34
20 121
108 93
29 1
14 80
130 15
87 13
103 4
81 82
91 71
91 15
141 76
90 41
57 40
83 35
97 50
120 116
72 77
110 100
129 26
29 109
92 116
23 44
21 104
125 14
76 117
28 66
43 20
8 1
59 90
35 57
41 4
23 112
133 34
114 111
59 44
121 150
61 144
96 82
149 122
147 74
89 76
41 33
95 48
33 55
39 119
112 80
24 36
93 6
69 108
19 30
2 139
81 62
34 26
45 32
50 41
7 138
19 99
20 113
48 104
70 87
72 31
68 95
66 62
3 36
20 21
65 21
9 48
82 95
73 127
28 122
69 35
11 87
35 82
102 83
35 21
19 8
51 86
103 18
147 7
53 68
27 20
88 87
67 72
31 41
48 59
65 18
145 75
7 29
7 108
111 93
128 129
3 80
116 105
97 15
111 51
82 39
122 72
125 90
143 58
131 92
116 45
109 110
21 115
40 79
124 1
22 101
31 24
82 49
30 28
115 42
131 98
132 102
19 106
42 11
13 74
102 30
20 113
41 40
129 81
119 103
133 42
105 65
65 37
15 146
116 129
89 96
77 70
100 147
25 43
8 90
18 11
119 37
123 62
76 4
142 44
106 26
85 112
90 51
148 7
46 16
135 36
111 113
105 112
110 32
56 19
121 73
29 141
109 54
52 35
57 95
130 64
22 65
25 14
17 75
20 115
90 56
150 102
19 105
116 30
38 21
48 60
94 128
50 52
83 4
138 139
150 118
104 22
84 129
35 100
105 54
64 96
109 64
99 29
70 64
110 107
85 7
16 80
37 117
131 119
22 21
10 22
138 113
43 71
143 77
20 97
32 136
94 42
49 43
71 20
106 30
28 92
89 43
73 27
61 54
145 83
126 56
104 113
19 48
33 11
26 104
10 57
89 103
150 39
47 70
58 55
2 85
146 142
29 69
18 142
24 64
74 149
120 79
13 40
126 97
50 1
50 111
109 41
116 108
131 12
80 39
66 133
25 114
124 106
84 43
97 107
8 72
7 29
150 19
68 125
17 20
125 118
32 135
8 147
92 139
61 73
79 126
55 5
141 80
12 74
24 10
82 32
81 88
112 80
8 30
54 24
101 80
142 132
64 51
31 58
91 130
71 118
87 128
109 16
41 32
40 51
114 123
131 103
84 61
111 15
16 36
17 148
79 51
113 130
81 20
122 73
52 95
40 138
72 50
55 112
134 94
12 149
118 45
101 104
7 113
20 74
51 37
71 129
139 34
10 69
105 132
43 6
76 82
45 49
34 100
62 17
95 126
15 115
20 115
68 78
130 87
1 30
25 72
8 65
7 70
133 13
103 25
71 28
9 115
128 42
116 39
110 113
14 124
77 85
140 144
12 21
132 13
50 59
136 110
123 44
29 8
56 131
84 28
60 144
45 89
87 10
127 46
122 43
71 48
29 61
93 41
81 75
105 33
35 142
142 59
87 72
66 44
104 150
72 13
45 116
101 132
27 129
27 51
73 98
98 102
60 93
44 42
69 50
126 103
93 19
11 29
90 129
72 43
30 45
107 74
10 109
55 89
140 134
139 62
133 138
65 42
80 10
135 148
59 111
2 1
129 65
29 121
43 3
65 72
47 22
47 109
32 102
47 21
137 87
83 119
74 49
62 56
59 46
53 19
58 107
20 37
73 100
59 17
4 123
140 51
46 36
9 78
39 107
98 25
43 82
143 116
131 54
21 91
2 126
109 59
134 30
147 108
130 55
124 133
80 113
85 125
148 145
52 37
101 150
113 45
133 106
63 15
61 135
105 62
12 64
23 145
93 19
102 124
126 127
9 55
89 93
81 87
88 133
25 90
34 137
135 16
144 47
31 55
83 37
18 95
100 40
89 95
111 93
120 86
69 128
42 60
71 122
146 60
104 72
149 39
110 35
107 104
133 39
60 66
75 77
10 77
117 150
73 77
92 42
64 63
20 105
122 142
128 19
103 134
142 101
22 101
136 30
106 118
68 15
33 143
92 94
121 110
94 43
88 87
136 1
149 5
7 22
48 134
92 150
117 83
3 41
86 40
70 41
59 40
56 144
84 49
87 54
8 30
148 147
117 133
49 17
40 55
91 87
90 32
139 109
17 141
51 102
82 22
142 140
61 99
133 144
49 70
47 56
1 96
104 19
79 2
36 118
108 126
54 100
59 94
58 75
136 108
26 67
129 70
57 92
18 39
85 67
10 34
24 63
129 30
81 57
31 18
76 41
45 32
140 104
125 47
28 111
56 106
27 86
25 135
27 94
24 14
62 85
47 138
147 77
69 130
36 99
147 111
41 42
44 30
47 19
128 74
31 33
81 57
21 7
94 99
101 19
112 64
103 60
103 2
39 21
131 74
22 29
86 62
70 130
92 116
50 69
92 80
4 22
38 76
81 131
24 31
149 38
146 4
149 99
5 37
21 37
12 42
65 150
104 37
31 97
54 80
67 47
61 122
121 150
47 51
131 123
133 31
62 128
34 60
128 90
149 28
62 92
145 61
97 83
91 43
136 72
12 85
132 133
55 132
82 105
14 106
87 96
17 116
32 128
146 121
126 46
51 90
137 97
150 136
29 143
80 66
116 91
150 98
126 106
131 57
60 46
64 48
141 80
66 74
109 113
97 85
8 147
24 46
93 75
31 121
119 111
88 85
103 88
84 78
43 64
36 5
11 99
104 53
28 19
