150
125 110
109 10
122 82
118 8
37 54
106 47
51 148
26 78
96 70
104 95
55 76
84 117
36 35
39 140
33 111
102 59
122 60
68 146
44 87
3 132
141 10
29 93
7 54
73 5
25 26
1 79
4 137
98 91
21 38
80 105
148 32
14 21
143 133
16 88
122 71
70 112
80 98
106 139
53 28
143 78
106 45
58 11
31 5
3 103
42 135
58 91
68 123
14 60
105 81
148 76
1 67
89 133
66 45
121 20
124 15
97 131
111 57
43 142
61 46
94 5
30 53
147 97
25 10
58 32
91 55
9 143
23 150
125 88
96 147
108 121
63 106
102 24
12 144
15 125
91 10
31 120
115 27
118 41
37 26
124 29
132 35
21 5
34 48
144 31
44 3
1 107
11 4
32 74
50 98
48 140
107 78
12 123
7 129
14 43
56 39
71 90
73 143
146 8
40 41
38 136
96 91
144 106
146 25
81 45
122 129
87 130
108 98
5 16
128 70
58 86
108 30
25 31
75 20
90 16
60 30
1 5
120 46
12 17
122 93
62 145
123 148
27 80
147 31
148 124
100 55
59 57
137 83
139 61
4 131
76 64
10 129
68 31
24 80
47 48
22 10
42 46
7 68
125 3
150 24
29 99
79 139
58 117
124 98
79 127
78 4
40 139
34 10
19 110
141 66
7 64
75 100
109 134
18 135
38 69
9 118
18 139
107 127
105 80
126 85
108 106
140 148
94 24
59 113
133 101
80 41
14 56
140 24
91 59
8 129
128 68
148 47
56 104
75 62
85 50
146 43
5 136
92 1
61 52
15 95
2 94
135 15
51 26
38 142
137 97
22 16
15 19
62 122
25 38
34 11
139 81
105 46
118 46
46 28
97 60
122 150
55 106
14 105
34 103
148 20
102 19
35 18
90 148
139 16
35 74
26 23
5 131
68 24
78 113
52 77
74 23
76 128
31 142
83 64
94 80
135 97
1 19
114 90
68 103
105 102
26 32
26 82
12 94
106 142
108 59
68 32
133 143
61 13
134 45
128 130
27 112
76 27
32 40
18 99
142 24
102 69
55 128
53 119
123 60
110 132
118 27
65 100
19 126
15 55
20 142
34 98
6 109
124 89
148 43
90 41
66 93
12 121
70 64
141 94
123 100
76 142
28 140
143 98
17 7
2 89
51 35
36 108
46 62
46 95
104 37
38 72
130 49
42 101
112 84
97 136
33 22
29 60
63 21
7 132
80 61
122 130
147 7
87 42
120 34
39 74
123 76
145 102
124 88
104 137
21 50
24 105
123 52
66 88
124 69
53 34
40 32
83 98
20 124
68 106
12 43
78 139
89 81
112 78
34 98
98 136
23 104
108 74
71 97
48 96
67 2
130 8
86 114
106 105
87 75
112 1
19 39
139 107
119 3
34 55
2 33
40 25
38 49
150 108
146 99
53 62
101 84
70 36
47 77
42 36
53 4
88 71
42 128
79 63
130 112
19 132
46 58
58 83
8 57
92 55
6 144
19 106
130 140
43 78
66 84
113 20
139 102
90 83
80 18
145 111
31 13
144 76
122 51
8 31
10 99
86 15
144 104
22 25
93 64
103 60
49 117
79 38
69 70
120 50
87 16
62 117
28 56
94 51
8 3
133 17
3 68
83 146
73 104
73 15
69 25
126 118
43 54
57 13
123 26
62 111
41 26
129 120
81 72
72 140
74 54
59 76
24 141
124 96
147 46
13 117
70 138
136 14
94 42
27 66
119 88
79 61
113 57
82 95
31 3
137 104
109 45
82 132
87 55
77 135
100 141
102 71
129 139
84 124
31 110
91 51
100 19
112 114
76 43
111 8
98 97
111 56
43 42
89 31
148 67
16 149
58 117
69 88
7 55
61 89
66 1
140 67
20 101
83 147
45 43
4 44
41 16
99 135
110 89
15 107
6 30
106 63
48 76
150 55
130 112
143 98
112 34
14 131
36 96
29 81
40 84
124 132
100 125
116 59
63 33
15 68
62 22
32 12
98 83
66 129
44 110
128 6
144 44
38 29
41 119
11 81
52 37
114 1
11 80
111 125
14 28
43 75
49 126
86 48
59 53
79 102
65 56
9 58
99 138
140 67
149 122
118 35
85 21
45 66
33 71
79 60
113 56
11 141
43 58
49 96
38 52
10 94
113 119
94 61
106 83
29 104
106 48
138 93
120 84
8 3
5 139
62 19
44 124
61 86
84 109
83 121
63 144
64 77
112 8
39 68
142 67
73 98
114 61
40 84
46 99
138 102
139 101
23 84
75 83
20 8
94 4
128 6
148 94
134 109
3 22
78 144
88 1
143 103
113 84
88 60
85 75
12 73
26 34
7 2
116 78
9 111
81 38
116 130
131 99
141 133
120 68
127 109
120 21
114 82
105 51
142 91
28 55
13 105
140 19
106 7
96 114
118 79
1 135
58 132
136 48
16 7
18 44
116 137
65 79
121 71
31 14
11 58
68 23
12 109
94 117
115 91
132 134
19 35
119 77
68 104
26 83
110 43
127 82
93 107
52 65
138 65
75 45
34 149
109 142
144 75
8 85
109 142
103 143
110 81
60 115
107 142
74 51
20 103
132 112
59 33
26 46
97 2
143 32
53 101
75 98
77 83
32 35
74 37
27 85
117 86
49 125
130 24
26 149
28 7
13 87
40 38
34 38
92 26
122 46
126 46
143 105
128 77
139 103
113 16
37 131
3 137
106 132
63 33
131 90
39 143
78 130
82 112
70 75
137 41
120 15
138 15
119 116
143 107
120 7
24 7
39 27
45 144
8 9
78 40
99 117
32 78
148 16
39 67
90 78
9 112
144 147
28 14
14 20
22 133
78 46
41 116
124 86
12 131
146 89
73 94
107 6
22 105
21 112
73 111
91 134
124 84
32 1
97 72
119 79
51 66
22 16
39 9
79 71
4 18
143 98
26 149
21 32
19 34
7 31
125 42
56 58
73 56
57 19
29 25
149 79
90 20
95 30
28 23
100 32
92 145
31 20
143 103
51 63
136 109
146 12
150 51
122 72
9 28
142 37
104 141
116 95
62 112
124 90
36 125
23 30
119 53
49 13
57 1
128 94
110 123
106 109
75 129
83 6
74 22
11 116
137 7
80 150
130 71
35 6
93 116
125 47
14 39
103 67
16 46
26 40
53 36
115 31
20 99
88 146
120 150
111 8
6 92
7 135
12 94
43 104
111 69
150 27
107 4
93 25
102 20
64 56
107 80
87 127
81 76
122 102
76 134
110 81
76 18
118 87
13 10
41 26
130 92
52 86
148 144
12 1
65 128
56 21
109 44
147 39
120 118
43 97
4 2
79 71
46 15
136 107
107 11
86 101
62 74
150 107
85 150
21 62
107 93
21 1
90 111
22 109
3 118
14 56
98 92
29 144
9 66
2 17
128 88
19 39
11 18
47 147
69 119
111 26
61 33
78 52
143 99
63 48
118 76
5 65
70 33
110 78
98 112
146 75
101 15
15 13
84 113
9 3
133 119
80 44
1 7
147 46
7 59
145 124
37 149
90 106
32 50
85 31
63 80
8 13
146 74
25 80
37 33
134 19
54 63
114 106
121 13
53 127
71 47
2 9
46 143
16 77
42 100
9 6
82 16
18 77
90 42
58 28
127 41
98 82
5 62
37 125
74 90
101 46
38 4
107 83
147 122
61 90
72 70
96 55
85 113
131 76
57 39
103 85
79 103
16 84
66 104
110 41
95 113
86 133
116 94
65 112
66 126
104 39
45 49
93 31
63 73
9 21
13 111
7 144
115 22
129 30
28 88
70 122
50 58
6 68
1 71
81 66
98 34
6 44
134 98
74 99
73 82
119 137
95 28
130 111
49 108
141 128
98 60
100 49
19 105
18 20
77 99
137 24
34 45
119 18
142 43
18 116
26 38
103 22
65 134
133 16
144 25
143 91
136 92
41 5
99 59
76 77
7 114
101 40
8 121
109 52
13 126
69 91
66 21
14 130
5 146
145 148
72 138
140 58
131 30
62 131
88 39
58 146
2 60
88 62
30 98
113 95
126 31
87 41
104 100
20 10
148 67
59 69
106 48
126 138
129 89
119 127
26 114
31 137
103 92
16 51
54 110
26 136
98 66
141 48
137 150
45 105
58 15
60 7
141 48
136 131
16 104
108 93
67 138
131 72
79 146
122 34
8 147
71 105
114 62
54 2
113 98
107 21
15 68
27 5
115 64
37 32
17 144
26 136
33 6
57 13
54 28
98 61
76 19
67 91
132 121
92 94
120 100
16 134
18 95
40 34
8 77
66 25
122 143
62 5
149 118
69 52
47 17
14 122
35 132
62 68
102 3
63 124
103 79
107 22
75 49
55 82
27 120
8 148
15 69
54 13
88 123
116 134
139 31
105 75
12 68
142 16
71 54
139 75
34 147
96 108
97 52
92 123
74 99
23 88
70 76
2 7
100 117
141 140
49 147
64 112
65 55
127 135
11 17
111 44
14 108
54 110
9 145
135 82
93 7
71 12
134 72
71 84
90 61
73 138
57 137
100 23
93 128
59 5
47 19
101 60
28 4
71 89
148 107
72 142
113 143
56 149
64 126
82 4
88 56
141 46
94 142
69 89
22 127
93 68
48 43
29 75
46 1
13 43
108 85
87 122
129 142
120 42
117 103
45 54
9 88
99 102
131 69
40 2
46 35
121 93
77 149
17 25
150 82
119 9
68 55
130 46
46 2
87 12
104 34
117 112
121 118
116 3
36 57
57 81
91 27
75 70
26 92
94 77
75 62
137 44
19 18
89 64
19 77
128 123
110 146
136 132
113 3
37 149
60 93
131 150
119 56
69 46
49 64
24 25
126 10
68 46
28 6
109 98
134 138
122 146
134 108
127 96
110 13
146 71
7 29
123 126
136 41
73 86
7 97
110 34
106 79
79 35
136 37
133 119
25 104
114 60
113 143
5 73
57 53
45 64
81 17
39 66
110 111
1 116
109 12
149 65
90 77
99 75
15 81
43 91
87 59
150 49
51 57
23 107
109 68
20 39
84 110
6 43
123 58
60 81
69 58
47 8
36 146
134 51
128 26
43 64
84 43
15 36
1 37
143 109
104 64
49 90
24 106
34 48
13 94
128 81
53 25
140 89
72 123
41 101
50 83
67 36
27 81
71 27
117 63
37 123
29 85
62 52
92 147
99 104
142 128
86 45
2 75
35 125
99 127
76 149
111 142
86 138
72 6
66 90
121 5
62 149
89 25
102 83
22 50
36 65
79 122
109 133
98 45
107 47
21 32
97 34
75 32
21 48
89 138
138 59
142 101
109 133
126 60
65 49
11 100
113 90
123 124
72 71
18 28
19 91
112 17
124 88
48 46
136 38
85 25
97 77
125 107
59 100
17 25
148 27
26 13
116 149
136 89
121 55
19 139
47 130
5 72
67 104
117 104
141 52
128 139
30 103
96 140
104 14
14 4
40 39
16 58
89 1
146 59
107 66
47 4
45 103
75 14
56 94
117 47
47 95
87 76
99 32
65 52
45 130
55 137
70 122
96 9
122 143
67 131
59 114
36 103
66 110
18 24
105 135
70 1
131 58
128 131
90 94
32 36
125 139
22 45
110 117
53 134
110 119
114 18
134 149
22 102
10 40
125 17
76 96
69 56
55 47
36 144
42 119
82 17
9 103
61 119
122 113
4 133
133 19
52 19
69 73
22 130
112 48
146 89
45 65
144 99
13 81
93 54
102 24
70 110
28 130
130 51
144 35
33 29
53 84
47 121
59 68
3 72
115 148
11 9
114 56
107 126
137 101
30 140
26 99
1 106
131 33
6 124
67 91
2 120
76 100
142 134
69 144
56 85
44 66
145 7
121 102
133 9
104 12
50 32
12 51
137 142
83 44
18 149
134 71
20 60
21 64
43 141
109 150
76 2
65 70
9 88
73 43
148 27
106 48
58 117
98 96
11 82
139 80
132 25
150 54
84 72
117 28
63 127
28 138
129 144
109 39
133 32
81 131
110 36
80 17
54 79
14 116
10 54
97 43
78 97
96 11
70 114
91 34
91 20
73 121
65 32
9 48
63 141
80 22
78 9
90 131
139 103
149 50
6 95
92 136
93 90
146 13
53 138
98 45
7 21
15 72
52 23
21 114
13 100
37 90
10 28
123 50
130 23
99 37
117 40
74 112
31 70
124 84
109 71
30 116
143 45
89 44
67 109
59 132
110 95
123 21
24 95
70 3
117 18
92 136
109 15
97 140
136 122
125 147
94 4
112 87
48 50
130 17
60 91
148 19
87 120
91 111
117 10
15 135
79 8
120 89
75 118
78 60
89 52
108 33
108 69
119 5
20 150
73 131
142 122
149 79
144 141
39 110
150 53
94 130
113 116
69 37
83 146
148 22
100 106
106 109
24 126
113 96
27 88
76 19
59 127
97 52
117 37
11 19
89 7
148 51
24 118
139 106
114 137
29 115
92 36
73 17
11 87
112 38
24 90
56 83
118 54
134 84
90 47
4 80
105 54
33 128
21 135
36 7
66 52
150 101
124 17
14 113
30 103
38 21
60 120
138 113
6 124
104 127
33 110
30 117
139 103
138 123
138 46
90 40
98 93
65 114
106 27
45 58
65 118
117 86
105 131
143 130
84 148
107 18
107 38
37 95
140 24
120 30
121 59
69 68
1 35
83 8
62 30
65 28
147 83
15 3
115 8
133 100
57 141
20 14
80 56
10 122
131 129
1 101
38 121
71 90
5 55
98 118
136 64
47 34
49 62
37 13
121 71
113 27
61 34
92 140
89 102
111 69
80 13
71 19
133 43
109 40
150 108
7 135
21 54
19 69
17 107
134 137
27 148
65 139
31 7
128 119
108 141
89 37
55 9
108 38
104 66
129 103
75 135
139 95
90 59
66 8
15 101
144 93
98 111
81 128
117 111
148 74
3 86
12 57
146 119
146 99
86 124
51 10
11 92
7 2
150 124
10 67
74 55
61 73
15 142
102 131
4 99
106 58
34 20
16 81
40 12
30 126
37 132
37 99
73 95
101 73
120 110
41 95
14 101
17 81
144 118
61 49
118 69
106 1
88 122
82 29
35 13
4 123
144 93
72 119
89 22
41 59
33 133
55 98
83 72
28 77
91 141
125 59
111 133
111 100
6 94
128 92
106 132
64 2
126 135
120 64
58 62
24 142
44 79
90 126
52 19
104 142
9 131
102 119
113 63
120 20
6 98
111 14
131 76
15 106
113 134
71 20
45 95
64 140
75 3
115 126
21 121
19 82
101 121
102 115
85 72
36 142
19 146
5 51
123 19
6 85
54 128
7 98
124 70
139 48
124 104
75 46
126 146
127 128
18 131
144 102
104 29
93 122
76 150
74 48
70 79
133 124
108 139
123 82
110 112
31 83
117 106
128 92
101 7
69 118
137 62
121 90
142 115
113 67
114 36
114 34
16 148
7 123
136 129
54 147
142 85
79 108
92 109
101 94
115 71
113 101
132 83
92 123
47 54
91 63
141 55
96 6
52 102
30 90
132 84
86 26
70 67
133 63
25 84
6 139
4 20
141 38
4 82
62 50
37 3
112 27
109 84
62 112
113 1
94 98
139 21
69 55
3 131
131 138
38 21
44 57
11 133
60 144
96 12
30 98
25 108
108 134
41 20
95 55
72 90
3 60
110 71
16 15
52 146
54 141
16 149
48 78
131 9
71 77
20 2
76 97
109 34
80 51
105 76
106 26
16 10
86 27
80 3
93 33
51 147
76 66
145 25
46 28
33 116
104 105
118 81
51 128
16 32
81 120
107 88
48 24
97 35
103 78
37 45
13 87
93 88
55 88
14 100
115 46
117 120
52 136
50 4
114 118
35 96
87 44
33 36
67 31
70 71
108 107
18 22
95 110
11 149
99 24
150 63
122 117
84 23
102 36
27 117
3 113
62 141
6 146
27 125
26 96
97 36
104 114
109 49
74 120
47 22
45 47
137 16
65 70
91 68
7 19
35 9
33 148
52 39
144 78
65 71
75 11
106 29
125 65
77 100
86 25
121 130
123 107
48 37
79 40
105 85
110 41
146 142
38 47
30 83
26 146
4 100
7 11
128 33
75 54
132 62
131 4
94 103
13 43
140 143
82 146
77 41
36 124
84 73
72 114
6 97
11 9
99 69
19 76
101 146
32 134
109 12
40 52
114 52
146 5
44 129
150 22
71 35
48 5
108 119
20 15
118 30
75 66
99 145
43 101
140 126
137 1
137 26
104 3
77 100
7 22
78 7
43 149
93 90
3 102
111 22
116 78
103 40
45 51
35 87
54 76
115 40
76 101
117 82
5 95
31 12
116 10
70 60
8 64
52 62
16 12
135 131
141 140
73 87
92 107
75 145
84 39
86 62
140 104
143 144
48 23
57 65
32 28
27 92
92 78
55 107
141 92
139 33
81 61
119 22
69 43
69 3
82 56
64 123
10 56
18 57
130 127
24 63
4 50
56 147
29 13
103 19
6 92
51 86
54 71
9 123
113 129
125 96
35 90
120 44
47 138
100 26
16 25
140 19
74 98
68 102
110 20
22 115
13 72
102 67
44 12
39 7
141 65
4 25
4 124
68 102
13 69
127 28
94 18
98 69
115 15
73 126
87 94
142 99
68 93
67 111
105 19
147 19
23 21
74 48
88 25
60 58
53 139
53 123
138 122
139 3
44 115
141 39
106 89
106 101
6 119
107 12
137 103
83 61
25 58
108 14
83 69
71 37
109 124
9 97
147 50
1 92
14 141
130 21
131 138
23 38
106 129
102 92
133 86
55 59
143 64
72 127
133 45
14 143
70 74
141 66
123 141
59 38
33 38
59 66
25 133
5 32
112 8
26 146
93 80
55 86
143 28
62 27
72 127
72 141
51 62
108 75
53 16
113 137
106 73
104 32
55 11
64 68
18 89
116 111
70 20
46 62
99 107
141 21
136 62
63 36
123 21
12 77
88 124
116 43
98 69
127 55
79 40
24 149
30 139
109 99
60 4
62 9
12 52
29 147
113 91
84 138
13 96
64 3
121 81
45 121
52 73
25 32
112 48
30 43
89 138
141 148
43 53
6 107
104 86
103 119
79 89
8 143
86 71
145 108
54 92
78 105
14 4
136 28
104 16
70 42
55 61
91 98
113 97
54 118
84 58
138 12
146 145
5 81
118 51
91 21
142 18
27 6
74 12
33 27
79 4
120 134
64 60
81 78
6 134
98 142
93 85
3 89
80 59
71 99
110 11
119 3
81 145
8 4
58 92
30 137
96 149
120 61
58 102
139 116
137 86
107 79
72 11
69 53
122 42
1 133
52 119
135 34
15 45
37 125
136 118
111 133
18 132
44 128
135 84
145 121
71 101
49 142
13 20
45 134
61 45
116 14
66 3
48 132
47 136
106 84
104 118
67 23
1 12
150 135
95 144
105 15
146 56
58 9
75 102
44 135
49 62
50 16
116 97
49 12
83 57
95 36
76 63
58 77
74 110
61 70
103 68
84 1
123 44
61 99
47 104
135 147
67 34
64 32
131 113
43 115
71 40
52 146
4 109
124 78
120 35
147 125
4 133
125 28
26 35
126 124
40 12
121 107
45 34
40 77
48 135
41 118
24 92
16 27
103 139
6 124
75 55
98 78
89 72
105 114
106 132
139 146
45 109
4 142
143 43
68 40
79 11
60 102
4 75
31 8
115 88
132 40
142 79
19 80
53 26
95 8
59 84
55 104
94 110
95 86
55 64
28 133
74 139
137 130
63 69
137 79
6 20
118 50
99 39
31 53
64 28
112 122
13 69
127 106
28 71
94 82
135 121
117 110
109 103
89 73
21 76
1 78
147 21
127 95
59 8
49 122
87 11
145 99
79 122
54 106
94 49
90 78
19 108
38 29
60 126
3 132
103 56
59 100
76 88
96 36
147 145
59 83
57 53
31 135
76 136
142 20
35 133
149 105
90 36
36 149
64 38
32 68
93 91
69 70
80 15
105 76
61 13
8 117
118 90
3 43
75 144
114 11
127 113
116 66
50 1
117 15
90 50
83 85
42 1
4 121
