150
74 11
63 144
46 89
131 42
132 62
43 56
144 43
128 111
32 137
57 68
123 130
30 98
140 119
13 102
107 31
16 31
93 78
24 138
68 57
30 50
20 72
105 14
16 134
26 48
121 135
17 145
16 46
92 57
66 104
8 23
37 24
105 31
3 30
19 71
86 100
22 106
73 28
21 88
11 98
37 33
82 54
27 97
1 21
3 67
26 63
141 114
138 95
145 140
124 65
112 66
133 67
138 62
139 127
73 86
66 105
18 21
34 16
21 54
71 139
131 133
31 95
120 125
89 11
1 3
25 112
68 59
80 107
121 68
135 43
55 50
49 124
70 134
140 91
89 112
131 70
94 12
14 115
38 102
27 38
104 51
51 73
110 32
29 80
99 65
24 56
115 124
29 34
108 18
26 46
31 59
115 26
70 128
140 9
131 17
99 136
119 149
58 78
31 138
7 31
53 82
86 69
56 17
4 65
86 30
110 117
140 127
142 111
6 34
119 137
102 67
24 70
118 134
148 50
121 56
132 75
138 120
45 95
136 49
9 71
130 118
89 119
146 81
131 2
114 99
40 117
68 63
36 87
46 33
38 69
141 71
45 128
40 90
72 77
40 80
50 71
99 138
39 95
120 19
148 135
19 37
101 138
99 137
74 47
71 13
115 61
84 61
90 25
52 11
102 91
142 53
11 91
92 101
87 114
21 84
98 40
120 101
79 120
87 3
68 59
67 32
120 150
145 59
25 46
122 28
39 15
132 101
105 125
52 93
88 124
26 36
65 47
136 144
69 124
48 136
32 114
70 53
114 64
14 40
11 37
119 49
51 2
150 58
126 103
150 64
76 78
99 141
124 136
36 94
11 83
80 94
46 149
49 61
114 62
2 26
150 120
75 50
121 126
9 149
130 9
62 107
138 62
149 111
47 34
107 109
18 36
52 64
86 100
124 101
63 28
126 114
147 102
66 20
129 74
18 10
82 131
117 69
42 17
82 140
51 90
98 68
125 51
33 112
53 59
62 17
86 89
131 134
41 46
55 71
119 124
81 103
104 99
73 145
115 56
36 67
145 133
37 21
86 69
132 138
29 95
56 114
34 36
150 126
133 54
46 102
28 106
131 126
80 28
143 136
63 59
130 98
95 53
33 14
34 72
94 129
127 58
64 13
57 91
145 12
38 148
39 66
5 72
93 85
1 85
70 63
144 101
10 88
3 94
3 89
15 97
119 142
56 84
56 14
24 102
25 61
2 116
28 6
89 121
90 89
55 61
53 100
64 63
90 118
6 144
56 73
90 76
64 47
9 119
112 32
122 39
145 123
56 22
129 144
142 120
134 99
83 36
100 146
150 39
15 58
33 71
130 24
48 43
123 57
63 84
140 34
122 134
7 27
58 37
72 49
6 55
49 88
91 149
135 90
89 150
147 23
122 28
47 19
70 71
127 34
4 117
68 126
2 126
54 59
12 126
10 69
30 110
7 22
10 141
14 99
42 62
121 13
90 69
32 61
139 60
95 143
26 12
20 80
39 125
40 50
100 101
118 32
61 26
53 70
69 118
70 110
30 41
123 119
11 56
29 150
115 25
44 43
36 115
24 126
141 63
77 91
14 45
24 126
122 76
45 40
96 17
52 125
109 24
145 119
131 75
20 95
100 115
137 37
131 10
13 122
125 89
62 40
35 85
15 59
62 111
98 59
127 149
33 85
74 79
106 54
4 125
51 5
90 37
41 70
99 105
41 125
96 4
14 32
140 80
90 104
40 38
12 69
88 97
55 64
25 10
117 80
135 69
84 126
106 27
45 106
33 138
132 128
43 47
10 33
126 99
38 67
38 49
135 28
145 40
91 72
49 109
53 85
28 137
60 35
65 7
42 97
144 23
127 88
121 38
120 96
136 59
64 76
108 49
5 4
140 95
127 90
105 30
77 34
68 136
120 34
142 11
130 37
85 8
125 55
45 146
52 83
107 116
60 64
66 64
119 107
60 96
98 66
27 24
100 94
62 69
127 105
132 8
142 118
16 18
75 112
65 126
44 21
143 103
136 110
68 7
66 127
102 14
43 30
89 44
123 150
14 1
105 145
8 148
15 75
67 89
37 33
64 132
54 109
137 91
68 54
97 134
83 100
49 125
129 39
70 101
91 83
101 45
130 11
94 144
85 62
82 121
94 47
5 147
5 141
140 73
44 86
108 126
88 58
2 66
96 71
69 88
56 71
34 35
81 127
80 68
38 11
90 132
109 94
30 114
84 19
88 128
7 45
5 94
4 59
61 1
31 89
86 102
122 22
84 1
101 1
38 13
91 71
122 34
3 85
20 73
74 147
79 20
53 74
23 111
37 23
142 67
13 129
70 135
1 4
135 3
4 74
16 146
47 39
82 49
25 101
121 98
149 102
117 51
77 41
64 15
115 107
82 128
85 1
14 137
56 50
140 112
123 57
107 71
95 38
119 40
142 66
38 145
32 141
71 124
54 138
88 10
69 65
146 121
78 133
27 127
122 138
2 28
146 72
122 86
41 90
125 84
57 13
78 140
55 50
113 108
37 50
19 7
17 14
128 94
146 56
123 19
95 124
46 90
97 69
25 39
60 52
122 116
116 101
7 20
1 119
29 37
71 99
44 87
112 73
30 10
128 54
28 124
79 126
115 26
96 42
64 6
93 88
23 58
38 30
77 38
50 7
127 120
105 20
56 118
144 138
29 23
41 57
146 120
84 110
47 29
1 110
86 145
99 11
52 137
40 30
76 141
36 52
111 42
123 68
10 116
55 38
40 148
146 35
117 131
47 13
62 47
24 147
94 25
7 145
11 98
77 138
89 14
92 101
56 64
18 117
82 125
56 121
122 104
58 88
84 104
2 145
52 77
44 145
101 102
42 13
102 118
1 92
131 144
42 88
109 111
106 40
85 12
63 56
115 120
45 100
125 46
147 26
25 40
73 125
43 114
40 144
133 92
85 15
85 28
103 43
139 110
135 73
121 47
31 137
68 75
87 42
121 83
119 47
24 93
21 66
56 60
112 90
1 98
105 137
126 109
30 16
68 14
140 91
112 20
77 29
95 65
122 117
49 142
13 124
85 92
42 47
53 132
99 150
138 86
27 96
115 42
13 30
32 103
141 103
82 71
99 48
42 65
149 85
129 122
71 116
63 15
12 115
48 12
17 35
97 43
130 113
137 44
142 18
49 34
22 32
104 121
79 47
87 129
132 118
101 104
83 13
118 146
30 15
7 98
101 6
140 80
118 126
26 12
45 74
45 119
105 51
89 85
97 25
64 130
142 66
84 126
130 103
121 9
118 30
8 68
35 148
50 54
25 75
117 122
50 12
90 4
62 80
140 60
6 105
40 148
20 123
25 150
127 146
60 146
77 68
64 13
117 15
66 43
141 33
66 40
96 57
95 7
136 84
118 142
39 7
41 58
31 65
109 8
112 19
3 90
86 118
102 104
132 18
146 24
102 62
63 47
20 7
105 6
143 72
49 31
131 141
140 11
55 1
18 69
19 21
8 6
40 110
109 74
29 6
97 32
119 10
78 139
16 84
46 60
57 94
142 37
84 132
48 40
34 117
10 52
39 70
109 79
81 119
2 109
124 98
42 145
107 119
133 25
104 80
84 10
23 76
99 8
109 146
99 44
112 109
95 1
80 105
79 10
73 132
20 98
79 61
92 88
81 126
112 34
55 97
95 129
74 43
38 84
90 137
127 104
147 123
104 76
129 84
137 51
65 6
51 45
118 44
132 48
20 145
133 126
144 77
7 119
22 44
53 111
82 81
116 78
106 69
55 84
54 41
37 20
98 139
117 65
32 98
112 103
145 146
79 138
125 137
106 146
30 60
8 14
43 124
91 148
94 48
133 50
140 71
121 140
59 87
54 91
35 68
95 81
115 75
120 89
61 127
136 143
37 144
6 131
19 148
30 14
45 12
63 87
135 34
76 43
120 31
35 56
150 130
38 115
54 7
105 17
134 91
9 72
84 14
52 4
11 81
69 108
144 132
96 128
67 73
73 88
103 107
46 5
138 135
21 94
142 125
110 27
65 118
98 50
33 51
53 43
131 24
52 26
5 147
56 123
69 128
112 74
136 7
130 124
44 150
67 35
124 78
113 39
45 60
140 129
12 95
21 44
118 125
69 24
23 124
146 92
101 107
67 139
16 46
112 111
45 80
145 70
7 107
10 103
68 150
81 79
94 3
122 61
127 92
84 150
66 79
143 68
87 111
56 4
6 69
114 102
148 10
21 56
18 31
8 85
82 140
65 25
143 88
85 21
30 18
72 147
148 116
116 136
76 22
42 133
142 57
84 42
119 7
97 136
89 7
123 20
146 89
44 40
27 30
61 108
99 132
104 148
98 69
133 75
142 76
58 134
133 43
25 101
101 23
138 39
29 110
110 25
49 55
64 127
136 26
84 8
37 81
7 116
133 149
93 40
34 127
135 58
129 85
132 117
26 11
128 37
87 78
144 52
54 129
78 137
63 137
75 45
45 134
62 27
132 5
119 15
131 103
124 12
89 105
128 16
17 7
53 103
85 46
5 40
24 82
79 138
120 55
85 14
38 146
40 19
52 60
85 12
110 96
3 117
125 18
133 131
70 86
117 115
142 7
41 125
137 80
94 41
14 9
79 10
100 97
113 10
84 47
73 95
142 75
61 18
93 96
149 12
83 17
29 74
23 121
100 9
50 43
50 64
51 30
125 52
28 87
61 111
134 56
27 58
18 45
150 113
95 64
45 111
92 20
36 114
119 96
13 11
47 76
113 76
102 67
104 39
127 116
74 110
73 2
70 91
98 121
105 94
34 52
107 27
71 44
140 40
139 3
102 88
130 117
65 82
33 18
22 61
36 147
73 10
148 142
2 148
112 107
91 48
8 99
74 130
142 64
71 131
118 23
120 149
41 34
132 125
104 3
35 139
51 107
50 101
150 52
98 112
8 90
61 67
39 134
46 82
99 117
114 118
41 83
117 133
117 98
107 122
3 43
12 53
150 61
3 51
112 2
12 119
92 72
87 32
108 35
113 56
53 77
76 93
61 42
127 79
41 83
50 43
27 61
148 26
122 150
77 83
2 140
104 145
114 92
78 123
126 92
80 28
70 5
22 131
46 148
59 87
132 11
31 9
71 28
86 94
80 64
27 133
54 32
29 69
25 106
41 1
99 120
80 71
125 102
103 72
1 11
60 133
21 91
141 144
20 76
87 99
140 15
81 95
98 109
13 123
116 105
123 65
74 104
37 100
55 139
22 56
149 81
90 72
73 80
117 93
57 53
41 98
120 24
94 67
132 8
39 150
112 63
116 88
69 2
37 123
140 110
80 40
93 19
13 15
150 129
9 109
84 102
108 53
125 104
21 8
111 112
7 125
76 122
114 144
25 150
19 14
12 98
54 104
19 118
20 70
97 29
80 82
32 90
36 58
43 56
65 55
69 124
29 145
147 142
40 22
44 58
35 107
58 140
60 128
108 131
99 106
61 29
89 92
20 124
149 62
81 116
116 150
89 47
46 85
38 85
8 133
45 95
89 102
84 50
131 93
83 79
100 143
9 38
137 28
63 135
89 46
2 107
45 90
3 142
77 92
128 84
127 22
28 117
25 14
17 5
8 1
84 10
143 92
47 129
120 12
16 110
57 17
118 3
9 22
46 85
114 23
70 142
45 150
108 69
13 26
126 72
26 59
81 19
52 30
49 73
41 64
85 149
133 52
53 141
74 98
127 89
120 98
80 66
97 89
37 11
115 12
83 140
122 13
60 23
94 11
96 36
74 30
34 108
133 86
150 108
85 28
46 55
126 27
22 124
116 58
135 132
121 119
121 92
131 83
115 127
93 112
12 68
43 46
78 25
33 77
133 118
105 80
74 132
107 147
105 124
55 89
105 25
109 127
117 90
111 133
118 53
94 129
23 136
76 100
62 109
78 44
128 84
26 103
65 34
99 72
59 55
62 13
80 21
41 98
12 54
80 129
8 75
107 30
60 33
31 121
43 109
67 20
42 144
122 9
27 122
80 85
27 141
149 106
11 91
105 74
144 86
52 2
10 9
83 69
93 114
91 135
124 59
56 67
52 27
75 78
50 56
64 76
99 114
83 11
55 37
85 100
122 136
101 131
46 34
101 138
49 42
122 22
100 79
88 2
7 65
131 57
120 97
132 120
60 65
131 16
3 65
116 125
102 66
7 148
1 108
37 49
51 61
122 52
139 60
53 146
26 86
52 145
32 85
17 143
149 147
9 54
113 124
28 64
91 86
113 92
95 150
42 145
60 14
47 48
125 1
43 150
138 146
46 19
81 62
12 131
58 72
34 72
45 113
136 135
49 150
128 45
149 72
40 58
85 138
8 111
40 102
110 28
98 5
98 28
119 109
8 26
30 42
150 126
56 135
13 104
36 140
149 35
113 90
144 47
129 53
59 18
5 18
97 102
75 45
31 43
55 90
120 85
33 119
112 89
5 124
94 41
16 144
127 128
83 120
77 113
75 135
131 79
55 77
82 31
23 112
125 78
103 94
64 136
115 25
126 21
51 69
61 66
63 89
95 47
111 73
10 35
58 42
113 14
118 44
44 43
57 18
120 9
13 33
46 127
57 21
50 9
90 110
74 54
49 71
100 61
143 109
95 102
150 57
17 20
2 60
62 58
129 31
118 44
63 66
72 21
86 121
30 77
133 5
130 83
127 80
143 120
38 87
123 38
45 140
57 46
101 20
5 132
50 24
25 14
89 148
86 77
119 115
3 22
133 85
148 62
77 19
1 65
142 38
109 33
146 56
133 67
112 114
116 37
40 31
126 38
117 104
58 133
106 60
56 88
144 106
51 122
124 52
36 17
141 46
49 39
3 84
105 16
99 123
52 139
3 79
78 119
32 135
4 138
96 59
127 141
14 80
112 40
131 49
56 23
146 7
61 50
142 68
65 90
40 116
78 42
97 57
63 128
93 66
17 38
26 46
28 40
125 41
79 7
141 36
29 38
94 90
87 85
7 1
25 98
19 4
41 115
61 103
144 55
70 11
93 148
56 22
37 82
115 17
88 7
104 116
45 48
107 131
132 15
34 6
112 52
62 3
68 24
7 61
78 129
71 72
126 28
94 64
11 110
80 98
116 33
116 10
132 72
43 114
139 76
21 100
127 82
4 44
105 63
6 85
41 129
6 68
58 1
131 69
110 112
16 76
46 131
137 28
105 29
43 93
6 63
94 132
47 150
77 1
62 135
137 4
113 143
71 20
143 103
88 103
64 6
80 11
38 118
38 142
147 80
136 2
143 132
36 39
131 14
91 94
148 78
97 12
122 69
32 114
21 118
136 26
99 146
116 67
86 9
115 15
145 18
59 126
105 149
8 21
142 101
18 121
99 82
92 69
113 107
89 35
75 126
61 75
121 78
141 56
86 7
123 80
25 31
107 129
82 114
149 73
116 69
43 116
150 36
34 14
142 122
48 118
97 10
43 120
87 33
25 23
92 49
4 116
80 111
146 63
126 47
135 144
17 79
109 68
114 143
81 7
16 30
125 15
40 17
134 28
101 60
50 42
11 106
7 90
66 55
2 93
3 38
138 19
18 97
86 131
141 16
137 6
97 13
72 136
29 107
14 130
69 115
73 79
70 132
70 37
36 71
32 38
10 19
108 27
17 43
59 7
110 97
65 56
110 136
94 40
93 9
71 11
25 144
89 147
125 8
85 62
130 116
1 41
37 108
119 53
150 27
112 11
25 26
118 36
63 61
76 5
69 146
67 146
41 57
142 67
116 76
128 147
94 128
37 130
137 57
84 38
83 97
48 10
122 16
45 35
128 22
91 99
70 60
94 110
116 85
27 134
62 56
130 5
86 69
36 72
125 120
110 66
59 119
90 74
65 26
104 87
18 52
6 77
145 17
95 131
43 78
42 99
109 99
86 79
134 7
54 5
116 65
123 77
33 114
52 149
139 5
137 58
56 142
135 102
9 131
134 103
110 78
103 120
26 38
49 61
97 102
66 62
68 90
40 2
53 92
150 93
96 137
150 54
30 36
57 90
68 41
95 27
20 47
147 97
137 97
7 83
100 124
46 17
115 86
18 17
27 17
11 24
55 11
77 85
46 134
24 114
76 118
42 147
67 90
93 105
36 1
89 135
27 134
53 141
121 70
60 49
139 70
73 43
80 149
29 28
34 105
43 11
124 136
7 40
76 99
46 13
100 134
50 126
118 102
18 140
22 77
39 62
147 111
104 128
11 133
57 45
139 99
55 112
137 114
54 62
62 99
74 63
83 25
90 102
127 108
91 50
86 31
111 134
141 116
112 54
150 70
150 138
71 106
100 57
69 3
118 131
3 93
95 137
118 35
88 146
44 81
45 129
111 57
113 4
22 126
57 22
45 56
9 17
11 10
73 132
64 92
112 67
87 108
53 106
142 43
101 35
25 47
66 135
103 80
40 124
55 148
145 1
105 56
70 18
65 142
149 129
84 12
97 20
119 149
125 13
93 127
99 117
23 14
4 125
93 43
150 49
93 47
102 47
4 21
116 68
12 114
98 147
125 96
68 146
95 94
8 89
70 106
56 144
22 59
20 114
3 72
65 95
118 16
44 121
36 9
90 99
25 90
96 51
35 65
46 31
9 53
120 130
61 77
26 82
135 97
97 137
18 11
134 37
26 79
7 61
139 149
62 13
140 7
64 76
123 109
9 33
64 128
65 26
106 90
107 90
36 53
128 54
116 13
90 141
91 149
104 80
49 15
144 90
73 57
15 45
68 23
78 33
52 44
58 7
133 14
148 70
118 28
25 83
40 17
126 33
67 79
112 17
145 105
106 67
64 22
13 131
97 142
13 148
35 70
57 69
135 54
139 4
133 65
139 23
81 114
55 147
94 68
13 88
74 20
56 137
42 68
117 138
112 31
37 146
100 93
65 136
49 105
140 31
19 128
53 2
143 9
148 86
76 63
23 150
82 78
136 123
47 5
110 8
35 147
56 37
141 22
22 91
126 63
122 46
92 76
47 84
137 97
71 62
9 145
113 142
72 1
115 21
57 126
28 143
24 135
29 67
6 103
7 33
67 128
79 9
106 27
144 92
25 117
55 33
111 70
77 85
70 93
105 28
120 34
20 144
19 49
112 76
53 118
109 119
148 89
29 103
17 75
96 42
41 52
126 1
121 52
137 92
144 91
119 114
27 139
9 97
89 120
22 141
139 130
109 136
120 138
140 137
114 85
28 4
39 3
56 9
107 43
101 2
35 121
115 113
109 25
59 47
46 81
37 35
112 48
20 82
87 10
120 50
146 147
105 86
51 10
95 59
104 97
61 139
119 77
101 78
102 62
26 49
142 115
83 5
12 5
138 98
66 107
49 113
5 3
49 108
12 45
16 116
141 76
6 109
3 8
88 6
69 114
54 112
78 39
19 141
43 6
140 108
15 38
122 71
40 20
28 103
64 96
120 106
73 27
65 127
35 54
132 103
69 88
117 146
126 135
38 70
42 27
27 56
116 148
127 57
70 56
10 133
53 31
89 126
58 55
102 92
10 136
96 79
73 114
126 100
98 14
19 42
92 97
97 58
146 125
114 65
83 25
100 135
56 90
12 15
144 114
8 55
1 5
133 73
119 109
74 118
24 92
9 115
90 8
74 85
132 38
52 116
114 1
101 71
142 14
85 37
127 92
91 127
149 74
101 117
84 24
136 107
17 47
71 106
54 145
93 87
84 46
53 47
46 55
118 89
68 104
125 97
46 65
125 44
138 76
62 71
1 99
79 70
145 52
77 48
46 19
37 31
64 89
129 11
45 148
99 14
102 73
110 49
40 85
92 79
62 55
150 114
3 130
85 148
31 12
97 128
82 133
8 146
123 137
58 69
134 59
83 137
131 42
35 72
28 1
141 82
52 7
137 31
91 36
62 102
132 39
34 17
99 81
139 85
138 58
120 98
42 9
131 135
43 52
65 71
52 55
54 103
113 92
134 54
127 97
57 11
135 142
27 83
72 67
69 112
26 91
59 67
99 39
52 43
91 116
15 44
72 69
147 35
62 32
140 39
30 46
49 14
38 127
149 11
43 119
122 69
111 83
135 59
23 88
4 15
53 18
59 125
138 107
61 50
40 50
88 69
95 38
134 34
14 34
45 108
3 68
26 113
52 63
74 75
150 77
89 105
146 49
131 134
5 41
33 96
90 22
14 86
111 50
120 26
83 66
133 85
35 61
100 87
123 75
11 24
53 1
128 48
50 10
83 106
50 17
52 41
90 117
29 50
16 50
127 99
115 12
85 149
72 34
137 96
108 147
21 62
50 51
110 99
60 42
54 12
111 7
52 50
124 80
100 139
129 128
87 145
139 22
46 60
107 32
57 117
81 78
28 130
128 39
130 89
133 85
100 93
92 2
142 65
133 143
53 14
121 42
60 109
63 105
71 39
127 37
21 106
117 52
135 57
83 74
39 17
23 131
108 76
25 22
111 17
127 124
137 18
85 148
132 92
68 52
32 96
141 52
104 107
5 88
65 87
63 104
103 138
136 113
115 10
134 75
79 110
100 117
29 35
114 10
126 83
62 7
29 52
110 132
60 16
121 124
102 34
129 106
21 115
68 135
26 104
112 104
115 61
71 144
147 86
3 24
19 64
30 99
17 41
132 128
56 102
102 59
37 132
15 109
96 134
146 122
87 107
75 52
69 47
97 118
133 99
141 1
65 21
1 81
113 132
59 19
135 62
77 22
43 143
32 41
127 27
12 115
35 138
68 6
87 14
123 69
113 121
79 35
121 9
148 4
119 68
138 82
144 61
27 39
93 67
67 119
130 31
56 19
99 61
105 14
33 75
28 47
45 106
82 67
17 79
70 37
146 58
119 41
20 145
79 112
113 145
133 144
78 38
12 78
150 19
91 84
93 119
130 40
74 61
106 142
139 78
29 36
135 49
77 56
95 57
18 57
104 52
50 31
89 113
108 140
131 100
73 74
68 52
113 44
15 68
35 55
145 115
91 31
13 69
139 107
27 6
13 32
57 114
62 47
77 71
88 109
21 10
32 140
113 46
33 29
16 120
84 62
84 76
145 149
46 133
105 124
138 20
6 96
35 67
44 13
40 131
122 60
140 3
49 4
101 134
33 116
103 18
27 88
93 21
86 40
3 93
13 42
112 18
39 146
85 82
9 26
62 32
85 103
86 35
9 36
70 41
1 74
58 80
12 52
100 149
91 5
91 103
46 104
121 137
2 107
68 10
34 32
93 20
134 28
106 142
64 26
84 116
99 43
45 110
94 47
11 86
51 101
91 148
55 113
134 56
121 52
117 4
135 59
23 118
138 128
12 51
3 95
17 102
138 113
113 133
9 25
121 59
126 61
109 82
23 92
39 143
45 57
146 29
17 70
49 4
99 60
107 102
56 25
105 95
137 119
130 48
144 100
106 21
10 64
4 84
58 94
76 102
150 123
33 68
94 81
123 42
42 79
45 149
5 51
146 44
20 125
91 65
74 98
137 135
64 140
68 121
135 45
124 36
17 6
103 110
138 75
53 81
56 98
80 112
148 75
5 69
101 95
35 76
95 21
60 8
62 29
128 98
73 3
133 141
9 85
2 48
62 54
129 19
1 110
130 51
86 37
119 36
33 56
111 127
76 72
134 40
2 13
137 126
16 120
116 76
106 19
25 69
72 55
87 125
14 119
77 99
57 45
36 89
100 48
118 78
119 3
19 22
16 57
147 83
26 112
60 34
32 84
102 104
139 91
130 54
111 56
55 17
2 90
7 4
138 124
133 8
127 1
30 44
57 26
28 135
40 87
70 71
72 21
76 112
13 107
16 25
64 70
93 66
61 100
121 100
125 5
108 3
5 39
46 113
116 73
149 5
61 68
128 133
141 105
94 55
62 11
80 125
80 74
92 43
23 114
142 50
118 1
52 24
91 150
137 57
124 37
113 35
7 90
69 147
97 64
103 8
75 32
34 56
8 28
98 30
141 142
131 109
142 85
34 83
84 72
41 57
109 3
143 115
145 61
13 91
27 115
150 101
49 33
6 56
112 6
137 103
147 118
113 40
52 146
24 37
68 116
145 78
119 40
94 15
2 106
7 28
70 6
128 20
90 36
75 104
93 62
56 141
81 70
30 34
117 106
70 86
71 116
13 91
5 106
7 61
13 34
33 70
64 52
62 99
29 15
41 90
122 83
20 41
112 53
7 119
24 93
92 139
7 32
46 15
39 52
127 103
85 9
23 50
113 136
148 141
150 90
132 121
74 1
63 88
105 121
56 30
115 147
70 122
81 115
136 21
16 112
123 3
23 47
52 37
84 102
27 83
93 8
105 17
60 69
104 66
40 61
147 56
110 66
27 40
31 64
112 98
78 136
2 100
85 106
136 18
57 64
3 51
123 9
119 32
78 124
149 19
35 145
126 46
112 3
137 142
118 98
142 97
83 143
98 17
98 135
87 56
48 89
9 20
97 127
103 76
3 146
89 147
122 134
109 26
120 2
45 67
45 142
51 38
89 120
37 74
56 93
23 144
3 43
142 129
47 120
33 102
17 121
98 138
6 108
65 125
12 110
93 56
3 144
145 91
15 32
66 70
26 89
115 28
33 106
58 131
127 143
82 144
113 82
33 119
39 150
145 102
109 140
60 13
133 54
103 49
137 71
118 64
9 82
143 93
89 51
73 66
43 5
111 57
86 143
77 26
142 72
128 2
61 89
14 95
142 19
143 31
89 12
94 149
93 87
91 31
39 13
148 133
69 108
91 56
3 18
82 144
141 111
48 103
49 61
47 92
131 91
122 121
102 118
119 96
54 111
28 144
26 126
94 35
66 150
37 135
133 31
125 93
130 77
43 40
25 134
73 17
8 43
20 125
12 115
80 24
45 73
49 70
100 45
6 67
96 43
52 78
125 26
72 104
5 114
45 29
149 117
46 58
10 117
32 73
82 13
96 126
137 47
97 138
91 4
55 36
46 106
15 72
33 86
77 37
49 122
118 99
140 65
7 149
31 90
123 14
103 121
41 141
17 137
129 9
43 33
44 88
40 58
62 124
143 138
63 93
11 30
41 1
146 99
149 26
39 24
40 43
144 80
33 10
119 11
18 11
43 113
150 134
72 61
108 116
101 20
58 111
49 150
111 96
99 12
121 39
35 62
81 80
142 113
141 12
124 60
74 68
74 73
52 145
36 9
110 38
80 69
148 30
68 11
125 68
22 95
106 108
7 88
89 50
51 79
113 76
40 36
143 113
10 96
107 97
104 118
134 33
36 34
62 5
44 88
125 117
33 132
126 91
70 64
42 22
44 4
97 135
39 89
97 100
35 105
47 40
124 30
125 61
115 88
65 8
26 91
26 110
73 1
50 44
116 91
65 61
146 63
45 34
53 43
133 87
147 81
29 22
13 55
82 127
142 49
135 69
139 62
28 113
63 129
6 80
121 122
141 116
34 35
51 87
78 86
75 126
16 5
50 28
59 131
57 103
29 93
21 70
4 101
32 66
131 90
146 4
61 38
21 95
72 83
51 59
7 79
126 12
128 56
122 108
112 74
39 54
147 108
57 149
139 25
129 130
72 34
41 109
55 37
82 28
21 133
86 79
61 90
38 116
114 47
129 89
85 84
85 94
43 83
135 67
114 40
147 4
50 103
92 131
130 112
15 65
41 127
28 32
66 45
47 113
76 136
99 9
70 43
51 55
27 117
70 140
58 118
46 107
71 39
140 50
53 4
17 93
33 96
26 98
140 73
112 65
58 61
74 29
103 26
83 31
45 54
72 102
22 117
111 92
6 100
43 58
5 111
52 37
56 129
37 46
51 148
12 10
58 137
91 62
13 75
144 57
129 66
60 150
32 20
143 89
21 87
48 78
48 1
114 103
32 52
50 82
50 114
144 9
100 84
71 14
60 64
122 38
31 32
89 63
103 133
53 26
70 3
103 117
55 118
121 86
20 73
70 69
36 115
77 37
100 49
51 9
15 74
47 45
7 37
9 12
20 114
37 89
18 41
107 72
8 77
60 27
51 129
147 86
145 126
123 94
24 75
102 38
148 50
83 57
87 143
68 106
106 104
96 123
144 52
45 53
30 6
132 81
134 128
16 128
103 40
71 29
114 74
118 14
124 102
70 60
95 137
15 50
142 12
23 37
63 119
89 144
124 122
74 9
100 142
136 104
31 108
34 47
83 2
112 56
103 31
17 47
69 83
149 112
94 21
148 6
41 138
150 14
110 125
22 111
18 59
116 101
68 150
147 150
53 108
108 57
40 124
6 10
57 4
121 150
76 20
58 116
7 57
129 18
83 52
30 101
110 48
51 27
99 78
1 108
87 57
49 61
114 58
19 117
80 18
42 99
75 59
7 33
37 77
18 88
106 118
99 3
70 27
101 18
105 3
27 41
112 75
3 75
34 21
42 113
39 135
61 15
44 67
100 132
143 117
122 1
136 70
55 107
97 6
26 51
8 52
143 119
126 146
96 61
68 39
23 8
75 83
75 118
51 24
2 96
42 123
96 27
42 150
35 138
57 60
90 117
111 135
85 138
32 82
48 99
120 70
107 45
54 31
64 104
106 65
101 147
89 46
75 131
98 109
20 4
18 12
120 128
146 107
17 27
90 64
125 60
35 133
6 88
65 69
93 20
36 44
16 124
141 142
6 140
100 78
46 19
89 67
48 84
75 64
110 15
29 136
74 115
21 131
104 85
49 47
105 136
142 22
110 34
66 17
24 67
94 69
86 32
135 133
17 60
99 28
126 29
14 101
144 86
81 97
20 129
45 26
17 36
48 126
122 15
44 145
81 138
115 16
71 99
51 140
60 149
17 35
27 82
37 72
17 117
19 89
148 115
114 14
53 63
41 24
77 84
18 8
123 34
75 96
132 125
85 94
25 101
30 104
85 67
25 101
33 95
39 82
60 55
95 112
117 135
135 96
69 54
103 41
87 27
136 120
54 122
115 78
73 47
83 7
113 108
9 47
104 100
129 13
4 73
26 22
58 10
117 28
115 121
120 103
50 8
73 5
129 89
82 103
135 15
11 97
24 20
46 127
21 76
42 76
148 67
97 107
129 116
36 93
138 6
98 37
13 20
41 141
10 25
94 145
91 104
143 114
25 38
142 97
113 33
22 13
100 21
21 78
136 109
72 123
114 71
62 126
90 102
18 2
28 13
146 118
19 138
133 95
78 125
42 92
7 115
6 8
135 27
137 120
37 59
145 150
129 56
27 121
59 96
24 139
109 19
106 29
6 89
123 135
115 66
77 121
31 82
129 15
10 115
37 46
75 83
97 106
40 123
128 150
69 1
138 79
19 146
9 76
84 33
113 100
99 39
70 31
22 100
97 84
65 133
31 41
117 128
48 6
2 25
6 122
77 143
102 147
138 110
73 123
143 87
72 143
125 44
75 48
143 21
131 109
56 64
150 22
41 47
28 94
124 33
66 50
25 17
47 65
127 21
89 21
107 11
65 133
106 139
30 98
9 63
57 64
126 108
86 68
56 113
11 29
47 128
79 123
145 27
37 23
47 126
43 55
38 107
37 143
147 118
142 5
82 100
69 109
57 56
78 113
70 89
141 116
66 121
88 112
49 27
134 147
2 78
51 91
86 139
135 82
9 126
139 90
128 109
49 34
14 126
48 83
116 91
100 84
61 37
97 12
63 81
8 116
60 59
108 146
99 92
129 107
120 117
47 97
75 147
32 140
24 80
124 42
20 73
125 132
12 71
143 74
53 1
92 113
111 101
10 59
95 40
68 64
7 114
62 133
12 145
123 35
74 148
76 145
71 102
29 82
75 21
57 29
73 50
43 85
1 104
46 95
144 113
60 52
128 23
34 139
17 58
75 143
56 53
39 28
4 67
11 130
140 119
9 114
19 103
49 71
57 146
67 50
108 28
3 85
50 36
125 118
146 49
110 103
101 51
130 105
117 42
136 106
10 46
70 80
149 20
52 55
15 118
6 24
145 8
10 96
95 134
64 142
32 75
94 133
125 139
144 16
124 99
78 72
70 59
70 141
111 26
5 130
83 80
125 142
89 122
138 72
87 130
104 12
73 86
38 100
126 31
17 1
32 94
72 3
55 43
144 15
120 50
144 104
130 20
95 68
44 83
140 130
114 145
43 88
132 81
37 107
13 54
107 96
49 81
99 103
25 144
19 145
43 65
98 74
84 95
142 29
27 33
9 42
27 51
129 60
33 16
16 46
121 24
43 19
6 43
24 31
36 42
77 131
106 24
54 92
20 97
120 98
31 30
139 57
81 118
116 113
133 33
60 5
109 5
75 114
47 98
144 135
42 122
115 49
146 70
42 15
17 12
15 47
41 3
6 23
120 23
38 4
56 149
8 66
3 135
29 50
82 75
34 25
46 50
74 93
119 115
10 135
28 24
84 121
26 89
45 48
13 82
51 120
81 111
35 83
95 64
34 78
40 67
5 85
116 78
80 137
94 89
121 24
14 106
46 91
44 90
138 109
22 91
78 102
103 113
86 99
78 120
78 117
88 82
103 106
61 32
92 5
22 114
80 35
70 125
28 15
64 15
123 137
7 51
140 109
65 76
109 142
97 37
10 86
118 112
93 29
46 86
85 119
50 66
56 21
40 83
87 5
149 60
142 6
12 131
16 128
108 125
21 106
11 30
42 30
43 36
58 88
122 44
57 73
109 112
93 50
96 29
55 94
140 98
99 53
78 115
30 88
89 102
43 1
131 84
30 24
120 140
13 143
85 121
65 96
134 59
145 79
139 101
23 129
48 23
83 28
39 15
115 29
116 59
29 97
45 111
22 14
100 86
58 34
109 122
129 92
82 26
73 70
28 147
100 76
19 33
5 58
99 21
86 64
79 17
62 123
127 135
38 128
123 95
63 81
118 94
74 101
119 146
21 146
44 120
123 63
54 29
22 2
49 9
118 30
25 29
54 53
66 92
30 38
88 93
118 108
36 41
58 56
89 78
103 132
100 76
96 55
6 19
109 107
28 76
136 104
6 39
7 71
32 88
108 22
30 127
129 117
18 88
22 8
68 125
41 69
102 137
123 107
5 81
63 84
58 100
38 64
41 96
134 124
33 144
145 115
120 25
81 39
113 5
46 30
31 87
98 132
125 122
140 31
53 105
115 12
54 75
146 51
111 120
135 104
114 99
73 139
82 112
3 138
59 32
18 145
31 149
119 2
138 52
106 144
68 118
48 121
94 43
73 54
64 57
7 80
58 80
68 41
93 122
28 1
55 45
48 85
43 68
138 82
119 146
76 36
15 25
58 108
119 130
12 33
89 18
14 146
149 81
36 143
104 115
144 8
9 41
144 103
108 131
86 129
28 63
14 42
87 72
150 108
103 11
42 41
80 55
88 79
37 25
123 140
139 116
49 58
42 1
68 74
87 46
102 149
111 143
138 84
142 147
37 54
38 129
134 144
119 114
30 143
86 71
34 104
119 82
11 10
83 78
83 71
25 86
121 136
79 10
121 122
6 7
78 95
38 61
88 58
76 19
50 63
89 135
16 109
67 27
118 51
6 103
23 83
38 143
120 18
55 90
42 60
149 119
57 88
81 144
145 6
65 44
68 3
81 84
112 49
12 131
99 69
135 121
53 75
15 22
92 69
14 35
31 12
3 87
99 83
132 93
140 46
38 58
101 20
43 114
68 106
146 16
76 131
38 129
107 105
52 100
75 65
135 7
128 137
93 128
122 127
122 111
74 62
18 76
81 112
39 149
67 35
66 143
67 6
23 110
74 122
34 41
106 41
18 145
35 146
116 63
117 128
137 28
48 62
109 9
3 9
128 89
74 22
57 79
44 79
90 19
102 26
59 110
66 129
6 2
124 23
65 142
150 103
72 47
66 82
108 68
90 85
58 65
8 114
46 51
94 135
121 46
10 30
57 127
8 62
129 33
84 95
76 135
99 147
84 66
78 41
36 69
27 93
134 34
57 81
136 52
65 106
97 127
135 55
103 44
116 133
128 101
129 54
86 129
50 19
45 30
111 80
98 137
22 133
72 130
63 57
32 30
12 30
6 49
85 108
144 102
143 122
53 121
77 40
100 126
110 46
57 70
125 57
108 146
39 29
28 4
85 59
33 148
140 38
46 74
47 92
78 39
63 130
62 139
71 63
16 82
108 125
1 82
31 10
129 69
90 6
72 76
116 104
73 106
43 21
81 90
112 8
30 76
39 143
116 109
55 33
92 64
7 92
145 37
3 26
106 92
83 79
17 101
85 142
56 127
64 38
118 25
46 148
2 84
140 117
95 97
149 36
10 6
30 57
42 84
134 49
78 66
30 146
16 137
123 142
50 11
12 126
108 61
127 93
102 145
89 48
144 27
58 51
56 16
144 41
149 95
118 116
124 114
34 139
2 6
32 52
68 95
79 25
5 56
20 107
102 108
4 95
134 113
145 91
30 139
132 80
135 99
46 108
114 79
148 116
136 81
69 54
26 49
130 30
6 149
136 108
107 42
52 142
56 99
83 86
139 64
15 123
64 112
132 80
40 129
97 78
59 67
131 136
115 12
16 121
63 53
78 71
146 31
62 52
129 46
137 19
109 53
141 75
15 122
56 106
2 33
113 68
65 98
32 77
113 2
41 68
131 111
63 12
74 114
42 120
2 61
78 55
51 54
121 75
109 76
76 12
109 38
79 23
136 13
1 150
66 41
119 47
1 32
58 75
47 1
44 101
61 23
57 112
129 27
88 139
102 13
1 60
103 131
135 140
143 135
41 59
26 10
105 78
93 64
54 41
64 149
141 27
74 47
40 52
73 127
40 77
41 92
38 143
73 22
34 117
59 75
25 136
136 31
63 130
94 19
20 60
17 63
86 90
109 27
43 84
3 135
62 43
76 99
88 50
23 121
17 81
97 41
66 82
72 30
61 67
48 133
28 117
45 15
56 55
41 99
40 95
83 101
138 60
102 75
110 124
97 126
106 44
68 21
125 41
102 88
10 52
122 37
18 68
104 125
122 46
125 12
141 109
14 30
19 115
6 30
88 102
57 43
145 124
115 22
15 119
11 76
20 132
14 89
49 117
63 72
65 90
135 55
48 149
84 118
113 89
147 103
92 53
47 87
79 64
10 93
32 20
70 103
53 83
41 101
102 5
74 16
94 59
70 142
57 55
11 71
45 8
75 136
112 122
124 40
87 133
34 118
54 103
122 106
36 12
108 137
68 32
2 12
142 123
55 48
79 65
20 25
124 95
62 86
66 88
125 54
122 9
21 26
13 142
33 48
55 43
86 24
126 139
35 117
13 141
14 143
108 33
17 133
127 79
68 94
16 95
49 137
5 69
64 17
112 149
117 68
41 52
92 16
41 28
132 105
71 47
98 28
131 114
62 10
94 130
103 11
126 2
50 130
122 113
146 136
13 112
105 53
66 46
68 8
126 101
112 46
147 59
125 128
75 36
137 18
67 141
81 42
44 130
73 68
144 69
53 7
82 59
59 147
7 29
4 132
129 18
79 28
76 105
5 150
42 43
70 109
33 150
52 129
31 125
46 76
95 150
82 26
58 43
75 116
123 130
97 3
147 77
82 73
31 86
124 125
30 95
83 115
146 36
93 26
10 40
4 104
91 137
32 50
81 106
16 53
85 14
108 82
91 39
56 23
27 29
147 56
26 131
72 21
17 14
99 78
105 102
32 45
88 63
95 19
70 12
123 4
25 80
137 17
21 42
92 47
123 88
4 148
121 76
18 137
141 18
64 96
119 147
42 109
111 136
29 30
147 1
34 74
133 72
90 3
114 31
49 86
21 52
135 141
29 54
29 20
72 144
115 40
141 58
148 101
44 26
131 92
79 66
67 61
137 7
115 2
89 13
139 109
116 123
99 145
27 29
66 98
23 82
39 13
139 37
15 84
114 47
78 94
14 144
4 53
150 20
54 89
84 95
99 50
67 100
96 145
128 63
92 150
144 131
64 132
69 131
66 84
79 45
28 93
38 83
47 90
103 2
28 88
96 28
137 13
127 134
59 105
46 1
6 91
33 122
125 3
102 92
86 30
136 15
24 23
150 70
112 4
72 41
91 17
69 130
81 45
15 140
51 113
42 57
53 74
80 27
128 31
118 63
112 103
130 38
28 129
107 139
34 80
82 124
149 52
103 131
96 20
22 49
132 63
7 34
38 86
113 15
18 80
130 129
85 11
16 14
139 25
54 74
104 135
47 4
36 52
135 34
71 6
82 52
121 140
137 60
75 99
127 92
81 8
70 67
18 138
80 58
64 133
131 17
20 79
73 55
32 57
140 102
114 123
55 136
112 94
98 36
42 126
127 24
133 99
90 150
138 71
109 51
54 141
119 73
69 41
29 101
149 71
104 15
43 61
52 5
4 149
92 97
124 69
23 8
69 14
59 56
85 17
106 40
7 126
14 128
17 42
78 15
112 83
81 57
143 133
61 48
33 2
47 59
122 69
66 92
82 125
147 16
43 4
107 50
130 120
27 48
64 6
114 25
88 45
133 79
95 82
111 149
30 71
120 98
137 62
82 13
110 149
55 16
106 6
145 75
32 42
138 89
57 65
79 101
99 113
81 44
44 94
42 74
14 11
73 52
124 56
64 84
55 21
1 62
26 145
38 110
88 26
48 144
142 126
147 90
140 77
133 86
20 24
9 86
87 133
137 112
39 103
97 145
123 97
56 148
91 93
9 80
20 57
126 63
84 122
3 74
100 37
61 22
113 69
107 49
103 93
62 43
45 9
89 69
105 144
67 98
139 75
79 60
33 54
123 19
77 27
144 27
63 54
48 77
24 56
27 28
50 89
71 95
97 9
65 103
55 131
50 95
108 129
56 42
84 28
112 11
106 105
37 71
60 136
147 135
41 24
13 90
14 135
86 110
143 53
114 99
85 14
95 42
44 1
136 127
80 149
137 88
6 75
8 65
112 56
50 54
79 114
46 92
98 33
103 142
85 67
143 20
132 87
113 77
139 98
105 69
97 92
6 4
68 65
68 30
120 19
83 101
132 128
94 79
11 47
123 147
15 115
16 48
51 129
124 40
128 78
10 126
71 67
129 41
131 47
122 2
117 54
102 99
84 46
79 146
144 51
142 8
15 8
107 118
38 80
59 15
59 68
141 32
36 119
72 68
67 95
69 34
50 21
132 133
66 112
30 59
13 74
118 79
133 74
46 20
55 104
86 15
73 76
98 108
97 71
25 13
15 94
46 65
16 79
99 81
41 129
41 105
104 8
33 138
133 131
59 89
84 144
103 7
70 51
16 68
121 41
80 136
36 28
102 51
106 50
33 48
80 73
54 33
132 139
20 16
119 78
104 52
124 56
110 95
8 28
12 31
120 91
68 5
118 19
107 126
68 139
75 148
61 129
82 94
117 4
109 85
133 62
38 106
19 50
50 79
77 61
109 46
54 78
102 73
96 58
48 65
98 25
114 8
3 98
3 119
101 111
105 135
74 44
91 92
93 42
72 71
5 82
18 110
9 21
32 6
78 132
71 25
6 86
84 60
33 138
80 35
98 34
20 21
129 12
15 124
53 86
44 109
18 114
68 26
134 2
84 114
35 56
40 141
26 99
76 13
28 110
111 113
129 33
91 42
99 116
95 35
62 105
104 25
75 31
60 76
114 75
110 19
115 51
62 42
51 137
54 130
96 66
144 127
1 84
18 99
102 14
133 13
21 138
89 95
19 148
72 34
125 83
53 89
133 16
32 33
2 85
64 149
53 57
27 53
42 45
1 143
110 36
5 130
23 93
126 93
143 47
127 117
129 81
107 111
96 138
45 97
124 10
147 26
66 24
78 108
120 131
100 79
16 7
111 90
1 86
33 143
133 61
109 111
141 117
124 86
104 70
32 78
80 103
47 103
83 4
72 63
6 53
130 64
13 121
64 98
3 109
132 63
119 145
105 86
118 40
91 89
123 18
70 53
23 117
5 7
22 129
69 79
31 100
142 95
70 108
42 125
118 76
89 86
70 44
21 37
83 112
27 56
31 97
10 105
115 66
111 38
44 81
117 126
82 10
70 2
19 14
28 136
89 116
72 8
61 144
96 46
7 122
101 90
120 12
44 84
77 57
24 121
137 140
96 121
51 68
122 81
51 107
19 16
80 78
129 126
23 24
34 144
26 123
114 37
69 99
113 27
24 135
65 133
35 116
50 58
139 130
108 95
50 26
77 127
4 104
149 27
137 44
104 12
59 140
80 60
4 106
83 139
20 148
121 107
15 20
14 3
51 122
149 2
147 75
128 150
28 78
67 71
31 78
32 72
59 91
75 14
23 115
85 20
137 41
34 6
55 88
108 78
87 109
74 63
138 125
143 67
104 59
138 36
136 19
107 96
11 83
11 33
100 95
105 86
38 40
144 128
101 71
116 112
46 28
1 72
20 68
25 130
55 60
17 125
68 112
135 52
122 69
1 119
23 87
6 63
80 51
92 82
23 57
95 120
84 96
41 6
13 65
135 119
26 2
93 113
129 144
137 99
47 105
122 35
110 86
16 62
79 97
84 37
42 105
22 39
145 27
51 59
64 19
136 117
13 78
79 43
123 117
141 71
71 14
105 30
1 120
143 79
119 128
115 62
82 137
100 76
65 52
36 128
70 21
94 82
150 75
124 25
41 16
147 14
30 102
95 82
123 88
11 143
65 27
106 49
65 107
26 32
8 62
61 77
134 57
60 36
33 85
112 73
101 108
138 32
111 83
113 136
20 25
30 136
104 136
34 70
92 60
101 100
23 12
78 58
68 138
93 100
72 106
74 116
62 7
76 144
120 113
65 46
143 50
149 128
84 69
121 45
19 122
67 82
50 124
51 89
119 150
62 74
126 136
39 89
44 17
134 13
129 48
59 23
97 109
150 82
27 23
126 98
144 42
81 95
68 132
33 36
33 95
11 60
132 50
148 25
118 131
90 96
28 50
119 27
8 20
108 87
94 136
86 140
79 16
84 48
147 117
83 82
113 146
141 94
97 139
20 64
21 109
61 101
8 81
29 68
3 38
4 96
23 89
137 4
104 71
51 3
89 134
136 103
31 126
98 127
16 117
40 37
128 2
39 135
83 67
52 137
104 107
134 29
97 121
32 51
41 82
105 31
117 90
133 147
117 80
25 133
98 64
71 75
118 11
112 50
77 13
88 82
22 71
110 118
41 43
70 81
125 76
13 143
67 145
42 34
126 66
68 74
32 40
148 149
50 109
100 126
24 37
109 97
107 69
64 148
111 134
130 137
111 45
130 28
39 21
61 67
86 30
42 19
69 39
17 118
50 116
145 125
54 103
123 11
73 36
60 34
71 39
72 32
83 51
111 24
123 73
142 111
102 33
129 20
71 48
39 22
13 33
48 67
37 20
129 110
108 38
143 28
128 116
111 113
69 71
136 41
45 127
53 146
9 84
67 131
131 105
55 45
39 4
13 76
24 141
35 131
80 79
60 58
44 73
20 112
45 57
55 90
85 107
85 145
40 54
125 72
8 81
117 47
85 129
122 10
22 6
140 101
84 101
60 29
75 131
141 120
37 45
111 23
53 45
17 145
98 142
66 8
124 32
54 58
63 77
67 136
134 108
138 67
111 48
147 35
80 137
4 19
83 114
41 136
61 58
130 60
101 97
119 74
129 74
132 93
150 100
130 133
58 117
101 18
66 98
104 48
136 10
66 121
25 106
106 137
13 137
47 113
83 67
37 113
141 70
107 140
71 86
25 128
105 27
47 20
26 53
67 12
62 132
132 86
140 139
73 2
125 21
17 109
87 105
72 77
76 28
119 146
16 45
26 120
71 124
41 149
26 10
10 87
43 23
32 83
147 86
109 17
102 67
5 108
40 82
33 120
102 28
37 48
105 6
20 79
98 18
104 107
79 93
150 23
17 83
105 13
18 115
81 21
32 85
128 123
68 62
144 19
142 30
118 96
35 138
24 133
5 30
141 136
122 42
8 138
125 15
52 44
129 132
117 62
66 94
35 134
58 80
54 49
110 22
144 61
70 28
117 99
71 102
122 112
12 109
86 26
62 32
56 43
148 118
108 143
54 143
50 133
47 98
92 120
144 138
30 63
67 146
11 137
150 34
1 11
142 86
88 53
19 143
147 16
12 104
9 65
149 110
100 45
110 41
66 103
80 95
67 49
142 129
87 43
12 87
105 55
75 94
9 93
87 5
11 150
10 19
65 8
30 66
104 139
8 19
143 88
15 111
38 59
89 124
101 100
61 56
4 135
149 12
77 137
68 87
137 78
7 103
85 89
18 39
129 25
109 122
14 124
134 51
32 73
25 34
22 137
89 78
121 140
141 99
28 59
88 66
136 94
18 122
84 87
62 63
112 21
86 27
46 69
78 77
141 4
110 65
140 101
44 12
142 86
110 19
144 47
85 31
43 4
55 28
91 116
90 104
136 25
130 83
146 109
9 38
14 21
4 55
23 47
66 14
133 78
84 28
124 70
111 68
74 15
96 66
130 87
71 18
14 102
100 9
61 11
98 126
83 102
31 105
148 96
118 32
75 103
112 101
23 72
18 148
86 15
63 117
102 133
134 115
136 25
46 146
122 74
78 73
104 84
123 101
103 56
26 55
69 126
77 42
45 126
127 112
38 146
63 72
31 79
58 16
5 63
28 78
42 3
83 125
125 86
77 82
13 34
1 40
110 94
136 138
71 97
25 118
61 149
148 139
108 66
45 112
128 73
92 72
75 76
98 101
63 77
84 75
110 136
16 121
80 2
108 52
98 35
19 9
33 68
49 140
133 146
3 13
68 146
84 44
124 83
46 36
9 129
13 20
115 28
141 44
81 150
95 29
34 15
89 118
82 39
107 65
34 12
129 3
59 114
98 32
46 143
120 55
122 132
74 86
61 116
31 142
116 27
20 149
41 10
117 24
48 125
140 134
38 118
38 97
81 136
30 127
128 149
83 99
130 58
86 41
76 116
32 41
44 103
91 136
14 109
10 113
136 149
96 23
117 134
21 99
119 103
75 96
101 59
97 133
117 32
75 42
148 8
134 93
12 126
79 25
85 88
137 70
86 83
144 104
118 67
53 138
19 29
83 21
88 29
3 106
113 77
49 12
84 32
104 95
7 32
21 143
21 8
114 9
142 10
112 11
76 66
148 146
95 132
68 84
63 71
39 25
49 87
36 35
20 139
31 78
73 52
71 93
111 34
