150
11 127
11 4
65 28
53 127
59 91
22 40
113 103
7 16
39 3
106 60
29 127
112 96
105 67
116 100
103 23
105 16
149 17
19 115
44 71
143 5
12 66
96 26
19 5
93 57
7 100
19 87
77 130
84 31
46 49
32 51
71 136
66 122
54 84
86 149
57 131
3 120
46 1
47 116
5 140
75 63
89 93
149 15
124 82
45 72
33 76
122 103
113 37
126 68
22 114
67 78
94 121
47 139
121 94
105 27
135 29
89 73
23 139
88 146
71 34
67 5
12 38
107 124
126 135
94 50
98 10
127 41
32 76
29 55
71 35
81 55
63 72
29 137
60 18
133 32
52 101
36 63
139 45
88 16
29 31
65 126
92 94
16 26
71 96
80 43
131 62
97 95
133 27
82 43
45 116
74 96
66 110
60 106
4 49
24 84
132 88
59 125
83 126
150 3
123 79
45 103
141 43
100 25
122 83
67 16
48 43
13 15
54 124
121 109
22 144
42 55
133 2
30 66
127 29
120 1
10 67
6 52
11 105
76 132
37 45
147 136
87 61
150 42
34 120
150 108
15 93
12 148
94 41
115 122
122 136
122 33
104 127
84 115
133 61
148 19
105 47
56 93
107 56
134 141
77 35
150 144
127 11
43 70
104 7
93 127
44 65
9 148
41 144
14 76
54 11
94 61
57 52
55 14
9 91
56 137
125 107
130 4
19 22
125 122
80 68
150 26
34 60
23 126
105 88
51 61
98 47
121 57
98 77
70 8
17 27
144 44
133 26
47 1
47 73
25 29
140 76
54 75
136 128
51 90
117 101
52 64
49 22
120 146
99 91
3 17
19 49
60 1
74 106
54 22
81 78
50 122
55 5
47 40
34 97
32 150
99 83
116 148
7 137
45 7
130 100
23 148
50 83
51 123
90 104
144 20
83 96
142 137
2 90
79 36
36 12
87 36
94 104
85 2
143 32
60 122
33 83
119 82
67 19
54 58
24 99
78 106
44 121
145 98
60 73
35 147
84 121
84 79
127 19
81 119
102 140
90 134
124 110
65 40
31 20
98 54
118 77
62 64
99 56
11 8
128 45
56 61
67 139
41 43
59 23
63 10
13 2
45 38
14 109
130 44
128 77
97 148
55 8
61 3
115 123
62 92
17 117
54 83
7 95
28 66
117 90
127 31
144 22
121 7
130 100
102 10
78 48
7 132
108 119
134 72
91 45
66 9
63 119
143 69
115 20
134 12
111 66
57 34
36 63
13 37
66 74
114 113
132 95
122 100
130 96
92 76
11 2
138 31
145 57
48 66
92 83
77 104
50 35
137 86
97 52
24 64
125 138
27 107
134 50
108 114
47 102
39 57
103 79
140 97
37 89
13 128
21 141
82 70
26 120
57 24
21 81
88 146
120 16
4 103
117 13
66 14
114 7
122 67
85 13
65 121
101 129
150 23
120 133
145 47
103 122
123 85
111 20
54 126
75 7
145 88
124 8
103 130
129 19
116 142
136 138
144 114
138 69
135 120
63 31
124 15
55 149
2 15
70 55
43 145
113 37
134 87
44 86
118 74
105 84
117 142
71 13
105 110
81 90
132 45
22 105
59 76
103 112
143 23
17 35
69 129
123 52
117 68
137 85
43 143
18 10
134 140
74 89
2 4
80 133
48 3
87 8
131 92
120 123
16 38
59 84
68 31
37 35
150 23
119 42
68 38
103 51
79 26
41 80
29 120
62 128
25 51
38 5
44 7
127 111
96 87
44 13
117 132
47 116
4 67
59 71
6 12
24 85
37 64
66 118
86 30
147 110
80 34
114 25
92 142
135 37
78 80
50 96
61 148
113 116
117 21
89 122
32 112
108 121
77 24
140 12
53 136
23 34
20 136
58 111
29 94
50 106
75 1
51 37
148 13
2 16
86 142
138 19
103 95
139 30
20 30
93 72
16 116
105 87
3 64
47 32
59 148
39 133
148 142
19 48
56 73
63 141
64 50
10 69
47 50
98 66
80 92
40 95
109 46
83 112
12 31
45 70
29 135
105 26
126 123
73 32
97 136
22 11
87 83
79 35
133 78
3 114
19 42
58 128
139 140
141 150
72 87
122 100
71 76
126 99
100 130
47 85
53 109
74 38
89 108
20 16
110 133
86 53
92 115
42 133
105 93
54 41
64 4
14 139
31 112
89 130
143 37
117 97
145 92
134 83
49 3
150 61
37 85
15 30
50 108
12 56
51 118
97 114
121 12
5 53
25 93
84 17
31 50
113 25
43 97
9 92
1 8
54 38
92 68
67 43
26 131
99 128
98 97
91 120
108 95
22 132
89 7
50 21
109 12
45 1
10 105
92 11
112 47
100 106
17 68
148 42
48 96
19 47
42 11
16 149
8 89
32 148
96 81
19 54
145 115
54 4
70 48
66 31
94 15
136 110
135 134
53 32
131 123
79 23
36 146
73 43
85 7
40 30
139 58
135 133
75 38
39 144
137 104
76 133
21 62
144 5
97 99
88 77
71 68
1 106
64 74
