150
72 64
13 57
69 8
145 140
11 39
62 128
63 86
32 85
75 3
27 87
104 113
99 31
64 49
122 65
114 127
139 88
40 53
46 10
60 40
52 122
131 15
99 43
2 130
127 128
35 56
64 138
18 12
18 133
61 41
47 76
17 36
13 109
88 58
20 50
150 123
73 32
137 22
74 138
1 102
116 87
59 81
74 76
93 143
58 3
34 7
78 102
94 143
112 31
102 132
132 101
6 55
34 143
128 9
32 30
111 49
117 71
130 40
147 124
85 106
126 118
112 105
69 107
149 31
40 101
64 21
103 69
127 137
113 104
145 47
134 7
147 100
78 28
41 126
1 125
81 28
144 95
35 63
51 33
145 90
35 110
13 138
28 41
26 43
47 20
141 30
27 137
31 6
67 123
131 67
150 113
147 143
109 31
107 62
115 101
53 150
60 117
137 140
8 12
84 54
83 126
135 11
112 15
16 80
39 48
147 90
11 143
83 21
75 39
82 39
42 135
38 3
101 76
44 10
139 29
63 72
4 47
82 18
113 150
97 54
47 145
143 109
39 75
130 113
16 113
2 109
149 91
13 2
69 57
11 57
137 74
128 141
22 112
8 37
13 104
90 59
99 82
70 137
59 101
2 126
63 55
84 114
145 148
115 63
54 125
120 41
100 149
83 24
12 90
60 24
95 51
135 95
132 54
134 92
4 135
67 118
39 52
81 85
50 97
148 5
72 19
97 73
69 29
96 81
20 57
6 115
107 140
111 141
95 94
134 98
78 51
118 116
4 100
103 53
47 100
110 20
20 56
92 88
137 90
70 58
48 76
22 57
65 133
99 10
76 82
9 56
132 28
73 38
128 25
90 24
26 101
43 45
59 36
133 45
27 104
4 75
29 26
131 146
60 79
57 37
62 117
144 44
145 67
81 122
143 72
47 19
75 141
63 133
78 97
79 105
51 82
81 131
9 113
126 120
41 84
59 4
51 52
47 45
118 29
68 13
3 16
31 129
58 145
111 135
92 91
89 44
22 19
24 83
131 150
52 73
135 110
77 35
12 25
131 31
106 100
95 10
115 125
138 74
120 150
59 61
90 49
6 13
120 29
95 100
80 49
75 65
60 53
99 123
129 132
56 136
81 150
145 98
125 34
21 146
85 131
108 24
30 113
89 149
141 85
150 71
35 126
37 95
80 37
67 59
18 122
44 1
24 91
150 50
26 72
45 111
53 2
36 134
114 26
132 6
111 33
128 145
9 14
141 88
51 58
48 120
81 92
120 104
84 119
3 11
41 99
121 145
100 59
128 115
84 11
23 44
43 150
91 103
66 81
41 116
40 140
137 23
133 107
126 66
127 31
77 69
31 99
63 131
59 92
147 143
102 19
88 47
71 28
149 136
11 91
3 50
81 41
72 63
49 100
31 26
32 9
146 62
107 111
94 68
52 143
60 56
63 147
102 133
77 100
20 139
41 74
38 23
115 12
85 13
13 115
90 96
123 138
59 132
98 3
49 51
47 10
8 109
58 109
144 134
111 65
122 53
139 62
75 5
125 61
69 39
78 9
134 50
146 42
83 145
96 33
97 44
94 105
3 2
115 48
135 75
112 9
29 100
122 103
104 96
66 23
36 143
83 19
94 130
112 79
26 110
111 122
3 107
76 57
108 41
104 144
17 66
2 46
67 25
50 73
22 17
147 57
9 79
127 103
110 141
31 135
2 43
106 56
149 84
113 106
26 118
2 94
85 3
41 2
80 91
74 101
107 122
8 18
102 36
120 61
26 52
97 27
94 52
83 145
37 97
2 62
64 3
6 149
58 46
52 137
38 27
139 47
148 146
64 99
32 85
61 109
38 7
38 131
110 120
27 147
118 81
110 83
83 17
81 140
115 34
28 2
60 17
100 109
64 65
57 147
51 19
106 88
25 143
121 37
14 147
33 77
44 115
62 61
46 103
25 131
131 78
41 49
80 149
112 144
108 11
97 28
18 34
105 62
4 141
127 53
75 9
129 118
123 92
80 70
45 6
51 77
136 143
125 65
43 138
110 52
148 56
80 67
90 34
128 145
76 104
47 150
112 78
19 85
19 1
4 63
6 106
139 141
98 15
107 141
55 119
42 104
24 23
21 15
56 148
10 131
4 108
32 17
35 103
3 54
103 59
18 108
14 59
1 112
73 9
4 127
127 97
81 1
120 3
67 77
52 128
110 55
86 43
124 22
145 126
127 97
34 145
107 48
105 107
61 27
115 116
56 92
62 38
144 83
92 112
62 143
90 21
100 25
63 73
98 110
48 75
56 82
121 12
31 75
20 91
3 37
56 110
30 19
49 75
4 140
36 65
133 125
137 82
51 101
4 149
60 51
125 18
34 95
81 64
19 101
56 73
39 13
33 120
84 81
44 87
71 79
53 105
106 39
36 58
41 91
56 3
43 82
20 77
26 100
42 96
102 98
19 42
110 103
11 95
85 54
31 5
35 83
109 42
23 46
99 116
136 5
118 29
138 137
7 14
138 48
11 142
47 81
33 59
33 96
3 118
149 86
24 85
18 35
126 93
80 75
58 118
131 77
146 118
115 54
33 102
101 44
145 50
26 28
108 59
123 110
78 23
45 3
10 115
37 135
109 19
111 68
136 91
144 33
111 108
86 143
111 88
88 8
137 114
35 146
74 59
8 53
133 104
55 142
120 144
29 78
12 139
47 147
80 40
29 40
49 16
84 62
103 22
69 142
135 5
39 58
115 46
110 149
150 66
141 119
59 19
99 70
59 145
66 138
87 146
79 37
63 13
98 16
86 68
59 70
124 97
29 88
143 138
87 44
53 129
12 112
49 110
83 107
105 51
147 41
46 75
129 109
139 77
26 74
46 136
45 20
82 73
9 126
112 147
19 15
27 83
28 75
94 12
32 100
62 28
140 10
4 21
20 143
97 118
44 82
13 115
65 85
124 93
47 22
13 113
49 147
42 123
91 53
56 40
17 83
82 26
139 102
97 131
100 43
98 143
26 12
108 90
97 133
84 45
4 97
7 52
93 100
77 85
2 132
125 70
117 56
95 105
7 41
85 8
135 84
150 10
148 9
2 94
141 137
138 145
135 46
98 130
145 24
64 48
58 38
20 24
145 114
128 53
57 114
60 93
99 60
5 96
68 6
91 111
142 130
105 127
77 104
106 71
30 71
21 87
109 40
12 5
55 41
58 13
56 117
106 56
78 110
54 48
17 144
8 60
124 112
88 50
117 95
23 146
16 95
134 26
36 47
30 90
87 5
44 106
12 100
33 23
3 80
39 48
87 98
73 100
88 123
119 32
47 16
47 43
150 124
78 98
4 69
87 142
73 130
149 136
131 84
8 35
65 46
83 54
46 5
3 133
29 23
66 75
39 15
117 38
138 96
135 43
15 123
87 139
103 85
125 135
18 132
20 135
80 102
38 27
8 92
61 37
115 126
13 3
42 32
40 30
127 76
124 43
101 60
32 53
145 58
89 64
39 108
48 20
111 137
46 119
79 8
57 43
134 69
45 77
100 136
106 129
113 80
21 63
41 104
17 87
11 106
1 50
63 100
121 76
139 69
96 67
76 2
109 111
70 3
38 72
40 45
102 2
124 122
65 67
76 133
3 86
88 3
37 53
5 60
30 143
128 125
111 53
126 69
66 97
123 103
70 64
147 21
65 23
143 31
89 120
14 91
107 3
146 46
107 52
105 136
96 134
110 56
88 85
26 3
84 50
105 3
113 4
24 79
78 68
110 68
37 25
60 45
79 55
142 36
8 96
21 5
79 131
112 17
117 137
71 50
88 78
53 50
81 128
129 60
45 140
127 133
66 36
27 144
143 19
29 52
16 50
57 147
82 18
65 100
57 135
52 46
62 104
148 44
81 28
103 27
17 131
9 82
69 87
75 61
105 104
14 23
55 70
19 38
140 135
137 98
21 90
143 83
43 42
28 25
69 33
51 85
13 111
68 133
48 143
43 54
148 109
76 104
80 146
43 69
32 81
68 53
21 113
37 115
4 64
140 73
96 92
7 11
105 127
143 2
119 88
107 18
46 33
23 125
80 65
96 14
145 13
66 15
125 102
32 31
67 21
103 13
14 11
23 118
137 67
21 7
4 128
76 49
62 98
76 43
64 21
56 59
85 23
125 112
124 6
142 41
78 94
105 144
6 29
13 143
95 34
51 1
11 127
101 124
126 26
16 40
98 72
150 33
94 124
144 120
32 37
62 11
130 16
4 37
96 17
29 40
50 132
40 112
10 141
85 135
68 2
24 16
73 23
100 69
49 145
38 132
31 99
142 62
16 146
98 111
64 29
52 15
10 144
28 71
36 112
55 5
113 131
20 88
55 21
6 5
15 95
136 97
95 30
8 12
25 8
24 140
36 75
4 97
120 31
17 5
44 71
10 58
103 81
47 8
4 104
64 70
100 50
17 44
79 76
107 5
83 130
144 118
107 49
64 76
131 132
133 76
105 44
35 57
26 82
116 29
35 30
99 135
79 17
80 59
92 37
63 25
68 108
44 24
58 108
100 38
141 134
15 95
27 49
2 52
130 19
133 67
48 133
103 28
51 84
86 142
22 50
68 90
59 112
113 116
121 114
55 111
97 69
56 25
20 109
129 51
127 13
19 25
145 121
52 97
107 40
88 128
89 6
119 148
19 82
15 139
97 122
99 96
92 4
120 111
112 150
12 141
12 30
15 58
53 118
4 9
7 92
38 96
149 7
145 17
88 61
57 86
32 5
31 124
61 53
84 74
52 147
64 27
78 23
131 46
27 139
104 20
26 49
70 84
95 138
21 6
44 9
89 100
39 62
10 143
48 84
45 44
49 10
122 29
32 102
126 110
142 79
129 70
30 100
3 124
87 76
31 32
84 22
132 24
83 141
17 32
126 113
76 77
122 99
105 55
51 80
67 42
8 97
111 89
47 16
63 133
91 145
67 24
16 48
99 1
38 115
32 66
77 9
142 100
108 148
5 8
77 123
101 136
69 114
75 115
129 39
150 121
85 66
144 3
113 92
3 52
109 86
19 35
95 10
37 52
7 93
111 135
65 113
121 133
76 97
98 106
135 149
76 69
64 121
71 78
115 125
31 73
61 50
9 5
111 45
108 20
137 120
4 103
82 26
86 60
122 85
67 106
83 45
77 146
15 147
125 31
122 5
5 84
54 66
140 15
110 97
86 149
118 89
101 17
88 62
138 22
129 146
104 75
72 1
141 120
125 22
91 32
78 24
137 143
13 1
5 11
138 55
30 129
57 131
145 94
34 16
124 29
22 48
2 22
39 122
49 112
114 80
39 40
66 32
104 119
36 17
106 142
46 136
48 78
130 42
22 14
58 145
94 79
95 148
2 133
21 50
146 36
31 34
75 149
117 81
117 54
97 124
45 44
110 93
24 141
36 45
56 93
91 150
73 35
49 127
69 26
64 104
109 98
81 107
116 63
73 72
9 98
116 104
109 110
127 100
146 21
5 140
14 56
115 48
104 91
117 74
18 30
80 126
29 10
82 47
72 56
118 132
4 135
85 112
95 114
61 90
36 118
131 49
23 95
97 127
35 115
50 53
46 31
28 127
40 12
23 13
67 140
46 122
124 33
136 120
146 98
111 31
65 92
132 88
88 78
116 123
94 67
77 139
98 6
17 137
69 39
52 136
80 97
9 54
31 144
23 26
92 36
109 6
127 90
93 64
69 110
88 12
27 66
52 124
124 69
12 42
9 63
79 89
62 88
142 92
81 66
20 22
3 128
80 129
67 74
95 135
34 84
48 60
52 1
33 25
69 96
118 78
9 47
16 122
36 59
115 116
26 134
40 29
13 21
59 79
94 55
115 127
139 12
88 40
13 22
116 133
118 135
112 28
31 127
149 66
87 15
84 15
149 25
43 11
45 101
142 138
6 106
17 46
20 6
137 84
28 4
66 145
138 28
22 71
56 72
136 45
86 121
59 136
145 101
49 39
103 92
79 10
99 147
107 118
2 93
103 29
148 19
75 136
98 148
56 3
69 93
47 57
116 7
94 110
107 44
51 112
135 31
23 84
27 130
103 28
124 56
57 122
74 33
9 73
31 64
75 1
58 24
57 23
30 53
133 39
96 85
52 81
115 126
66 141
105 18
70 131
73 28
4 48
61 12
120 91
75 97
91 34
22 50
57 103
102 91
43 99
25 94
29 41
70 94
31 76
112 2
108 86
30 111
134 90
122 5
82 98
101 74
132 24
123 38
127 126
128 19
75 54
15 5
94 136
99 26
61 112
27 19
99 56
31 82
47 3
87 128
100 89
52 133
113 76
72 141
52 101
9 28
4 75
32 149
60 32
24 23
45 51
93 144
8 123
127 55
27 115
32 29
54 135
11 68
61 83
58 14
33 118
93 89
43 26
87 4
110 111
26 4
63 20
49 122
143 26
26 19
140 110
47 95
94 110
64 56
42 23
121 126
141 63
64 85
141 53
88 100
65 114
103 127
133 2
150 27
79 26
46 120
37 144
117 130
103 30
88 46
53 58
22 95
23 137
29 13
39 116
112 103
79 116
131 114
19 131
140 97
58 87
67 94
133 85
125 85
114 62
33 68
22 54
12 44
92 40
108 33
6 121
37 136
86 18
99 7
50 141
103 9
129 71
4 111
5 128
98 21
92 130
88 113
85 100
58 78
41 67
110 46
37 147
32 24
66 32
30 17
74 35
25 105
7 28
117 12
5 64
84 148
95 21
110 81
22 69
9 63
135 20
10 21
16 93
97 133
27 126
149 2
10 23
106 17
102 73
80 9
38 65
6 35
137 18
115 9
86 25
123 97
34 45
112 127
141 95
3 117
145 4
28 18
110 96
119 84
77 29
121 141
35 5
128 52
22 38
39 46
62 11
142 95
56 6
71 46
2 125
64 146
129 144
65 140
89 86
73 16
114 95
58 50
100 35
3 23
124 42
68 35
104 112
32 9
19 102
107 72
77 20
67 107
65 34
148 4
119 122
71 134
118 128
34 67
65 36
89 90
129 59
27 83
72 58
91 90
9 99
63 137
21 129
145 85
64 44
88 32
15 60
68 133
38 101
101 4
38 92
93 17
52 119
99 25
78 91
16 139
40 78
27 60
56 22
46 22
117 134
53 34
95 120
68 34
122 70
37 62
11 32
78 114
52 78
138 130
18 3
118 109
80 144
70 38
67 116
59 86
1 13
119 95
35 36
129 58
105 67
119 18
150 46
131 52
25 21
83 95
23 102
53 103
95 25
42 64
140 100
149 42
14 19
38 48
54 16
106 60
135 126
77 134
22 110
87 46
130 19
140 2
120 95
6 117
119 99
82 10
100 132
51 114
150 88
63 53
6 70
14 42
46 91
25 119
102 112
66 81
32 108
134 54
104 42
20 72
140 3
133 90
134 85
105 133
74 69
87 79
139 100
120 86
92 47
54 43
60 21
123 91
128 9
144 81
50 65
54 91
67 36
30 50
22 36
84 96
105 20
24 145
22 46
80 113
144 133
6 53
55 30
45 33
38 91
15 87
5 69
28 124
6 109
75 80
47 9
25 1
80 100
145 101
47 126
64 40
10 121
92 64
150 39
96 38
129 13
26 133
133 53
8 40
64 83
119 12
91 143
12 20
93 58
23 139
85 86
81 94
56 74
7 107
112 5
144 90
17 20
125 51
124 132
90 89
116 59
100 56
51 13
128 45
122 150
86 56
137 16
149 94
89 58
50 51
62 96
42 130
17 68
30 140
102 119
79 67
79 80
25 130
93 2
76 64
53 11
120 91
78 20
86 17
77 37
119 40
132 62
71 148
130 100
40 81
121 20
147 49
99 21
80 93
74 6
7 28
68 28
20 146
47 105
64 26
142 32
117 25
93 38
75 72
39 114
54 61
133 103
110 133
123 91
76 99
148 82
28 66
11 48
113 109
2 26
134 45
57 101
70 51
40 144
25 78
9 78
41 141
30 52
123 55
142 100
55 140
31 82
107 41
31 69
52 33
146 35
129 52
37 48
4 128
93 28
108 101
8 148
143 89
49 116
45 40
65 1
81 148
135 89
90 15
59 141
99 54
78 7
16 27
11 144
120 90
3 122
149 150
115 140
48 132
34 139
98 35
122 147
71 112
87 85
21 129
34 126
108 111
133 124
137 45
19 8
36 21
130 35
72 94
24 21
127 109
9 74
45 32
71 115
46 59
50 66
37 135
41 47
147 75
20 133
119 90
43 5
12 74
91 83
69 16
103 45
124 13
118 71
45 90
87 90
148 38
57 87
22 149
35 18
74 54
53 42
45 147
98 56
70 38
138 53
142 32
79 4
51 100
43 137
91 92
25 147
28 98
146 62
18 121
17 70
12 113
66 12
18 135
49 57
24 4
100 55
134 104
7 34
53 49
20 46
141 96
42 70
44 89
34 113
59 102
32 123
65 149
134 35
84 93
58 87
42 14
70 47
20 103
100 121
25 145
13 22
88 82
117 79
17 79
39 119
110 63
85 10
46 120
44 32
114 101
118 6
16 90
52 88
94 53
58 20
99 70
42 89
53 8
69 122
87 107
90 98
20 76
108 117
45 53
148 9
56 18
66 71
9 19
8 102
124 117
122 124
88 13
62 141
20 130
112 8
139 103
8 80
115 26
26 69
24 86
124 93
53 97
101 72
104 52
97 123
75 70
60 87
132 50
9 13
63 68
1 67
75 60
48 91
86 126
10 11
61 133
103 114
131 105
87 85
58 33
57 133
4 18
121 37
68 31
50 32
99 50
1 23
110 100
114 97
75 25
107 38
59 111
53 40
65 41
26 24
125 134
6 128
1 29
15 120
59 64
54 7
15 106
82 26
55 97
122 32
121 130
69 81
90 121
120 56
11 145
80 135
30 137
14 31
15 28
150 74
143 53
132 8
8 63
33 115
9 57
146 31
36 64
112 28
86 81
135 148
128 116
34 7
5 47
89 19
75 89
144 67
43 126
126 103
90 61
67 99
117 62
31 54
27 142
133 14
125 118
11 4
135 44
62 139
90 1
8 66
141 53
35 33
80 10
135 20
70 103
118 88
66 148
142 144
42 26
7 16
143 69
19 30
112 80
18 104
132 77
71 122
130 105
5 111
115 41
130 86
144 149
24 111
147 15
105 90
40 111
105 85
30 25
16 43
6 33
48 138
12 21
109 43
125 15
3 141
56 133
77 101
131 100
113 29
16 67
118 107
80 124
93 109
148 108
53 56
141 3
43 54
75 1
96 101
68 98
92 25
80 70
125 61
71 139
141 138
56 109
94 135
82 37
145 132
46 99
37 36
3 79
141 77
131 86
28 100
34 119
124 113
90 150
75 10
139 66
147 44
76 142
28 59
80 74
40 126
22 128
63 25
108 54
101 141
139 30
90 22
50 64
37 139
63 111
50 51
78 98
146 3
142 75
62 71
148 3
46 72
131 109
96 140
64 98
130 52
30 70
126 79
133 12
120 97
24 19
148 4
19 45
6 10
120 119
80 117
122 28
38 4
38 35
143 101
35 123
54 64
94 29
142 128
92 111
74 116
32 123
119 50
18 26
111 137
145 92
5 18
119 43
73 58
77 65
8 13
89 114
76 84
142 68
61 136
80 37
101 111
61 121
62 78
48 22
116 94
114 121
111 134
65 33
42 43
150 101
56 88
64 131
74 108
100 134
93 30
20 43
140 133
65 104
60 14
125 78
108 140
48 68
124 112
3 67
56 54
17 111
43 133
92 116
90 41
100 32
122 21
126 14
3 92
117 115
105 143
42 62
133 141
32 8
4 86
126 59
139 142
20 31
124 13
147 115
105 96
146 77
18 121
90 73
62 56
37 69
100 130
130 82
120 11
141 25
96 116
83 136
10 4
17 35
16 13
150 121
10 47
99 27
70 38
1 33
145 89
101 146
68 81
130 89
143 120
113 141
138 98
126 147
101 142
83 19
56 82
41 65
31 139
144 100
78 144
132 124
83 119
150 65
98 141
57 120
103 99
107 102
127 5
53 118
139 123
24 123
13 140
3 53
133 102
32 127
83 57
59 67
25 110
131 25
100 38
46 105
38 54
56 14
110 10
34 98
132 57
70 46
98 72
150 81
75 31
57 8
87 17
126 14
28 107
90 30
46 135
134 83
90 91
97 49
3 32
146 134
140 118
82 87
91 81
17 16
14 125
75 100
141 50
15 19
58 104
100 103
140 83
36 79
75 34
29 77
65 77
113 106
44 42
36 26
59 51
39 33
27 139
76 129
55 146
36 9
95 139
50 27
76 129
3 11
7 80
127 135
42 82
28 137
123 64
12 31
16 51
116 43
91 41
73 145
36 108
55 32
96 105
110 73
135 112
83 43
41 59
28 134
140 107
120 15
72 132
45 88
84 62
32 76
102 104
70 39
113 27
70 59
33 29
33 17
43 116
111 83
24 138
119 66
147 88
80 68
121 26
5 106
88 31
91 93
3 32
56 29
3 16
61 84
48 129
126 13
141 110
89 31
78 56
27 68
37 94
38 62
1 46
51 88
76 44
31 78
127 138
8 129
3 120
62 50
150 89
115 141
49 53
21 126
10 47
43 46
42 133
9 42
80 60
32 5
5 114
135 131
101 142
11 5
14 125
54 13
63 18
3 111
122 75
139 33
23 83
78 65
117 87
8 46
48 91
51 104
54 87
136 56
78 146
60 143
22 16
6 85
85 60
97 109
135 137
141 7
70 69
71 36
57 131
134 104
71 34
57 125
22 94
82 1
89 142
144 13
59 149
149 143
58 95
101 42
134 92
101 105
62 21
42 118
1 25
123 124
110 29
98 131
24 81
132 112
124 125
26 32
25 24
25 82
21 27
26 4
118 126
108 29
48 149
48 101
24 20
74 133
100 73
114 123
55 147
137 29
121 12
60 145
36 136
128 56
13 3
111 32
30 68
113 130
118 10
132 43
30 107
78 31
81 93
4 135
89 140
13 111
1 125
105 88
110 82
45 24
137 5
108 68
124 70
99 144
131 132
36 62
88 15
93 70
107 96
55 45
85 119
5 137
93 11
127 105
145 21
128 33
78 85
2 51
56 101
44 37
82 132
98 72
146 40
141 103
37 97
49 121
66 106
10 60
18 136
66 12
58 96
44 135
82 46
36 138
48 131
76 31
14 75
102 10
115 145
14 1
143 114
24 110
121 85
20 139
122 137
52 29
82 148
14 95
101 53
142 133
128 22
49 52
26 110
68 72
123 121
64 138
46 24
11 130
95 149
3 81
102 31
13 99
96 78
43 98
130 34
133 107
108 31
60 35
140 30
106 14
150 19
53 97
42 63
128 136
113 130
67 65
10 131
13 8
58 108
7 37
43 139
45 150
19 6
86 8
35 41
73 86
60 126
32 3
38 9
41 1
138 107
117 50
139 31
57 46
138 63
82 31
104 28
82 122
33 18
32 68
110 104
55 71
79 87
74 19
95 114
19 135
122 37
34 12
67 142
57 55
106 40
85 59
67 68
83 1
137 114
120 97
119 25
17 100
111 142
118 107
7 38
91 30
74 26
41 140
17 149
96 25
38 82
83 6
150 67
7 136
82 126
134 51
150 1
52 12
44 19
119 51
108 59
80 31
137 23
72 3
21 18
27 111
99 12
116 150
78 24
38 10
150 21
112 51
73 13
63 117
31 83
69 40
43 50
122 29
72 43
84 145
112 110
105 113
23 70
112 101
94 149
110 145
72 71
97 144
83 61
110 15
143 28
54 88
78 25
116 51
119 49
45 133
61 149
95 83
121 56
33 64
107 44
110 28
16 56
21 150
117 33
66 11
112 21
98 91
97 116
142 66
14 36
48 126
87 44
59 57
99 143
22 107
89 33
134 104
88 57
6 106
89 71
19 102
144 116
43 90
81 86
57 147
23 104
122 109
49 82
67 148
75 88
104 65
120 140
70 110
46 75
117 36
48 135
39 41
101 81
130 83
68 37
79 91
42 103
49 91
34 116
140 10
105 145
74 127
36 46
138 81
120 104
18 69
89 109
109 91
91 141
23 9
79 4
99 120
106 49
112 41
66 3
51 21
148 26
49 33
71 36
16 93
139 85
11 129
43 120
69 134
110 144
142 38
147 142
59 4
40 73
96 106
75 48
28 124
74 76
59 46
111 126
138 1
60 51
32 5
72 100
40 83
145 31
22 43
74 80
98 113
54 44
68 31
91 95
4 66
72 114
112 84
89 1
85 51
51 116
55 24
117 94
106 14
26 127
56 99
109 4
61 12
47 31
42 39
27 98
105 99
61 118
32 52
118 18
102 71
35 6
94 54
1 50
67 26
78 24
124 36
27 86
48 125
116 141
66 143
140 20
143 51
137 76
4 6
146 105
76 30
12 72
135 12
23 51
37 100
75 62
136 3
147 85
30 15
75 95
59 65
16 103
17 2
28 20
7 23
124 135
105 135
56 89
48 78
42 136
27 116
47 12
20 95
96 101
11 73
97 121
137 112
73 55
15 3
74 22
25 99
58 129
135 113
120 32
92 11
69 20
28 115
84 99
111 81
50 24
3 146
144 41
10 119
95 24
121 70
97 145
70 4
26 54
18 145
137 109
57 55
31 84
71 114
32 84
44 81
107 47
129 2
139 40
120 136
63 90
55 10
137 27
65 64
80 83
58 119
93 114
75 123
99 146
138 130
131 32
113 139
130 143
140 118
32 12
5 146
101 112
5 139
138 122
52 119
106 11
87 100
26 12
125 124
59 112
6 39
143 118
79 24
12 68
44 95
79 48
90 82
9 147
122 48
118 24
17 125
34 5
74 60
68 48
33 28
10 90
118 54
109 46
78 120
114 121
64 94
70 4
77 131
150 49
80 19
124 96
143 7
3 66
66 70
16 1
150 77
90 117
130 101
13 109
70 28
131 36
23 51
91 2
83 90
50 12
10 75
10 54
81 12
21 49
133 36
101 132
112 92
99 144
42 13
102 112
40 135
49 62
35 139
63 19
130 14
30 139
88 91
42 71
4 114
119 137
150 121
20 13
62 20
6 104
84 10
117 123
144 15
87 80
3 51
98 34
117 29
22 106
120 115
26 123
78 46
11 129
16 83
142 130
4 49
83 88
110 101
112 103
17 48
84 71
1 83
104 117
112 27
72 133
141 150
7 120
45 70
99 113
54 142
92 57
92 76
46 52
78 8
56 94
107 140
66 9
124 19
125 85
45 99
119 87
98 126
56 142
97 56
6 150
47 97
56 41
22 4
92 1
63 49
94 19
90 9
28 64
79 54
50 123
2 19
111 1
46 17
45 142
124 50
141 21
147 98
113 70
101 106
71 13
4 66
84 94
127 13
7 55
66 56
80 120
126 40
120 21
56 14
64 30
116 106
102 14
54 116
135 56
71 107
121 74
23 106
17 51
118 75
105 85
33 34
106 8
126 128
81 83
43 46
112 8
2 115
21 55
80 6
12 52
112 34
126 36
139 44
86 8
21 93
93 53
28 100
112 3
77 94
86 120
140 99
127 141
116 50
97 107
10 149
120 44
124 6
32 17
143 92
89 85
34 141
15 35
5 17
112 98
4 81
87 103
109 129
68 60
75 14
16 85
12 136
30 37
43 113
106 35
54 44
22 87
35 36
24 91
104 135
38 108
117 27
60 127
57 29
37 34
42 52
20 106
89 49
142 131
11 97
16 65
141 89
53 77
124 76
17 129
112 106
86 78
34 145
107 91
75 143
26 117
96 45
72 35
145 63
15 5
62 82
121 52
20 76
128 45
53 46
24 15
53 109
144 87
6 100
79 132
144 104
98 90
50 71
26 44
36 92
100 97
24 123
50 95
48 79
140 2
124 65
68 26
75 62
14 132
63 92
114 109
97 113
100 146
34 125
91 69
66 41
67 141
13 116
86 112
96 127
113 69
41 31
146 17
144 10
149 108
3 112
66 100
74 67
147 9
41 88
77 9
30 45
51 42
62 38
55 7
14 17
127 106
99 123
123 92
34 121
50 36
134 17
37 57
84 86
66 26
23 44
86 52
141 137
145 52
24 49
111 90
117 87
45 66
111 69
59 144
39 10
82 22
79 118
131 12
53 98
89 127
43 25
80 33
63 74
137 138
24 149
77 43
85 24
10 46
92 68
39 33
130 120
54 58
140 86
121 94
85 59
71 128
135 150
62 47
126 100
35 51
98 13
93 33
36 102
130 30
72 70
62 51
92 17
108 81
103 130
24 37
38 146
66 23
146 128
121 77
57 21
77 70
16 109
7 117
88 36
90 7
149 42
150 16
51 80
20 30
6 108
68 1
24 142
146 53
112 18
31 19
91 107
140 106
117 146
124 106
84 116
15 82
7 14
149 58
94 18
87 1
126 4
1 51
47 49
5 9
118 87
79 58
44 68
65 62
115 91
18 100
56 32
32 62
97 30
119 40
100 56
92 127
111 93
27 8
43 83
68 10
19 48
120 114
115 34
26 131
124 95
81 29
28 14
91 124
95 59
66 44
16 7
72 127
1 98
134 95
82 103
105 101
150 126
116 16
9 43
146 35
137 128
115 66
141 55
40 138
16 105
83 31
13 5
59 66
4 42
10 86
46 16
88 45
141 53
60 150
96 108
86 134
85 50
50 128
7 89
17 74
95 99
104 9
103 65
74 107
8 84
42 54
99 129
98 90
83 60
141 80
17 128
64 3
27 113
32 85
103 48
8 99
147 14
107 1
78 31
107 85
16 50
138 16
80 138
7 13
47 49
92 115
26 57
19 105
71 51
39 23
150 47
23 146
60 130
147 39
62 5
123 129
55 13
144 134
150 1
48 98
101 140
114 127
98 132
133 19
32 21
93 84
119 116
79 80
147 127
118 110
34 91
88 5
133 123
56 35
21 3
136 62
18 14
9 149
146 27
83 16
120 16
135 137
146 116
133 25
84 92
58 76
29 145
80 63
19 135
98 39
39 83
100 108
96 11
106 91
37 90
8 58
105 44
44 3
10 26
27 93
19 84
70 99
130 51
12 148
87 109
89 125
93 38
134 38
100 89
30 137
29 37
96 35
81 140
89 142
67 115
136 138
100 55
86 131
105 149
129 41
107 67
67 49
6 50
138 8
40 17
144 120
106 89
57 88
130 145
