150
46 19
137 16
104 89
22 75
149 83
115 87
91 26
119 143
51 25
56 84
75 83
121 35
90 80
24 25
8 43
73 54
61 112
69 14
50 142
140 100
127 104
36 119
31 56
111 82
80 16
15 56
150 38
90 142
19 16
68 26
58 140
79 20
3 148
85 52
41 74
1 17
79 36
135 109
143 147
92 124
13 9
29 64
46 21
55 64
36 24
89 145
66 18
14 68
67 98
120 107
21 120
124 1
58 10
109 50
7 51
24 71
59 104
134 104
26 91
69 113
114 59
107 29
128 120
97 44
119 66
1 41
87 26
41 144
87 150
96 93
50 21
13 10
26 49
15 52
139 83
14 4
141 121
33 119
142 31
64 111
148 116
1 84
43 42
130 93
75 72
142 147
137 53
22 35
67 73
75 149
139 78
41 11
12 61
2 42
27 14
39 142
67 25
35 10
4 66
102 130
39 145
126 25
47 147
111 113
122 35
13 12
15 53
22 26
16 23
68 42
89 8
85 5
32 21
14 35
86 115
66 125
109 41
51 5
90 12
19 113
98 31
124 112
135 145
138 150
69 107
93 7
114 28
11 146
48 24
82 36
40 148
62 148
90 112
54 29
25 72
43 25
4 16
38 139
10 77
138 131
33 133
137 49
10 148
96 109
73 27
46 113
76 107
12 68
121 118
96 145
39 41
71 95
56 109
83 118
35 122
98 68
104 136
18 15
133 113
26 108
41 71
122 19
80 133
86 50
100 83
96 41
123 17
135 81
27 119
48 61
90 47
30 96
32 47
110 67
9 37
24 102
10 145
120 89
29 55
40 129
137 37
71 110
53 107
40 79
75 139
42 14
35 71
109 118
118 121
34 28
7 109
129 16
5 98
6 34
2 97
64 41
134 36
150 36
142 91
17 66
131 58
79 15
30 90
34 147
60 120
25 118
78 3
36 135
3 93
70 4
40 133
96 23
18 147
110 9
87 126
126 67
85 54
133 115
45 69
13 6
38 37
124 17
92 61
1 94
3 70
149 42
104 95
64 121
143 24
31 80
51 6
48 38
112 83
2 58
1 66
64 38
5 89
54 96
149 55
91 1
26 141
43 130
137 106
2 130
31 33
111 134
90 8
21 103
142 74
63 142
139 126
81 143
64 135
140 62
91 132
62 116
25 6
147 11
14 149
42 44
83 2
27 74
62 99
27 53
22 141
97 11
116 27
55 81
63 45
44 55
78 7
21 102
13 69
113 26
67 56
121 149
110 50
73 148
1 27
20 43
123 82
8 52
136 140
114 82
33 19
62 39
91 13
51 9
27 128
128 83
99 28
94 148
100 16
47 2
42 66
44 15
49 103
66 35
144 81
18 26
99 79
65 91
144 17
100 20
47 77
4 47
6 97
44 8
112 142
9 4
58 105
70 106
109 135
42 103
65 112
30 66
92 146
6 85
65 7
7 111
135 10
7 141
9 102
148 120
93 58
25 52
64 94
8 23
78 101
27 45
114 56
12 56
104 17
42 18
24 100
128 60
110 134
50 118
137 47
139 79
105 14
33 70
107 40
92 87
42 20
33 6
128 44
113 81
112 56
98 135
6 75
97 17
110 146
36 96
95 24
76 101
89 108
20 46
49 14
34 143
33 66
50 10
109 64
142 70
119 89
107 26
65 53
42 24
100 129
21 96
55 149
46 143
106 66
90 57
79 123
49 13
90 150
75 48
63 66
20 83
5 28
109 121
132 52
145 133
31 67
79 85
65 124
77 73
91 69
31 71
41 131
84 131
130 60
80 42
125 1
26 31
80 134
2 61
36 48
44 118
114 24
52 81
147 30
3 140
98 85
60 41
65 143
73 44
104 2
137 79
55 12
11 134
48 12
45 135
111 140
102 75
13 55
57 61
136 111
50 84
45 12
26 109
56 98
54 10
1 92
88 55
5 98
39 52
12 135
88 122
26 91
98 38
145 4
150 33
114 102
18 60
113 43
18 140
123 27
140 64
16 45
69 114
135 22
27 119
110 148
144 50
96 83
97 1
134 129
17 85
48 76
99 90
146 117
131 118
45 22
32 61
118 2
76 102
23 102
122 34
1 115
136 148
99 82
149 83
112 67
69 9
142 18
150 137
134 130
105 80
1 38
140 119
39 117
70 113
120 94
49 121
58 34
20 59
115 70
43 128
136 111
136 128
128 37
16 13
16 120
93 68
59 134
36 149
101 8
14 122
101 62
92 60
95 112
20 111
83 62
88 69
23 125
98 52
11 113
117 78
135 111
145 43
94 83
42 96
90 55
68 92
116 61
1 112
74 21
72 7
82 61
75 6
35 74
110 97
36 76
24 20
36 70
63 31
2 6
127 91
112 96
84 129
6 85
90 132
7 63
138 140
123 114
48 7
37 7
5 124
82 80
144 117
149 108
49 53
113 25
143 126
22 77
104 28
63 43
9 121
105 48
110 129
11 7
37 99
13 41
72 146
120 117
14 20
74 63
72 88
139 117
63 11
95 16
90 59
110 98
29 116
145 138
94 57
47 130
57 111
72 128
9 93
95 22
113 18
136 86
8 125
104 70
135 48
138 74
8 149
73 36
17 119
76 12
77 24
44 133
134 115
12 44
58 106
66 72
26 103
59 33
77 13
4 113
112 43
88 120
94 62
57 110
30 34
23 8
57 66
140 93
31 2
136 140
9 51
113 34
4 73
118 132
85 24
147 99
118 84
120 61
146 78
72 77
112 95
85 18
62 126
110 92
29 96
133 38
48 147
123 103
70 143
85 56
68 81
4 35
66 25
96 113
103 69
40 64
13 26
133 75
53 93
68 134
90 103
73 137
99 97
142 18
89 128
126 6
110 129
93 25
56 38
138 60
106 79
123 21
6 7
95 58
99 64
93 90
16 15
77 17
112 120
86 102
97 61
10 56
92 102
80 147
139 119
108 146
47 80
16 104
86 12
64 87
128 6
26 143
21 4
61 34
123 49
135 69
109 144
26 102
95 106
150 83
126 107
131 23
88 146
28 24
60 91
12 37
97 89
81 19
145 44
52 117
92 36
88 50
30 113
2 124
120 53
109 96
10 141
20 97
38 47
22 97
138 85
35 136
24 116
4 18
9 55
36 100
90 25
51 21
40 104
47 9
7 57
6 68
47 77
14 84
124 88
83 13
22 117
148 45
134 53
114 44
107 52
143 98
76 96
119 115
49 67
26 107
123 31
24 19
10 90
4 35
27 138
47 48
105 96
145 140
148 10
34 6
61 78
103 137
23 123
3 124
39 28
80 11
111 6
81 120
95 137
4 23
124 102
122 78
99 116
68 148
28 3
3 88
80 7
126 103
32 129
128 70
58 57
133 70
114 63
39 110
101 94
132 75
97 104
54 97
121 23
94 148
25 148
138 105
57 113
57 88
143 34
7 51
142 139
22 8
104 113
117 106
56 1
30 55
104 84
1 126
106 95
26 131
144 13
137 50
27 95
137 72
30 46
24 73
34 45
80 39
7 99
145 115
99 76
19 104
9 71
79 17
67 6
49 61
70 35
110 149
31 149
70 60
44 93
132 129
39 114
70 46
62 116
10 41
80 15
102 150
145 118
67 1
68 29
70 4
40 68
34 38
39 93
133 131
126 112
20 89
31 117
150 146
126 61
88 107
75 39
106 70
58 74
70 125
4 41
30 44
11 63
133 49
57 116
82 85
129 3
23 61
119 75
108 146
135 45
102 112
136 109
31 43
33 2
70 88
94 99
131 104
64 16
55 22
131 136
106 11
138 31
71 106
105 28
101 141
72 104
102 57
62 34
2 146
35 71
84 129
71 64
134 131
38 6
13 75
13 23
62 43
93 69
147 22
19 40
146 122
141 104
86 77
105 81
111 77
14 141
148 130
27 33
110 64
38 123
41 103
47 102
145 140
21 44
63 91
135 58
115 125
12 50
51 116
130 64
43 46
106 92
25 132
124 134
98 64
8 138
16 55
141 62
96 63
7 8
4 141
66 20
116 129
69 68
94 100
33 38
145 41
31 71
74 5
55 73
68 114
60 135
70 103
46 15
15 53
75 70
43 42
89 60
20 59
30 15
61 114
105 55
4 135
126 78
139 82
150 108
97 112
92 17
116 40
83 130
144 59
102 88
100 40
50 21
1 79
36 61
94 42
17 98
26 44
77 67
27 128
24 124
141 18
42 106
109 26
138 4
85 89
91 86
30 140
107 30
120 44
142 64
85 61
11 110
104 139
26 33
116 102
58 107
21 99
114 31
26 101
34 110
91 124
46 121
16 2
52 135
45 44
48 129
6 110
140 109
98 68
43 64
71 100
72 143
100 87
23 126
38 56
85 128
81 32
98 96
85 52
133 129
147 30
9 2
140 51
110 139
118 55
104 38
4 25
82 104
112 104
131 51
61 117
80 43
149 80
41 83
131 23
114 127
104 24
128 93
74 139
82 93
43 87
32 99
112 113
104 125
66 84
77 28
50 6
71 100
85 111
85 65
35 48
41 138
123 70
133 47
59 116
139 101
52 73
49 13
35 54
39 3
137 115
30 89
23 2
38 107
112 122
22 146
71 114
36 96
34 18
142 92
133 32
94 34
104 45
99 41
98 137
43 137
4 124
75 26
126 14
34 139
38 55
135 10
71 72
105 104
89 96
97 71
30 92
104 35
38 52
127 38
91 19
24 146
45 150
73 20
13 106
8 50
63 44
60 133
115 14
138 53
12 136
25 93
129 29
17 82
6 54
74 76
129 69
120 128
43 139
42 149
49 144
113 92
105 147
109 20
36 63
31 21
88 25
51 66
54 67
49 111
22 123
36 52
93 6
81 136
46 123
36 146
116 50
140 122
46 98
141 133
10 74
55 149
98 105
116 53
74 15
13 95
39 101
49 131
8 129
18 105
101 105
101 118
56 90
89 101
89 132
83 98
55 39
149 2
144 114
107 67
30 21
63 68
121 111
101 128
90 20
83 92
125 33
112 30
24 50
33 112
31 17
111 137
56 109
139 101
73 147
17 4
17 79
72 138
40 74
17 31
93 1
122 119
33 83
