200
9 98
137 84
92 177
48 136
62 122
177 164
48 198
27 71
45 161
187 152
120 73
75 194
18 80
123 153
122 134
72 130
31 160
13 75
136 12
10 150
85 138
65 84
135 43
154 180
3 93
131 75
117 157
20 134
188 143
39 109
28 62
191 11
21 155
85 108
119 94
9 155
31 74
39 118
116 144
49 71
36 131
145 153
87 164
38 74
58 28
183 86
89 125
96 109
79 132
169 197
25 177
152 7
2 142
76 118
85 124
188 73
54 84
177 140
199 14
14 57
42 148
94 82
72 189
191 102
72 111
99 96
87 2
54 89
143 82
158 179
5 97
51 59
180 27
150 178
193 115
186 14
79 67
85 19
9 187
90 119
37 137
158 38
143 46
132 24
3 110
28 99
113 38
30 91
188 7
83 54
193 20
68 23
39 104
42 199
42 131
118 30
68 75
19 10
72 150
33 74
12 124
124 50
153 14
189 111
49 194
55 68
61 78
106 117
119 105
110 49
174 140
68 200
158 77
71 60
61 96
71 73
19 194
74 123
7 62
33 55
55 88
75 68
165 132
184 83
188 93
83 113
184 151
112 142
179 134
1 40
29 71
64 199
16 137
121 22
198 154
29 4
41 55
71 157
186 6
191 126
51 73
38 34
175 150
175 154
83 127
145 64
197 8
62 12
96 135
186 45
88 166
48 80
20 71
188 157
76 178
82 126
50 120
112 177
21 86
130 55
13 26
118 161
185 132
125 80
66 62
124 105
27 123
136 198
193 123
154 21
100 188
98 101
107 9
29 79
47 158
133 59
135 3
171 119
86 47
150 103
108 25
7 134
148 94
131 92
16 37
112 67
24 10
119 82
170 148
160 16
57 44
26 192
46 197
62 83
43 12
185 103
188 143
188 135
36 71
179 3
107 90
21 82
51 92
163 21
191 74
36 47
117 62
190 115
10 4
197 4
167 134
106 154
76 94
41 64
164 19
18 22
60 191
103 111
82 17
83 72
90 118
70 158
131 60
72 140
15 21
144 181
154 1
134 29
46 174
44 161
144 62
182 4
52 36
114 85
52 196
108 141
65 177
99 196
188 122
135 2
142 30
182 95
183 68
76 28
41 119
189 185
132 122
140 135
158 53
19 161
200 126
54 64
55 104
59 42
25 146
196 167
127 177
13 109
196 88
89 37
159 29
173 42
102 112
177 11
116 147
172 115
25 178
79 128
189 72
152 86
67 70
12 196
35 73
191 74
161 179
32 141
103 74
42 166
2 53
81 148
176 147
172 200
77 50
127 65
74 30
102 140
52 113
87 38
185 78
111 97
8 95
189 111
168 183
76 169
187 109
68 162
7 40
161 83
41 39
99 114
20 200
6 23
65 92
60 1
121 171
50 129
65 38
39 184
172 66
104 158
126 171
119 133
162 31
15 155
21 66
68 193
17 25
15 81
117 27
82 189
197 131
117 13
120 107
196 92
125 51
1 50
173 120
182 135
102 149
89 75
166 108
67 182
133 33
63 1
59 96
189 55
26 58
19 97
164 166
188 88
16 189
90 189
60 23
75 113
123 115
187 88
22 5
70 106
38 84
58 96
179 47
103 156
104 121
52 19
87 192
107 102
180 148
42 191
170 68
103 93
182 42
180 156
46 1
61 35
84 119
131 14
117 33
121 172
153 173
190 191
164 48
45 95
195 86
37 165
154 91
57 87
132 188
42 130
189 103
164 24
173 46
190 89
78 110
12 183
82 153
173 197
1 17
43 147
55 79
63 160
122 71
46 53
59 88
134 199
142 50
22 114
95 163
154 173
73 165
107 106
69 79
55 21
48 97
168 102
128 182
13 49
53 58
53 63
145 187
61 86
36 34
151 82
197 56
6 69
20 112
126 41
191 180
61 190
77 180
43 4
162 55
52 14
112 56
76 9
42 88
46 29
121 149
111 69
4 116
137 176
180 63
16 122
42 76
111 70
56 153
25 17
159 28
182 22
84 9
182 125
96 28
106 168
176 168
37 179
35 125
154 14
139 169
135 133
197 2
52 101
27 20
11 54
1 33
89 161
14 166
8 193
71 175
168 190
163 99
176 40
4 142
178 125
76 62
121 25
64 124
77 42
143 88
47 95
120 136
7 85
101 14
78 123
140 197
112 55
47 87
94 51
28 23
175 56
85 47
32 148
122 108
141 64
195 187
110 66
74 68
151 174
81 180
96 172
176 159
26 23
198 71
25 177
94 151
32 178
197 15
77 118
123 17
133 69
155 194
87 29
61 37
2 93
168 50
16 143
160 42
117 157
64 93
134 157
43 117
134 191
132 10
60 6
26 192
26 133
137 112
161 149
100 114
193 67
163 9
162 75
2 30
31 65
123 164
22 117
33 107
108 116
117 167
121 94
111 98
26 199
10 138
148 61
52 92
128 166
100 41
40 53
22 71
118 144
186 91
13 18
197 120
85 65
38 5
111 100
103 88
99 64
26 198
124 29
89 3
194 141
43 186
193 17
8 62
160 145
152 124
115 101
195 199
165 33
4 75
84 58
163 134
73 140
83 196
168 124
151 113
64 145
98 56
161 105
118 73
50 21
196 116
121 191
114 86
175 117
112 10
126 26
144 198
117 26
146 84
149 48
149 164
192 46
172 105
103 41
177 104
61 172
19 134
114 132
19 40
1 82
50 78
60 193
28 176
170 125
60 71
172 8
34 115
5 19
59 45
195 162
58 119
132 191
184 16
161 24
168 194
73 45
53 65
72 29
186 196
40 56
119 199
90 34
3 46
52 62
43 199
175 100
117 59
42 52
74 2
75 41
195 147
37 200
163 109
28 149
56 19
4 175
17 45
160 19
91 11
32 85
9 159
184 77
169 25
129 194
178 3
34 124
102 22
123 16
82 102
164 90
120 64
136 116
175 107
158 185
90 42
146 200
25 22
168 1
102 161
130 57
146 54
158 168
128 173
1 30
89 90
101 160
105 37
75 79
95 33
64 184
26 161
136 3
182 103
155 36
16 85
92 161
90 1
80 17
125 81
198 13
122 99
124 27
135 199
105 181
183 168
164 160
80 51
162 14
154 117
49 169
153 92
81 42
92 113
58 168
145 56
133 66
154 56
92 40
6 197
20 140
116 135
100 196
186 13
9 91
129 9
11 81
100 43
74 143
155 132
110 51
139 42
117 44
50 8
35 55
156 6
195 72
92 46
19 29
58 179
119 139
187 81
19 86
124 93
180 30
176 89
81 66
83 197
61 132
156 95
186 112
100 132
135 143
177 105
172 35
83 90
173 69
171 143
106 46
187 85
75 114
125 155
179 7
103 39
138 59
85 76
122 136
7 56
79 136
160 50
122 194
91 46
62 13
188 119
10 127
155 85
192 79
191 171
38 94
161 175
104 198
2 25
85 161
80 163
96 191
164 169
184 7
14 197
171 153
67 181
31 21
65 23
99 7
145 136
52 57
63 155
54 16
179 139
176 10
53 23
152 169
191 135
175 156
83 145
109 149
125 91
169 141
113 20
148 57
155 199
66 169
106 119
185 84
9 160
46 14
135 197
182 77
84 156
33 166
52 93
115 177
183 35
69 48
54 168
56 161
119 121
129 24
192 113
59 200
25 104
13 111
101 146
187 184
53 171
101 105
63 15
33 198
50 101
45 55
69 100
15 139
173 144
162 164
8 20
163 184
76 128
94 176
25 33
111 78
3 11
182 18
178 14
15 179
66 11
33 86
62 200
24 34
143 185
149 102
157 64
38 32
143 83
159 167
115 69
44 70
31 177
87 8
142 53
138 8
15 171
93 28
170 69
14 64
5 162
117 161
25 154
144 167
37 102
134 151
122 129
172 153
106 10
112 47
62 50
6 28
20 51
56 141
119 69
156 123
30 72
36 55
26 179
173 62
81 106
164 154
35 88
106 92
97 18
138 159
19 144
138 190
146 193
130 64
61 85
138 43
108 173
49 133
152 21
146 184
127 62
137 113
149 195
4 45
164 93
155 182
188 93
171 133
85 52
148 98
136 86
92 43
58 140
128 161
160 73
96 38
134 185
102 34
179 57
79 142
150 185
75 89
77 45
174 114
96 121
163 183
6 54
177 16
145 56
128 56
129 24
94 14
8 147
200 138
4 78
79 105
62 105
193 91
149 118
156 196
39 118
130 196
123 106
11 67
162 91
74 42
114 167
7 73
66 6
10 69
35 40
125 49
144 69
91 92
187 46
39 177
163 168
172 37
73 135
55 186
25 128
179 138
47 186
162 112
143 171
132 130
10 56
178 153
76 68
196 62
113 34
38 27
1 162
63 25
96 117
163 120
196 93
9 42
78 170
153 173
140 84
102 101
91 31
5 167
50 200
180 114
33 18
140 185
179 154
161 26
22 75
145 17
168 105
59 197
74 163
169 165
199 22
17 89
52 21
7 53
20 187
166 4
156 57
140 86
10 52
111 183
127 7
152 94
111 162
42 136
76 11
52 74
184 68
163 188
88 121
40 59
107 6
62 153
147 24
4 9
158 82
15 61
175 125
174 17
60 50
179 63
123 114
130 37
53 17
158 93
27 16
50 88
78 63
192 176
38 196
185 148
77 199
8 4
76 182
172 87
31 102
150 105
167 79
142 20
48 51
112 74
66 113
114 95
127 105
23 165
52 7
112 129
157 71
84 184
4 7
71 34
108 172
91 74
2 184
93 49
34 156
75 51
20 188
98 147
44 120
111 96
78 174
176 186
196 11
170 200
17 192
185 124
163 75
149 164
58 194
165 43
149 39
46 121
178 143
67 21
14 129
68 91
54 195
76 49
5 45
48 21
188 33
96 150
59 45
66 69
38 30
111 138
68 108
58 197
50 124
17 63
4 37
105 57
31 181
106 36
177 105
8 165
89 104
66 148
100 131
16 137
112 78
26 131
186 84
127 187
159 96
2 115
132 106
171 114
86 28
101 15
133 109
131 21
164 196
168 63
79 135
151 142
13 176
73 150
11 199
136 122
46 137
36 177
43 158
43 80
186 143
46 118
51 176
90 14
124 10
28 2
144 178
143 108
106 167
57 68
166 145
189 163
81 176
140 75
86 182
107 71
76 152
140 127
128 29
92 3
38 120
4 182
49 98
41 106
17 98
174 134
42 114
96 74
42 187
101 127
120 7
197 196
110 136
122 189
116 165
191 154
36 146
87 37
196 127
142 12
176 115
145 169
29 192
195 70
179 95
196 98
53 144
93 162
31 166
103 146
83 93
51 118
191 89
154 186
16 96
197 143
162 93
112 142
84 58
163 62
152 110
112 156
53 4
69 35
170 171
181 52
16 183
121 6
72 27
191 39
74 139
181 35
183 44
129 18
101 91
32 4
1 143
159 5
98 180
40 19
150 172
22 165
154 143
122 25
121 64
63 194
2 44
180 136
39 108
154 140
199 137
95 151
79 54
155 176
33 194
195 134
117 16
51 71
110 124
95 30
188 158
175 141
153 155
77 191
14 182
82 164
118 177
114 148
182 21
75 166
166 21
51 83
189 101
153 98
25 47
80 12
156 54
104 60
8 180
51 174
113 84
137 182
12 51
81 193
71 156
158 188
176 161
70 164
61 22
14 37
21 93
200 128
98 104
188 58
35 190
31 148
73 167
81 85
169 162
29 39
117 139
179 44
99 48
160 111
22 173
148 42
17 99
121 114
2 108
123 189
49 153
88 74
120 168
158 88
129 138
79 197
76 57
41 174
56 152
37 77
124 184
70 92
34 191
157 36
50 80
24 99
32 111
172 103
30 81
143 159
18 173
107 46
181 147
171 36
50 7
65 173
142 134
16 176
76 173
163 126
4 138
24 187
200 147
42 29
179 184
139 196
108 46
193 88
144 164
75 194
122 139
118 64
25 134
39 100
58 153
25 13
90 200
199 89
98 192
69 76
127 8
72 34
5 16
73 148
179 100
93 101
190 11
116 14
96 106
114 105
58 90
69 147
42 67
187 139
11 55
15 137
62 38
171 18
53 195
166 184
94 10
84 20
151 97
67 56
162 123
113 4
191 11
45 10
197 183
20 3
197 156
17 34
78 34
39 73
151 22
118 161
57 1
132 7
50 151
62 163
73 126
166 64
88 10
73 36
145 44
38 141
199 6
127 29
40 117
53 142
138 170
102 194
123 186
152 124
136 165
38 160
42 4
23 129
165 47
164 109
90 153
2 41
111 80
21 102
196 73
43 85
194 97
78 116
82 181
191 169
145 29
128 186
184 103
66 100
149 29
9 191
133 162
183 43
193 3
96 140
75 139
24 68
35 53
136 68
33 78
36 177
106 115
114 41
17 179
141 118
159 101
108 91
14 90
86 6
44 181
145 118
71 168
137 105
20 24
124 4
102 111
180 159
26 93
200 42
71 92
159 181
192 18
71 5
59 108
162 102
41 106
171 63
25 108
168 196
131 43
199 32
154 130
191 179
174 142
172 196
33 83
176 52
198 132
111 106
93 164
98 150
135 160
174 42
79 121
172 122
71 156
27 200
98 5
173 191
128 168
175 10
143 150
62 140
81 124
197 173
87 46
74 21
158 199
14 36
119 138
109 189
93 87
140 142
91 64
132 171
183 58
132 77
7 145
168 39
68 165
11 107
162 84
127 119
82 141
107 152
30 15
92 74
102 183
15 144
46 98
66 28
155 198
56 113
142 23
151 162
187 113
68 149
196 194
19 29
86 125
132 115
92 23
188 145
157 154
40 2
3 106
181 157
103 36
21 196
58 171
157 197
83 24
97 30
170 115
10 7
192 141
122 83
115 61
27 23
167 66
24 169
171 156
78 25
143 98
173 153
21 129
149 55
105 197
85 74
111 46
80 54
139 153
136 5
166 114
28 132
180 3
52 102
159 81
79 101
131 51
53 151
131 153
5 35
149 41
60 12
39 140
65 177
44 153
181 9
66 8
92 197
11 144
51 121
24 81
173 106
83 178
56 13
130 13
48 31
5 59
42 43
198 58
171 42
10 152
2 28
111 94
176 73
189 178
193 164
58 166
70 140
143 77
105 24
89 104
54 46
162 47
88 160
105 59
153 66
162 154
45 24
199 21
97 187
198 89
151 8
6 172
147 100
48 51
124 89
154 129
134 68
176 173
27 32
183 131
97 144
84 142
168 35
114 16
21 111
56 123
118 62
94 17
113 94
19 36
182 125
117 115
192 92
39 170
123 22
100 171
117 135
64 36
169 177
51 190
40 107
64 109
120 110
125 32
3 96
20 184
20 136
50 163
179 40
132 53
61 31
23 130
165 39
165 86
15 168
27 54
26 90
115 145
151 191
176 153
86 147
88 57
82 89
19 12
129 150
64 141
132 39
70 49
77 187
134 43
154 160
97 131
1 163
75 152
153 2
56 39
101 96
95 182
184 114
146 64
15 9
5 147
47 26
147 75
12 80
118 117
191 166
199 143
128 73
46 80
27 102
118 127
197 165
60 132
30 5
148 44
166 152
142 164
129 40
39 93
71 108
161 61
73 160
156 200
184 1
31 10
54 101
88 2
17 100
86 46
56 33
41 173
184 135
137 64
174 127
156 45
34 117
57 58
76 164
9 59
165 39
21 170
91 60
172 107
111 57
152 119
89 145
91 24
79 179
39 4
105 195
48 90
111 57
147 138
20 107
148 136
146 120
106 188
180 29
95 42
85 198
160 125
142 51
100 20
29 138
176 86
84 175
127 146
31 74
83 3
180 183
138 77
102 195
65 33
23 111
75 59
108 34
135 50
36 34
21 17
124 196
102 7
171 180
105 153
53 139
155 185
121 45
13 23
39 29
55 14
139 81
72 47
115 159
48 102
192 68
118 67
16 171
26 186
151 130
138 155
68 45
91 141
89 104
115 79
84 121
92 23
2 116
21 68
74 20
169 17
39 36
54 9
61 191
111 142
81 66
161 125
156 101
13 11
15 43
95 88
135 69
89 2
41 156
75 12
76 91
50 114
126 104
75 138
94 185
31 174
50 192
50 158
44 14
120 11
57 166
98 143
186 138
144 26
45 18
37 120
60 39
186 138
142 60
27 187
196 58
113 198
1 162
155 44
176 26
6 32
192 55
174 177
192 69
155 36
86 143
108 97
181 93
34 122
104 13
61 51
70 173
48 22
134 154
65 109
180 23
92 171
77 17
147 21
85 53
56 170
196 115
19 176
159 4
50 14
16 110
65 37
82 112
58 167
18 75
28 197
97 119
119 125
136 17
145 20
70 153
142 65
67 160
192 26
163 41
39 131
102 55
167 135
167 177
102 184
51 129
132 147
199 50
23 134
66 168
106 87
120 47
151 138
158 95
115 72
87 106
2 189
160 121
123 126
97 176
61 147
56 192
45 55
193 67
188 11
186 93
97 57
91 200
147 48
94 61
120 180
166 73
168 126
193 43
3 41
170 64
187 26
7 183
80 152
2 67
162 187
112 58
196 2
57 142
2 102
2 121
82 168
145 1
93 138
195 47
178 165
110 117
190 69
99 21
20 100
39 133
39 150
190 34
104 199
175 105
52 176
177 85
95 121
86 139
10 32
186 140
196 95
56 137
115 106
109 134
158 148
18 196
49 8
29 104
158 155
160 9
82 88
94 177
9 131
115 170
162 100
109 110
147 116
198 13
22 107
99 179
6 116
126 6
75 106
110 32
60 69
193 141
157 38
69 117
120 184
86 33
35 147
142 133
62 92
146 35
150 44
165 107
111 90
112 186
147 21
17 6
42 161
99 198
198 167
66 117
102 103
150 137
49 43
21 63
86 118
97 187
161 14
93 72
103 157
57 50
177 25
7 170
186 57
119 135
24 184
4 77
87 105
13 87
99 186
101 185
103 150
123 16
163 16
39 17
124 47
18 100
71 25
70 8
81 188
95 56
124 98
133 162
154 97
200 52
82 101
36 137
50 111
152 164
78 190
180 1
36 198
100 58
174 121
66 6
61 112
62 136
9 146
97 162
42 96
165 76
148 153
12 149
63 163
112 140
152 44
140 139
193 191
196 118
64 13
123 76
124 136
11 84
81 59
197 75
154 162
150 54
114 113
2 176
75 66
67 178
109 158
116 53
148 111
170 163
76 92
38 199
180 48
83 60
106 31
86 12
192 35
65 57
99 66
184 173
83 50
102 191
7 17
43 107
80 164
69 155
56 107
105 187
106 139
198 164
170 84
175 161
70 191
170 169
8 153
93 91
3 195
81 161
163 76
67 42
39 88
148 46
194 5
32 51
143 182
14 112
65 188
25 86
178 194
54 138
98 147
28 52
141 108
13 103
135 31
97 126
118 196
171 63
200 155
114 95
88 127
158 152
67 134
37 196
79 43
133 177
189 160
28 81
20 192
135 106
23 31
31 140
179 154
155 130
60 68
24 147
146 134
50 164
67 86
112 146
80 44
74 68
156 101
100 127
45 35
32 67
17 15
158 195
168 112
125 179
131 148
125 29
33 126
192 100
163 55
197 43
51 70
62 6
122 162
84 166
196 67
184 12
33 142
7 152
5 83
130 88
182 6
116 15
131 59
114 94
66 110
88 116
131 149
73 4
110 156
170 105
174 105
69 7
198 27
158 3
109 40
42 90
45 109
56 128
119 169
21 184
30 108
99 112
56 171
116 118
78 37
174 4
141 42
10 91
20 119
93 128
158 86
170 3
194 25
130 64
146 102
48 127
161 98
39 168
21 106
85 50
142 59
53 34
52 14
124 24
133 168
151 90
53 72
44 198
49 125
14 194
26 61
120 138
110 106
82 15
190 132
108 200
136 142
4 150
17 27
82 185
129 123
189 153
119 139
1 43
152 146
21 164
17 110
25 127
15 107
93 157
38 1
108 173
94 111
74 110
89 107
46 170
182 187
122 100
77 122
94 180
19 66
95 35
176 119
113 190
25 158
98 14
158 6
139 3
68 164
64 109
71 62
78 52
48 199
151 76
72 196
55 90
62 149
124 37
67 189
178 44
146 76
9 55
33 99
57 100
63 72
8 133
133 85
136 132
35 86
7 106
81 13
195 142
161 71
130 180
59 108
175 156
135 183
10 167
82 18
66 96
89 26
180 22
62 115
153 97
200 112
2 32
124 197
126 37
19 55
16 77
114 190
32 48
124 193
14 157
10 32
52 98
57 31
119 70
145 24
166 96
87 168
80 10
116 5
46 134
11 13
162 77
154 193
124 78
137 90
186 146
121 190
43 129
20 114
198 117
89 116
164 175
83 43
136 198
199 134
83 162
146 44
190 100
188 113
129 124
154 114
69 26
103 63
106 75
128 56
143 16
171 58
142 5
101 30
2 51
163 84
164 108
79 153
159 66
18 87
189 171
153 57
149 7
71 54
81 199
109 175
166 31
33 60
35 85
89 36
87 51
71 51
110 101
3 69
166 20
107 154
143 11
162 91
18 33
96 50
183 5
25 148
187 57
7 22
93 95
9 179
97 32
29 7
132 184
27 98
155 133
51 97
144 165
139 161
197 35
10 131
191 186
78 177
194 37
198 86
83 7
65 180
38 45
138 121
28 164
18 135
96 21
31 191
185 122
103 133
108 113
63 98
50 92
26 44
80 176
81 115
182 97
94 171
142 183
43 121
146 61
55 193
33 38
184 17
111 86
101 18
150 115
67 200
6 92
195 38
67 75
152 200
172 197
122 65
179 165
137 124
25 144
68 57
133 51
25 43
89 125
60 190
39 126
189 196
169 135
33 36
162 136
35 133
132 157
149 110
73 37
185 49
180 53
105 112
55 81
106 95
157 117
85 147
42 25
142 11
160 127
198 121
62 184
5 146
92 105
55 164
141 192
12 73
196 68
184 50
100 42
145 56
158 181
2 152
5 96
114 164
174 111
36 187
94 192
132 138
96 139
101 189
130 65
61 125
132 196
126 32
37 70
39 195
50 41
98 7
88 11
170 13
121 158
199 166
149 83
55 197
21 156
185 150
20 197
26 103
192 151
86 181
173 125
127 22
117 24
180 156
34 150
168 106
59 118
23 159
200 78
155 20
185 91
121 4
87 146
58 79
97 144
11 69
20 137
42 136
160 22
91 193
123 10
50 133
127 72
91 127
149 46
98 133
88 19
88 175
164 98
5 12
193 15
32 12
151 74
99 62
47 141
6 121
150 55
53 28
78 143
154 179
140 52
63 28
22 151
154 137
200 158
149 192
124 180
3 26
5 53
39 3
193 44
123 94
50 175
121 127
70 75
105 9
78 168
188 99
70 141
187 21
50 135
12 125
67 166
102 71
18 140
74 162
183 148
55 32
123 175
111 144
1 167
152 78
134 92
128 155
184 115
175 34
1 138
110 67
103 12
90 72
151 115
33 86
62 39
69 136
14 179
79 14
146 183
44 31
74 171
138 57
37 64
42 38
2 152
56 115
97 80
65 11
64 102
25 103
171 160
116 101
39 81
198 173
124 181
46 47
118 54
35 133
96 24
134 199
80 142
113 128
21 129
139 84
183 163
138 153
74 5
5 64
86 155
36 161
135 33
159 4
87 194
136 134
17 22
132 48
163 196
176 135
76 66
170 58
28 108
162 53
112 119
117 149
73 152
62 7
137 20
10 23
13 97
108 182
118 191
29 32
186 156
118 13
21 88
23 200
147 184
53 10
102 121
159 126
24 20
132 160
39 93
134 4
142 41
185 11
31 165
195 168
121 112
181 93
151 3
93 97
138 97
59 192
17 117
192 188
1 152
178 45
85 133
186 126
117 149
108 34
143 76
106 54
56 150
157 10
42 53
99 90
111 90
58 79
159 50
18 159
153 196
155 189
128 141
66 197
89 174
182 183
49 87
36 56
36 192
17 30
197 115
71 59
5 81
90 115
82 107
73 34
102 27
22 182
119 88
130 159
13 111
141 13
149 129
68 136
120 84
117 68
150 140
79 106
20 168
20 101
74 92
134 128
71 107
109 141
146 38
100 110
100 40
122 48
168 189
135 40
24 52
59 174
191 137
31 162
104 51
62 178
94 147
105 164
53 165
57 151
154 156
60 53
147 182
52 67
122 186
58 98
189 116
71 179
5 53
140 108
103 153
37 197
99 93
112 104
57 168
6 10
75 65
14 22
198 65
88 120
51 97
17 39
12 39
170 16
91 61
76 146
14 112
94 64
5 167
13 125
172 175
199 189
188 172
186 53
59 57
103 107
25 93
119 15
14 86
58 75
113 3
40 25
48 103
181 52
22 145
128 145
119 127
133 107
98 71
111 109
79 165
15 56
57 85
70 23
123 79
97 35
33 88
11 80
190 191
84 163
88 11
108 6
137 40
64 187
62 174
47 141
138 61
148 147
98 169
169 20
48 17
54 80
104 65
112 45
7 195
160 94
5 67
52 94
58 67
32 120
193 78
12 130
90 159
28 187
127 148
6 126
116 12
158 19
76 69
16 34
15 127
128 171
193 131
16 50
197 47
121 189
76 84
71 166
194 50
152 73
198 110
150 113
121 107
84 148
127 51
181 141
177 108
64 121
190 79
122 139
78 43
127 153
78 149
118 72
199 22
96 148
83 45
60 3
152 95
150 30
145 82
123 73
142 186
193 131
64 115
69 93
109 148
46 186
48 115
9 46
136 56
145 18
101 157
172 4
51 73
33 148
155 20
96 140
13 178
156 79
47 48
187 146
45 124
193 160
133 191
47 140
135 17
40 91
188 43
142 13
28 41
167 134
60 14
26 24
191 181
54 189
180 40
134 177
116 79
88 200
69 134
139 3
150 179
46 90
173 139
54 152
179 172
86 190
185 111
14 127
43 19
116 174
59 1
150 174
79 37
125 147
123 63
102 24
41 99
65 166
37 118
117 167
41 154
156 25
64 121
104 58
140 19
32 150
171 133
75 50
122 199
148 44
61 49
19 54
99 84
19 135
153 87
101 194
41 9
170 56
81 73
114 20
43 97
121 14
181 195
15 102
193 162
97 6
163 116
59 61
151 29
148 103
67 200
48 107
8 18
115 89
90 28
60 133
76 181
98 56
175 112
110 120
25 6
125 187
73 135
200 175
115 147
78 181
146 125
40 106
94 106
146 184
85 5
68 160
185 117
15 112
180 76
183 4
82 107
143 106
193 142
81 59
40 110
191 137
186 182
42 80
87 139
63 171
144 82
130 80
198 97
191 177
172 173
132 5
31 74
63 175
167 143
185 6
4 176
95 189
157 136
68 44
27 82
166 170
115 96
1 112
144 40
67 68
124 24
51 197
86 25
164 28
10 121
183 137
15 171
93 103
39 88
129 72
54 50
187 101
50 44
193 42
62 13
165 85
63 161
170 39
76 149
200 149
131 136
163 102
181 17
92 20
145 163
73 146
101 125
196 151
120 140
144 182
152 108
66 166
20 188
5 48
136 4
196 19
92 110
72 127
163 91
23 77
116 169
130 40
116 32
160 7
175 93
111 82
110 76
53 97
80 100
185 36
47 155
127 157
26 150
35 140
40 57
168 107
177 97
147 92
128 58
51 102
102 161
135 11
188 140
60 68
39 44
55 38
198 133
194 175
82 180
114 121
36 81
180 165
178 126
8 57
135 58
111 36
18 197
198 6
136 57
25 127
52 31
164 1
163 109
175 44
88 40
116 75
121 95
191 50
172 199
58 56
120 45
26 117
43 183
4 51
159 130
55 141
45 55
103 105
182 98
144 21
13 171
93 60
161 94
183 159
104 41
167 23
37 144
139 31
78 143
82 36
24 88
176 21
142 30
125 75
127 69
48 91
39 140
102 151
186 85
110 89
77 28
63 113
171 154
96 48
48 129
35 71
16 10
43 109
191 168
184 117
188 31
159 178
122 61
128 59
97 189
147 125
16 162
37 186
115 84
185 162
12 19
184 27
180 27
136 170
194 119
38 133
101 149
110 22
9 189
81 57
178 179
181 193
140 169
131 54
53 115
167 64
86 151
43 65
177 178
187 122
48 176
54 148
124 115
121 84
103 153
140 80
132 120
25 23
41 107
29 93
173 195
108 58
145 150
75 121
79 61
42 78
36 47
25 160
161 98
43 64
50 135
95 133
54 71
156 46
177 184
138 150
130 46
159 75
147 33
147 26
45 141
103 33
187 80
192 100
129 186
115 178
72 9
63 78
80 18
123 8
153 61
109 82
58 68
108 156
100 55
181 145
147 36
129 133
67 72
184 195
57 98
124 81
107 186
158 138
155 80
97 59
140 6
93 149
73 200
105 124
6 37
20 152
24 148
37 90
19 172
36 28
70 112
108 128
49 65
65 156
144 113
14 36
118 58
184 190
58 40
114 15
77 133
119 100
81 107
142 51
78 129
78 147
192 185
74 193
49 90
148 193
155 113
180 72
171 163
14 180
3 127
194 31
11 64
82 43
170 23
94 200
104 171
98 95
108 124
87 156
165 186
100 119
99 79
191 21
194 4
200 148
82 145
178 44
9 59
39 130
34 132
81 89
54 179
183 161
102 22
69 18
7 168
137 57
199 79
77 192
82 28
139 115
173 116
110 133
126 148
14 111
31 95
199 37
25 134
149 78
155 17
95 113
137 31
170 135
109 46
126 142
26 16
56 198
131 166
82 8
65 95
119 96
141 69
132 165
2 32
42 156
49 137
69 137
119 190
71 28
35 148
169 12
163 177
9 45
94 42
52 158
137 122
5 29
191 88
194 144
120 187
100 120
75 120
56 194
109 126
173 95
73 141
107 187
69 67
31 114
109 82
72 197
156 28
25 98
116 170
41 187
109 92
106 183
163 161
128 71
38 100
118 62
193 176
48 61
42 78
175 102
111 198
98 18
177 75
115 44
196 108
30 104
151 87
39 114
47 166
136 36
18 5
97 10
180 144
70 174
173 196
75 36
145 125
53 122
199 120
165 146
27 147
2 177
33 40
42 32
157 178
67 174
182 164
135 114
59 157
87 184
152 161
19 49
37 71
170 187
190 86
133 168
32 134
97 65
125 138
48 81
67 114
7 49
29 141
162 88
97 200
23 1
160 41
49 149
63 170
135 53
55 67
172 39
152 68
103 76
6 102
109 72
15 115
72 44
55 185
83 104
184 105
104 96
97 104
44 159
73 178
163 127
197 135
165 148
154 19
176 159
120 84
183 87
198 54
130 4
39 164
59 174
20 162
69 68
17 64
26 89
194 141
16 190
27 132
89 180
103 64
91 174
99 73
60 96
78 189
52 68
104 110
42 123
24 110
190 192
126 168
81 119
60 48
108 38
131 148
17 33
164 59
7 62
83 66
110 161
7 113
28 110
174 69
185 197
131 126
189 56
45 21
126 104
68 185
141 198
132 110
183 47
120 189
109 3
6 18
163 12
130 142
74 103
11 10
52 93
87 192
100 132
164 25
187 31
161 128
180 92
189 114
139 108
102 199
62 60
168 24
71 97
118 96
151 80
57 154
172 144
97 23
75 60
199 61
42 159
140 174
2 128
87 92
188 141
90 49
200 9
25 22
57 142
70 8
21 126
113 144
69 10
166 95
21 164
156 63
74 47
188 75
127 74
119 114
166 160
114 165
169 90
139 25
31 8
184 3
85 97
146 154
58 63
200 78
178 107
92 51
154 31
78 80
105 148
145 22
107 10
139 75
100 77
52 82
36 35
85 120
83 182
25 92
45 25
170 174
131 13
25 36
44 54
115 100
1 11
121 59
173 59
86 72
87 137
105 122
123 141
194 6
123 18
97 119
194 18
92 77
183 68
112 178
73 179
29 25
141 149
84 113
160 169
136 198
57 41
120 179
181 65
136 55
82 185
125 28
154 169
56 88
36 167
65 61
97 93
85 38
194 168
102 105
88 38
102 144
30 173
75 162
37 10
17 71
146 141
98 52
61 105
139 97
71 156
157 120
200 41
109 145
161 10
49 48
199 103
192 28
75 18
190 112
179 158
134 125
50 183
176 111
87 66
159 157
173 67
28 173
59 136
117 19
98 118
67 96
20 10
76 94
27 65
157 5
174 90
81 23
72 8
85 158
26 43
67 198
61 46
170 120
182 39
138 79
156 174
127 117
49 172
95 65
129 52
190 170
132 13
194 92
49 103
117 92
169 114
104 15
36 23
148 74
113 178
181 68
151 107
137 152
78 31
168 158
82 158
128 166
122 73
57 170
175 173
13 96
38 117
110 73
91 9
146 3
186 78
23 88
136 159
191 166
141 111
123 175
68 2
140 141
74 148
62 49
120 27
144 157
95 5
182 185
165 127
188 150
157 10
189 92
120 180
57 12
90 132
186 109
133 77
1 159
24 62
159 95
88 54
4 182
10 185
119 174
63 106
123 19
67 111
63 138
42 119
149 131
50 87
191 135
163 191
93 139
53 51
185 92
104 188
26 113
172 144
38 187
1 112
5 19
22 67
156 16
138 56
98 187
142 89
121 57
79 13
147 83
15 131
175 70
119 152
134 42
95 171
28 47
82 185
65 56
3 172
71 140
27 120
79 121
8 199
129 87
164 75
121 130
5 47
152 75
198 85
69 92
8 48
90 89
32 154
96 187
125 118
126 104
38 156
24 197
107 104
83 22
178 156
151 134
2 54
161 200
139 29
43 146
76 133
186 60
38 34
46 163
103 123
66 140
31 41
137 144
171 158
73 126
60 6
80 114
118 79
4 146
73 101
174 5
86 185
195 71
30 157
174 104
174 65
134 166
1 22
109 124
179 133
1 191
90 80
104 8
110 59
105 183
159 78
139 196
14 133
67 43
41 192
99 14
56 184
131 57
6 39
132 184
171 132
126 13
12 181
20 121
39 124
55 197
154 194
145 167
78 163
162 119
154 12
84 9
195 15
17 200
5 148
136 128
80 61
140 43
42 111
115 32
34 170
181 139
115 125
58 144
87 19
14 40
30 50
48 24
64 17
176 20
164 111
147 195
171 38
37 164
148 104
196 134
25 176
72 91
100 129
34 138
99 200
177 80
49 176
104 112
192 79
83 108
189 182
102 111
19 91
75 119
194 22
52 170
197 75
60 48
4 45
185 54
44 161
134 92
88 189
155 80
67 38
139 7
19 40
69 189
82 95
107 27
116 110
196 64
185 7
111 140
52 95
193 95
7 126
139 95
114 93
126 132
130 64
90 100
55 111
89 137
5 147
163 121
57 111
184 193
117 47
132 168
93 124
15 100
2 153
146 67
45 23
151 127
86 192
26 92
102 66
180 107
165 143
179 173
5 114
165 121
160 96
89 53
171 55
104 172
7 49
191 3
71 93
129 108
84 107
151 186
124 131
44 40
25 22
12 29
87 176
149 47
71 189
51 42
43 106
165 1
154 107
4 176
199 84
35 83
142 137
20 18
67 63
57 91
36 69
119 122
196 68
120 67
8 170
60 51
27 176
3 180
83 6
107 33
42 93
67 135
30 86
104 48
100 161
139 135
181 9
57 176
76 176
194 36
98 53
86 124
181 88
56 15
46 114
47 39
159 66
173 188
151 77
187 51
189 125
137 121
134 193
96 161
121 42
196 18
94 33
93 26
73 148
40 70
14 39
108 172
104 32
111 54
60 97
56 200
174 193
120 59
137 168
19 57
9 167
26 54
199 119
80 23
18 119
92 31
109 199
2 12
183 64
18 194
113 73
194 86
17 113
144 106
80 114
162 88
80 188
94 31
58 173
5 75
43 97
106 152
47 59
163 29
75 132
23 187
5 168
72 173
80 167
78 112
80 192
151 112
131 44
94 188
168 98
62 11
146 119
114 193
130 28
173 4
160 195
190 116
114 13
40 194
131 118
57 162
61 7
25 191
3 118
178 170
168 39
132 113
110 45
105 39
25 78
42 136
24 183
51 138
147 90
83 77
159 139
38 19
97 63
9 99
132 138
69 99
177 152
12 86
149 68
76 173
97 117
108 73
51 158
162 197
199 196
73 158
134 110
128 30
124 137
81 56
74 149
154 2
100 117
39 48
137 114
172 185
182 79
57 32
188 18
28 139
13 52
48 98
114 175
80 37
63 160
92 137
60 198
90 111
66 81
111 154
146 34
139 128
65 147
111 4
117 91
142 81
142 189
131 55
164 10
44 26
121 87
114 132
84 156
194 102
36 104
55 181
90 145
60 154
92 123
157 160
13 51
40 106
39 170
113 154
131 108
132 51
194 197
134 78
152 128
131 139
183 137
72 34
83 177
77 5
134 36
169 184
75 27
174 197
91 128
127 198
11 130
191 7
63 20
111 190
102 49
125 39
72 148
72 155
125 148
111 58
183 32
193 9
58 166
5 100
45 132
97 55
61 39
14 75
59 124
65 160
124 141
150 148
88 173
54 12
72 164
21 54
147 13
15 4
131 171
55 127
102 151
182 114
142 147
189 152
22 5
111 145
145 13
92 32
185 145
196 57
61 16
62 7
181 28
163 111
199 17
37 52
120 170
166 61
68 106
12 89
110 74
34 6
38 77
189 175
174 136
183 186
152 196
192 132
24 106
194 22
123 182
25 194
104 190
6 171
47 169
60 108
194 45
65 32
73 54
158 46
189 140
183 92
135 175
175 158
32 120
131 106
102 108
99 157
49 56
127 96
24 138
3 18
134 68
1 7
73 158
4 13
97 187
57 183
113 31
93 144
103 175
50 156
82 100
112 131
156 190
26 131
80 180
100 13
199 100
171 23
9 175
36 105
113 92
40 177
74 132
72 128
106 73
83 188
173 194
118 80
136 95
10 15
74 110
179 25
161 150
47 170
76 82
26 140
125 65
116 151
196 187
78 54
12 113
193 136
58 62
15 193
156 176
159 181
37 138
157 198
39 4
119 114
37 144
53 114
161 120
16 156
58 45
161 69
157 153
4 15
166 18
7 73
146 118
6 182
55 162
131 93
117 49
158 154
145 10
19 105
81 34
12 138
78 173
7 35
77 10
49 195
180 7
67 77
76 72
58 130
186 141
174 102
141 131
7 85
92 25
189 172
58 1
110 136
125 68
122 153
29 122
147 8
128 166
84 156
189 94
85 174
186 11
28 126
93 34
11 137
59 151
108 116
103 169
3 27
188 124
132 17
45 30
24 125
195 60
80 184
105 116
157 90
78 184
15 171
18 177
107 28
128 166
143 30
87 98
9 74
21 92
90 18
121 66
94 116
77 173
99 181
40 7
70 118
143 84
40 112
13 146
139 140
63 33
121 149
130 81
175 103
172 16
72 93
81 165
160 109
89 58
89 128
16 158
197 158
194 36
69 6
133 159
97 196
192 17
96 73
98 70
127 21
86 198
113 118
162 72
27 2
81 67
82 49
25 78
158 170
66 179
127 198
137 23
193 128
39 41
153 88
110 79
109 147
77 173
65 190
197 43
192 29
109 73
77 85
102 35
6 167
13 132
165 149
154 109
29 145
149 133
184 11
11 44
157 39
17 173
29 13
15 172
41 76
44 70
112 97
104 118
64 68
49 180
16 155
40 196
99 189
128 34
151 91
78 107
129 94
32 109
58 198
80 98
73 75
167 185
172 22
54 35
89 102
166 57
56 5
52 106
145 132
140 95
174 17
2 102
62 33
163 119
182 42
168 55
117 87
191 40
108 44
74 197
97 191
5 153
195 8
10 140
139 149
34 64
117 187
118 178
171 80
48 153
73 16
159 141
54 149
180 161
144 5
109 40
195 113
192 190
121 154
129 11
102 114
75 171
101 192
100 23
23 148
175 95
115 133
36 168
33 15
80 176
20 141
168 166
53 111
155 125
64 35
88 118
101 162
88 153
105 139
175 127
38 102
173 152
186 8
71 19
175 103
146 194
43 113
159 95
176 66
172 39
52 59
156 152
172 195
104 28
134 31
106 171
132 78
75 117
38 145
87 12
199 185
157 41
49 115
88 24
132 59
63 184
69 170
87 192
165 191
19 50
21 76
172 104
153 46
20 142
143 59
153 141
43 109
182 91
176 21
67 59
79 129
42 99
50 81
90 166
23 60
15 195
135 187
98 39
184 69
181 126
127 85
19 169
194 152
12 121
172 78
179 50
158 173
100 7
53 189
125 75
48 139
69 134
77 118
172 13
186 104
90 113
189 108
33 134
59 44
54 30
121 32
31 78
156 82
37 160
70 161
186 69
51 54
2 80
123 126
92 109
29 181
21 169
41 5
102 51
49 107
33 121
139 63
151 46
97 187
6 166
99 191
187 101
197 140
180 119
65 71
179 46
4 151
166 196
156 68
46 4
174 78
76 64
93 26
62 189
164 67
154 62
9 92
163 5
32 94
76 48
117 54
45 120
5 11
115 160
30 160
115 155
190 19
82 168
32 70
131 98
175 145
106 67
107 63
50 152
138 97
68 143
94 139
147 56
53 58
85 165
124 39
154 66
9 35
33 40
104 115
89 78
59 147
96 117
9 145
69 98
194 136
40 87
75 139
142 79
148 178
195 72
16 100
89 177
86 121
168 141
187 57
171 46
3 66
114 11
163 182
108 156
70 99
194 96
37 135
126 185
112 121
56 79
172 96
7 58
16 175
198 154
31 168
151 33
186 65
195 148
198 54
103 19
152 96
114 189
182 192
173 45
64 180
123 35
75 130
92 42
104 42
195 86
9 146
70 194
162 64
141 159
117 195
130 20
90 195
8 71
186 132
67 49
111 190
84 137
71 127
178 126
168 125
11 177
22 32
122 183
95 63
93 163
9 22
182 99
17 142
121 2
73 188
3 136
129 86
72 151
164 2
28 132
126 190
60 147
21 181
81 115
195 125
29 4
147 10
54 115
103 174
68 176
113 70
111 193
107 134
143 71
135 170
154 60
159 13
158 131
145 190
45 140
115 73
95 13
35 148
127 137
73 146
64 186
16 126
178 74
60 73
96 194
194 49
6 105
13 115
35 158
105 32
49 171
56 143
183 90
90 109
179 162
54 42
99 21
120 77
47 179
101 142
124 46
143 129
150 107
196 185
64 52
168 112
22 23
6 4
65 95
64 43
9 69
36 107
90 107
135 88
85 35
181 9
81 123
89 182
30 36
118 45
87 85
109 108
60 114
63 124
161 126
118 169
147 105
75 188
12 10
75 48
196 55
56 28
130 97
10 111
84 79
155 171
164 15
30 23
81 45
98 41
122 15
161 68
71 35
55 82
196 81
130 144
136 137
171 65
185 132
175 69
163 81
191 78
48 20
52 128
16 149
120 138
115 80
5 185
66 12
67 14
92 148
157 179
84 79
195 69
163 121
89 125
2 79
2 1
50 5
128 66
153 199
155 67
78 111
51 95
122 69
108 166
16 144
52 95
91 120
9 11
160 85
164 190
38 164
39 42
43 56
194 41
162 12
70 73
14 165
146 83
72 111
50 88
7 101
134 97
172 142
107 131
26 71
120 63
186 111
104 29
118 49
69 80
60 139
152 25
103 97
107 126
160 157
165 118
57 98
166 181
191 24
111 168
46 183
182 32
93 37
60 162
85 80
41 96
18 144
121 72
41 179
150 152
87 114
69 96
164 186
76 154
9 186
74 55
120 55
86 12
92 97
174 176
176 166
24 146
110 96
169 102
26 118
53 113
184 73
8 147
10 35
52 18
172 125
72 92
180 157
55 71
5 180
198 181
146 173
126 7
20 46
108 46
164 112
158 147
136 117
45 145
103 96
162 74
173 186
165 152
94 172
174 99
151 123
79 48
96 156
54 67
1 161
112 116
72 21
14 159
89 58
103 191
106 17
65 78
2 181
181 95
152 106
193 55
28 23
102 75
178 156
142 131
116 5
198 140
26 12
50 114
21 153
57 78
121 73
107 122
53 87
16 157
144 161
11 172
183 112
198 113
19 91
195 87
96 192
178 73
155 27
138 176
131 194
53 51
66 160
124 119
198 92
27 142
52 37
65 186
100 14
50 71
105 44
157 200
188 86
24 142
112 161
69 195
155 74
45 20
185 169
90 182
60 68
75 63
56 91
48 108
105 98
178 9
93 86
160 80
171 183
22 34
143 90
28 49
163 73
21 147
193 110
81 4
130 107
66 185
198 65
92 102
114 69
62 7
106 21
86 76
155 59
62 49
149 89
98 63
113 118
162 57
179 194
60 108
100 77
93 97
142 136
150 55
157 11
13 62
183 99
90 137
157 151
138 57
191 35
72 104
104 33
112 82
26 172
142 125
200 34
174 141
169 123
148 125
86 112
139 68
10 28
157 119
130 94
127 120
80 198
175 183
182 87
64 7
10 5
84 9
190 9
102 111
131 1
187 168
112 125
36 74
104 144
192 33
37 70
153 68
68 79
50 1
117 65
8 126
22 43
135 163
51 188
73 133
188 60
101 99
136 172
40 31
115 24
67 137
128 134
156 7
135 156
123 199
115 49
172 157
135 159
74 7
92 61
18 192
111 106
79 35
145 109
101 120
127 37
48 12
192 54
98 148
128 96
62 128
68 171
62 154
129 87
160 172
99 130
163 10
35 193
196 131
53 96
50 131
133 97
142 76
102 39
23 30
87 37
157 106
159 171
59 87
57 170
11 156
51 173
117 85
118 112
167 170
7 17
101 139
65 194
167 185
189 196
23 177
104 128
135 74
138 174
131 59
184 38
110 108
154 146
25 65
113 147
23 81
199 114
145 192
80 63
128 68
10 150
197 114
29 131
187 118
56 69
177 39
58 38
99 11
183 75
27 95
21 50
127 171
163 24
115 42
86 42
61 48
144 9
161 172
92 99
42 147
120 170
138 177
7 36
140 189
62 166
36 35
167 162
5 81
185 119
74 23
113 87
70 56
95 182
179 186
32 172
133 151
141 22
80 147
9 19
88 70
136 123
104 103
36 61
135 173
179 9
195 43
95 16
50 189
149 181
127 180
152 59
83 45
32 162
191 40
132 30
109 67
104 165
121 140
25 8
64 155
16 10
198 62
25 47
50 173
179 128
104 131
138 186
175 169
99 117
8 30
99 69
49 2
33 121
93 57
128 156
11 95
165 160
156 141
7 158
65 137
85 169
67 23
106 193
191 5
62 151
186 160
171 34
161 3
107 54
11 34
161 173
81 126
133 36
18 91
193 83
27 30
51 46
52 108
38 194
112 51
96 98
10 66
83 123
20 189
128 30
23 40
3 55
117 135
90 135
25 35
17 3
64 19
48 67
126 38
12 190
88 60
87 50
125 121
124 145
110 3
126 84
42 128
138 159
14 27
93 190
13 61
193 76
79 40
94 156
77 106
97 117
165 183
118 41
104 41
137 165
43 63
48 84
142 185
194 108
163 86
97 176
146 41
3 176
33 97
84 109
154 180
177 70
115 94
110 170
86 199
134 128
13 133
164 106
117 157
13 79
195 62
6 140
102 9
68 134
105 103
195 10
82 171
79 148
17 140
117 102
138 2
182 102
134 97
8 2
53 20
33 47
81 38
139 135
198 158
68 102
60 62
111 93
185 141
41 153
81 109
6 170
63 187
72 196
83 79
150 88
50 182
86 131
171 24
65 169
133 84
22 192
98 85
85 34
25 77
186 57
185 191
179 47
130 50
195 164
80 144
3 129
77 89
11 47
112 75
167 45
111 189
188 8
25 24
41 49
100 178
58 37
120 36
83 1
37 29
165 116
172 119
44 200
7 55
199 71
81 165
67 143
105 54
150 129
78 142
130 129
119 187
165 191
22 200
191 10
28 107
125 152
26 120
151 32
126 149
102 159
66 168
101 170
174 3
99 3
144 28
131 15
14 96
5 187
47 147
196 74
54 72
25 79
191 128
62 117
76 116
27 141
35 127
111 8
129 161
162 25
188 93
39 153
140 195
91 186
141 86
11 194
109 36
24 99
163 86
167 190
1 193
83 35
72 145
195 152
105 156
176 44
200 166
196 91
160 38
28 101
75 39
46 183
26 70
33 140
107 200
129 59
144 163
93 167
107 39
119 163
147 94
158 146
60 105
37 19
142 64
71 16
54 117
198 79
138 31
18 44
182 99
102 125
61 146
92 120
137 162
82 83
55 40
180 114
144 168
85 38
32 107
53 85
23 3
116 112
33 133
107 14
31 160
90 92
106 133
11 194
94 44
76 101
35 7
166 131
175 50
168 158
109 20
42 131
22 109
195 6
42 101
171 72
61 13
115 118
97 77
111 191
121 138
43 155
144 8
37 118
10 4
75 118
176 69
200 197
177 194
155 170
95 125
194 107
89 108
24 186
137 86
176 57
23 170
163 118
177 200
36 186
155 62
103 130
82 103
79 11
48 33
180 142
109 173
200 198
33 23
183 169
60 110
177 82
79 91
200 7
42 187
193 197
200 47
126 34
101 4
44 149
188 23
42 97
148 42
46 132
16 180
52 76
89 28
157 119
118 108
125 160
46 69
108 198
116 33
31 16
189 74
164 176
48 158
24 147
199 21
78 14
200 129
89 88
108 198
158 178
105 35
89 103
103 196
100 170
180 130
138 168
3 53
96 2
10 71
149 8
92 178
22 91
107 110
131 166
107 40
143 164
74 31
66 129
178 117
98 158
46 35
77 200
88 172
1 97
195 101
57 86
79 30
128 137
91 58
102 198
50 45
113 123
27 130
51 157
46 149
114 91
135 142
42 174
66 42
23 60
95 79
145 173
108 24
109 198
34 10
147 83
6 11
5 185
140 8
141 137
108 6
179 194
147 20
168 12
14 190
71 108
20 167
32 79
143 140
28 176
101 127
58 107
89 14
43 181
21 183
117 80
140 96
74 86
67 41
98 80
182 120
139 153
39 170
183 181
109 162
156 162
40 165
20 129
178 62
109 151
196 25
30 135
72 55
20 139
95 69
170 28
141 109
132 179
30 114
159 91
28 66
52 67
182 71
195 159
84 103
61 79
80 43
13 103
97 184
193 144
53 163
123 193
23 55
123 4
120 33
94 147
50 97
14 31
167 8
141 2
63 2
80 94
196 44
196 92
28 141
35 32
103 158
176 77
164 98
80 83
82 126
30 131
22 43
161 141
2 101
142 64
54 22
109 49
65 57
93 44
197 79
75 99
188 50
127 151
99 158
34 180
83 63
110 105
57 22
45 58
75 186
74 128
159 182
129 176
38 21
19 34
99 94
84 87
95 10
37 194
168 22
125 2
36 35
106 92
8 102
102 82
40 175
162 198
156 90
173 194
62 144
179 160
189 63
198 83
24 187
28 143
8 153
145 196
187 2
87 146
104 140
28 143
114 189
92 70
30 65
15 91
160 145
2 148
159 152
30 183
138 58
77 97
10 173
92 148
175 131
93 30
70 120
172 136
60 63
157 41
79 123
83 38
67 85
185 26
36 167
160 125
24 188
173 185
161 17
132 135
147 24
116 168
96 87
55 107
101 11
148 132
133 182
121 152
66 106
129 53
24 88
129 47
27 102
31 187
118 114
73 16
89 188
135 136
26 190
43 127
152 142
10 85
123 130
36 141
187 116
145 10
155 74
56 181
127 38
168 196
103 192
11 192
180 97
127 157
38 121
83 190
62 44
26 137
174 13
77 160
128 21
170 82
46 177
62 172
167 181
167 21
173 129
12 104
26 91
60 15
11 95
4 25
138 29
161 63
41 189
23 168
9 144
1 7
72 63
178 190
43 97
11 167
25 174
70 2
16 82
169 27
176 172
3 65
153 163
128 145
151 102
65 111
45 65
117 68
79 47
58 74
143 20
40 119
193 62
73 161
143 193
187 70
164 189
134 68
103 61
13 5
162 29
115 158
93 184
26 124
30 35
197 124
6 36
194 150
49 18
110 191
10 96
60 126
36 194
145 90
6 109
94 120
137 9
77 182
144 54
105 125
40 101
200 45
88 193
195 137
163 104
127 124
152 139
1 139
84 146
29 89
54 122
8 191
82 37
172 25
90 28
149 130
128 148
174 167
93 120
103 7
24 182
130 127
120 131
65 3
76 93
43 129
167 3
71 48
39 194
73 128
21 173
9 100
121 135
67 165
54 121
171 29
102 52
155 21
182 172
175 9
64 170
90 182
172 112
30 10
106 102
89 78
26 98
178 146
184 196
62 37
116 184
18 36
172 190
169 95
117 130
159 86
19 140
57 82
121 18
187 174
106 17
200 155
146 97
138 141
159 127
8 142
144 177
129 67
119 98
162 35
27 72
72 197
163 80
78 84
97 17
9 154
185 8
61 130
105 150
22 15
28 29
108 171
158 37
190 76
86 151
110 112
174 181
60 88
60 89
171 108
105 132
13 89
139 73
170 195
23 191
161 50
20 21
173 177
57 114
4 94
64 113
157 189
45 16
76 56
104 199
163 161
130 175
1 20
200 171
167 174
161 127
23 132
147 60
155 60
63 48
75 127
156 15
171 91
178 27
41 140
187 122
67 139
141 66
109 107
191 22
186 13
105 84
112 117
191 123
179 38
198 58
146 12
180 116
54 158
94 49
32 167
67 171
60 84
31 118
74 52
103 39
109 187
150 25
177 72
155 166
21 12
111 185
144 179
38 53
72 84
101 104
50 120
26 109
3 56
27 29
60 81
67 168
19 168
192 147
191 98
65 12
110 127
196 5
105 185
57 129
68 157
184 70
28 9
130 31
16 108
11 75
189 77
42 7
196 185
106 186
83 170
149 144
96 148
153 81
156 33
100 64
16 169
92 176
99 74
191 158
84 18
146 112
11 105
107 148
10 44
30 131
193 125
178 88
24 82
120 179
114 20
42 81
140 133
56 190
158 199
148 41
16 93
104 178
149 10
125 110
6 106
40 198
30 170
37 5
51 109
183 165
128 177
197 19
61 5
9 19
3 156
59 170
200 115
99 149
124 24
58 129
129 50
78 111
19 67
115 69
127 98
185 6
74 182
24 86
186 32
104 140
139 115
61 139
29 159
39 104
182 48
185 63
49 14
173 67
80 87
88 6
184 72
11 9
5 187
95 142
18 150
81 109
64 93
199 92
52 37
196 185
36 180
47 85
193 19
151 25
106 190
182 41
14 145
2 18
131 48
112 100
197 144
8 61
37 6
104 40
194 99
24 30
30 23
114 175
41 16
151 98
6 84
91 19
28 92
188 110
139 99
162 87
43 121
147 31
79 51
70 24
101 45
53 83
67 118
9 60
86 159
157 43
42 199
61 22
90 200
83 180
99 196
67 93
117 165
123 147
15 192
170 68
36 23
150 55
92 158
114 177
68 22
171 61
21 183
34 62
183 69
42 33
64 60
125 132
24 199
78 191
190 48
58 177
22 159
31 113
68 144
42 87
118 12
147 138
195 133
199 129
1 192
161 64
51 37
196 75
35 73
17 176
72 74
104 93
184 87
158 51
182 151
89 99
114 35
36 108
119 187
188 119
178 100
183 29
136 130
55 122
154 71
97 26
96 153
118 79
39 27
81 20
177 169
119 91
155 106
150 74
92 138
192 70
37 126
98 125
7 104
46 161
174 143
138 69
47 7
147 85
34 27
104 10
147 174
100 101
80 2
174 171
139 166
40 127
43 89
51 50
192 97
10 165
191 147
185 37
153 83
121 138
61 176
148 7
150 199
108 181
200 81
151 90
198 143
17 41
31 67
90 175
115 51
91 105
149 76
141 53
158 13
191 19
141 90
177 90
40 84
22 192
117 172
81 66
66 49
58 49
68 99
23 182
101 65
87 49
140 179
54 50
144 44
20 84
85 148
125 124
184 146
67 100
117 148
117 183
148 175
183 15
25 5
197 126
69 35
174 161
13 27
162 156
22 133
191 58
80 115
182 63
60 200
114 129
147 31
63 47
157 45
61 133
1 57
58 21
43 184
181 56
10 94
163 184
26 106
41 106
20 174
120 32
174 34
160 72
16 174
118 124
170 131
56 170
139 114
190 182
97 123
189 58
16 103
193 42
8 34
99 180
159 18
11 84
3 122
156 170
47 25
93 16
155 149
185 94
14 174
27 62
96 15
119 64
117 64
105 77
49 155
56 7
124 18
91 127
139 198
96 137
174 141
152 81
89 88
174 54
13 152
115 61
166 185
124 82
48 180
110 96
134 165
55 57
182 97
135 72
94 183
8 67
123 111
99 163
198 72
16 11
23 82
71 140
18 194
174 66
173 83
113 58
48 119
114 181
15 1
53 60
183 12
79 105
123 177
19 72
1 186
82 175
67 152
115 36
97 88
53 21
170 166
78 169
36 144
150 51
144 154
62 126
117 140
182 191
117 152
63 117
137 144
91 155
48 5
190 96
44 43
69 166
160 146
134 147
89 35
197 184
140 59
61 57
150 42
47 66
145 61
134 81
157 25
187 156
181 129
51 25
171 119
190 82
17 75
28 57
110 177
41 49
187 101
57 136
95 56
154 39
116 87
72 24
63 10
179 44
138 182
20 60
52 161
93 68
35 121
77 96
49 117
97 187
169 153
74 15
160 27
54 76
66 77
99 128
86 30
123 176
11 94
35 14
54 128
34 41
200 110
136 200
26 184
186 146
137 59
161 48
38 166
123 55
42 174
182 79
155 57
54 165
150 41
130 156
168 163
148 119
72 35
118 49
19 55
195 107
65 107
154 102
72 29
108 65
154 42
95 108
98 101
24 199
141 153
106 108
116 53
178 187
88 95
188 106
149 134
12 13
40 117
67 111
145 174
127 50
15 21
157 112
121 180
63 61
85 168
120 152
21 97
90 108
143 77
165 91
10 128
56 49
44 122
111 141
95 37
190 62
10 99
125 82
30 187
95 114
107 166
65 127
15 155
186 157
31 102
200 193
29 55
41 24
176 104
116 22
92 58
83 53
156 160
135 185
146 29
51 52
146 115
130 160
21 67
117 4
168 116
196 148
170 188
124 97
43 191
70 135
48 105
187 155
64 73
140 9
53 142
13 199
8 94
158 29
113 26
184 32
141 131
132 62
118 55
110 113
197 180
199 45
84 185
151 147
10 90
107 62
183 71
12 191
117 170
19 29
195 2
60 88
84 191
149 1
197 59
65 194
38 63
190 73
200 140
19 9
182 77
22 164
100 34
154 16
3 124
44 149
77 103
36 160
46 185
113 42
195 177
35 184
40 176
56 39
116 26
47 97
54 20
12 153
53 166
168 55
41 11
156 118
66 191
77 111
127 141
104 73
118 91
56 109
66 63
147 181
40 145
29 94
164 41
46 169
158 14
23 198
176 130
67 193
121 96
55 199
36 159
72 105
49 79
13 66
142 111
199 181
7 27
74 171
19 72
139 128
85 113
78 12
195 96
5 115
191 59
65 179
169 136
35 17
15 48
83 156
110 33
88 117
59 162
39 30
33 129
109 69
41 138
32 35
34 36
101 176
47 166
154 15
53 141
184 67
188 18
174 49
50 14
165 60
127 3
89 159
131 150
179 124
87 10
110 72
198 11
48 196
128 153
10 132
93 193
151 32
10 124
81 59
89 45
119 15
200 159
125 130
60 103
53 147
65 115
18 14
77 17
9 156
170 87
14 163
37 46
124 113
126 135
1 122
53 16
121 163
140 3
23 195
7 121
11 121
138 24
149 107
184 104
76 153
191 89
115 27
86 191
139 163
125 92
85 129
107 157
91 198
111 113
192 70
33 2
190 123
177 91
29 160
194 56
113 184
96 179
163 182
169 53
144 93
144 28
21 2
137 64
200 199
128 143
68 161
145 10
35 73
100 15
33 93
22 97
77 117
75 191
98 44
43 42
88 187
21 109
188 109
124 139
108 51
82 175
163 178
184 197
50 83
163 34
176 184
130 4
101 5
194 150
200 36
191 87
174 12
147 162
120 70
100 179
121 133
154 35
110 89
184 160
172 146
193 99
82 123
54 134
79 47
83 78
34 74
116 8
37 63
121 108
84 172
87 156
105 192
191 166
80 174
125 3
71 70
53 152
144 106
85 174
104 168
51 138
193 118
97 181
180 169
88 16
92 126
171 148
69 161
114 149
86 190
103 157
11 156
108 106
61 145
79 117
64 81
54 56
199 102
188 178
22 27
145 113
153 116
13 173
28 126
73 114
67 176
70 78
83 177
183 95
121 14
11 184
94 64
191 92
117 178
22 138
157 166
3 61
81 15
33 109
92 106
174 158
33 43
187 115
171 122
9 44
135 20
179 28
35 170
72 104
99 93
41 55
58 195
115 139
9 100
199 52
5 124
162 37
166 148
103 136
21 111
179 107
82 110
135 117
79 6
20 129
50 12
136 107
7 2
197 167
101 147
19 57
70 180
45 35
79 147
123 100
10 53
158 91
162 44
159 192
49 130
73 98
94 160
157 100
113 153
18 166
100 188
22 121
167 19
108 198
165 30
49 126
34 6
17 148
50 127
139 50
57 163
100 150
122 56
1 35
160 170
200 11
158 173
132 76
191 39
73 108
20 73
185 53
79 153
200 80
80 91
129 88
5 180
189 127
187 189
113 147
110 64
157 67
188 40
95 131
78 119
190 49
192 174
102 22
127 53
101 158
95 181
45 100
113 33
178 99
173 42
45 82
57 154
101 44
193 195
174 23
113 115
71 56
89 124
77 15
129 124
23 62
168 122
174 152
51 72
124 92
69 157
148 22
9 192
166 3
117 140
68 32
163 123
72 86
152 38
14 80
161 189
141 128
62 66
79 113
138 154
4 6
62 104
179 71
47 144
25 163
84 44
146 198
167 169
83 70
6 49
101 166
189 194
45 50
59 75
162 196
180 118
1 42
21 131
64 67
75 88
181 110
132 79
107 50
47 141
71 53
141 171
170 129
164 15
179 23
41 140
170 21
9 123
14 29
53 77
47 127
116 28
188 47
106 94
48 104
187 118
156 127
41 126
56 4
92 34
178 84
125 148
104 134
70 117
114 122
145 161
1 61
140 107
197 186
107 100
172 176
8 98
16 85
105 20
176 138
149 59
15 96
115 148
117 183
13 191
128 125
143 188
64 82
46 12
67 104
64 38
80 71
88 95
155 192
114 82
82 15
92 96
110 158
43 179
141 7
169 20
132 63
7 147
144 4
159 163
108 22
200 187
44 39
33 150
183 147
183 64
113 74
159 22
184 153
152 124
159 72
95 42
134 53
189 78
56 99
40 115
72 191
53 115
182 86
16 164
184 198
179 96
23 89
69 6
41 21
81 151
92 175
193 178
27 133
7 35
31 46
101 102
188 154
168 121
39 183
36 174
132 14
69 154
102 137
160 94
109 40
45 153
167 189
130 145
73 136
179 103
133 80
156 72
185 75
145 23
9 180
148 140
194 16
93 47
104 52
141 13
44 137
117 162
125 198
106 149
133 85
3 17
116 110
40 100
184 74
192 164
21 83
109 36
175 155
91 179
95 55
174 31
171 135
107 120
40 55
4 76
9 20
191 118
12 90
101 195
115 44
110 135
126 18
122 53
125 165
31 171
19 156
154 142
90 60
61 129
67 65
5 75
36 147
145 47
189 45
194 103
41 103
38 118
73 111
170 197
75 152
119 46
107 72
187 148
132 47
29 150
111 185
176 99
131 120
145 119
117 138
174 109
193 163
26 65
73 148
13 100
99 131
145 158
3 131
105 86
129 85
187 192
69 114
90 152
186 34
70 54
124 195
162 116
157 139
132 30
86 144
81 137
26 25
94 180
107 150
17 35
187 3
26 55
69 67
6 54
101 28
59 176
22 20
43 179
158 174
160 196
69 40
132 94
16 177
26 122
78 42
108 64
197 134
119 17
200 76
70 52
55 128
179 29
99 21
159 8
194 118
3 14
109 86
60 76
62 85
149 92
78 56
155 26
141 25
42 93
53 111
144 107
190 75
135 40
95 93
48 41
162 2
54 22
88 113
97 101
149 197
192 27
53 147
52 193
123 94
85 175
156 181
82 98
55 168
137 149
13 136
141 126
138 195
148 25
59 196
125 8
193 117
34 197
15 85
189 137
130 74
112 38
6 145
135 60
64 71
160 76
7 101
2 96
47 101
120 105
48 196
112 192
64 145
188 78
182 177
15 63
2 78
100 7
174 34
18 37
57 177
113 15
29 66
110 75
118 181
180 165
176 91
157 40
188 144
69 121
72 83
183 73
112 83
31 85
116 48
122 124
177 186
138 5
3 199
80 120
179 11
84 107
53 192
146 40
136 14
160 7
49 95
32 112
177 62
197 44
62 70
168 38
7 57
42 9
8 73
128 186
35 163
92 88
155 189
79 90
155 191
48 155
85 79
66 61
141 14
56 2
35 175
191 41
184 32
49 191
57 176
128 91
139 172
130 45
160 9
134 66
199 181
20 35
12 38
95 104
51 102
57 86
77 47
78 60
30 127
50 38
54 177
81 144
148 10
188 60
170 73
125 168
6 97
2 17
86 48
120 136
150 128
173 178
174 3
37 155
129 38
193 134
14 73
78 114
82 17
125 52
90 1
171 95
97 125
63 182
124 182
70 25
61 194
2 34
196 190
188 76
27 132
10 193
4 39
58 38
55 182
89 96
182 11
142 31
87 4
164 163
137 185
187 197
131 141
182 126
130 122
154 157
53 115
101 57
153 158
94 159
91 134
7 24
96 148
54 183
152 170
145 40
154 83
37 84
23 170
162 153
91 115
61 144
181 113
152 133
70 197
43 112
82 49
135 177
149 141
111 100
110 7
91 63
42 127
99 64
97 12
168 139
78 180
34 58
92 185
142 113
133 184
24 14
185 111
143 133
51 5
184 160
164 74
174 5
153 24
20 1
35 188
139 112
119 173
121 163
109 62
27 42
198 51
7 134
113 149
66 163
154 1
74 69
26 47
73 178
71 92
130 57
31 21
121 102
193 41
64 53
55 90
46 52
92 53
137 4
1 2
118 106
154 191
174 179
38 198
157 60
90 86
68 72
106 188
173 50
181 188
55 35
78 100
38 121
152 174
125 105
127 194
162 80
185 88
58 174
37 166
33 78
4 52
150 61
40 74
63 20
62 117
6 91
168 195
11 72
168 87
128 46
81 89
125 65
128 134
190 165
100 174
42 55
25 143
115 64
17 129
35 30
45 192
120 165
186 82
36 153
121 163
150 1
3 74
17 131
160 6
47 11
131 40
65 155
183 131
19 151
60 5
180 56
197 51
20 134
84 55
39 4
169 188
156 172
62 124
54 173
81 52
183 11
91 47
166 25
129 136
175 188
92 106
196 40
108 15
174 192
22 12
147 142
199 103
65 12
178 118
184 59
169 166
69 12
164 186
36 93
73 11
32 165
68 27
4 176
194 177
167 140
113 108
139 167
173 102
145 42
86 3
163 3
23 174
167 161
161 11
33 171
42 197
39 69
153 166
14 81
132 180
21 196
39 111
163 11
12 107
5 97
61 167
100 35
92 18
195 52
28 180
175 69
128 165
89 80
130 54
161 61
33 133
56 24
43 170
186 54
76 190
103 88
156 2
123 47
171 69
51 198
48 25
66 176
189 107
7 118
160 119
130 145
51 137
168 45
107 153
99 134
143 1
22 50
154 96
49 124
116 99
121 116
75 138
91 63
196 49
132 108
168 13
52 170
149 171
15 55
123 113
141 17
65 162
19 170
9 67
93 124
117 165
39 143
54 81
157 2
82 88
109 49
52 160
18 200
82 184
7 156
96 147
173 112
60 191
81 68
9 125
143 77
41 182
19 95
14 175
96 95
14 156
95 65
67 65
64 148
48 22
103 96
168 75
7 27
17 40
94 177
116 37
53 157
170 23
51 135
197 98
30 10
53 124
74 119
140 90
66 188
111 120
83 79
147 41
57 163
32 103
92 148
139 144
104 60
167 106
194 115
155 175
125 7
51 150
77 190
39 142
129 102
61 163
180 7
4 188
122 187
90 13
134 180
108 189
39 26
46 185
141 200
111 17
6 161
166 82
103 157
175 31
58 188
194 189
146 149
176 19
135 66
183 21
197 43
161 36
68 7
172 160
6 82
128 164
195 46
197 97
154 124
127 11
63 72
151 8
172 78
179 107
95 161
79 92
155 191
79 175
149 50
134 107
83 14
70 77
59 18
125 164
141 4
174 3
75 76
163 47
105 141
105 200
53 135
43 8
77 121
182 26
122 67
132 156
32 153
185 42
170 109
5 111
112 130
65 139
5 27
137 62
119 41
61 124
127 103
83 3
175 64
28 48
82 111
3 114
63 187
107 33
96 112
95 159
41 159
97 198
138 33
59 8
25 71
131 103
125 13
106 99
28 85
146 62
148 100
127 10
87 33
194 134
144 88
92 137
199 141
134 88
125 192
95 150
62 178
4 138
142 109
36 170
146 133
183 93
184 109
54 70
141 48
155 37
87 199
173 85
139 58
124 63
49 19
164 62
148 168
151 89
28 186
10 125
70 192
169 53
52 23
75 145
22 29
181 108
27 105
145 117
162 68
132 162
38 95
175 137
14 125
26 42
62 187
166 83
131 87
135 182
109 161
126 82
142 58
189 120
114 85
37 75
105 168
188 94
14 162
31 28
38 8
21 99
194 138
133 76
24 68
58 132
180 135
13 73
145 154
193 58
190 181
85 94
100 24
188 113
138 170
92 175
177 112
26 122
2 158
198 25
177 55
109 141
121 181
85 26
173 95
16 105
131 61
4 154
48 69
91 169
112 18
145 176
43 67
177 152
64 1
129 70
109 37
10 182
17 47
159 142
93 126
198 23
187 2
128 186
22 19
155 133
36 99
60 30
117 36
181 180
189 61
1 49
97 163
30 66
9 141
159 53
66 156
75 52
109 2
38 130
172 192
15 159
42 74
140 159
62 121
90 50
133 43
98 182
5 80
47 165
20 157
17 85
112 43
89 21
196 78
102 120
21 68
78 62
94 18
172 155
90 14
156 22
56 5
3 60
36 1
24 7
157 192
92 21
34 132
193 181
9 94
100 29
162 130
42 7
147 14
113 188
27 68
161 34
24 164
93 60
116 68
66 25
59 109
45 44
192 37
176 200
82 76
180 195
5 22
1 103
35 113
42 13
132 2
46 156
117 90
167 33
157 184
57 167
45 53
162 36
89 137
188 170
164 167
117 120
188 117
174 182
15 186
113 169
183 68
85 72
186 69
180 170
77 146
14 129
59 1
17 196
188 139
111 155
55 31
94 123
156 68
104 171
5 169
91 188
36 175
11 174
196 191
95 72
88 60
1 99
60 17
46 200
107 156
154 113
138 199
188 94
66 91
16 23
59 106
162 47
32 172
172 27
114 66
99 154
125 51
52 184
19 97
135 126
4 40
190 142
39 177
187 56
20 154
78 30
11 39
28 194
163 199
173 76
16 71
181 140
121 32
76 91
80 10
16 84
50 158
177 40
134 115
95 105
68 173
87 78
163 114
23 125
65 195
1 80
17 181
172 137
165 199
28 44
160 195
79 161
104 55
200 38
169 95
94 188
19 180
17 181
94 40
106 110
34 58
141 51
190 112
139 154
62 118
150 22
65 28
182 168
35 134
157 155
180 51
95 198
182 111
130 27
102 35
136 88
44 77
90 34
140 180
187 2
98 88
175 114
68 108
33 102
41 190
8 20
192 102
169 173
165 99
152 18
85 87
105 129
115 194
162 55
174 100
8 23
140 182
88 7
41 120
60 82
109 19
53 52
73 22
177 37
72 128
6 108
166 111
188 81
56 149
87 29
1 94
3 92
27 90
98 67
10 157
100 70
127 153
122 199
126 50
187 149
177 193
56 94
103 44
174 158
144 60
139 96
105 141
187 83
31 36
102 192
144 153
61 71
57 134
69 182
183 56
82 111
200 90
5 102
85 130
11 180
142 149
76 198
42 14
81 72
50 134
15 145
86 75
15 143
9 36
76 143
43 110
6 42
199 162
95 83
91 105
62 184
6 89
182 199
55 14
22 56
147 36
200 184
110 167
78 70
2 154
13 196
15 170
189 13
131 83
47 173
139 60
157 96
149 138
94 3
151 115
10 49
150 9
184 60
175 62
81 128
167 45
75 181
14 63
145 144
97 191
69 36
50 25
131 150
114 25
104 16
139 113
64 41
122 47
100 48
60 180
128 26
25 2
158 190
17 102
86 113
92 154
148 94
130 31
43 55
147 58
145 59
73 137
132 71
36 180
131 168
107 108
144 60
66 85
76 167
170 189
11 75
88 104
4 118
146 46
124 44
55 21
103 127
157 34
198 145
165 80
64 23
187 159
83 52
43 110
171 13
50 181
87 138
84 43
7 181
88 131
25 143
151 127
69 59
112 18
3 77
97 66
99 84
24 133
87 19
195 57
183 44
189 21
133 72
63 140
53 151
70 77
45 172
155 65
30 66
83 33
94 131
50 145
166 26
29 5
44 23
61 26
19 50
46 151
73 61
90 77
11 111
105 7
82 59
71 64
77 105
48 122
188 49
66 153
74 47
157 69
69 170
94 87
171 92
190 195
152 31
72 114
142 176
72 175
187 94
190 15
199 37
136 138
86 154
90 111
200 199
180 68
120 25
107 42
68 48
188 171
78 59
36 171
187 107
146 125
1 135
139 151
124 74
88 161
27 129
23 26
79 2
46 198
179 104
191 46
151 179
169 180
189 4
151 127
111 96
51 63
182 189
13 57
15 100
169 193
180 192
171 59
145 168
8 123
71 199
121 173
129 89
152 117
92 102
44 154
149 46
16 83
187 180
91 1
31 60
145 11
51 115
69 195
34 28
70 56
26 142
180 106
30 132
23 73
185 18
27 86
63 194
120 49
174 10
1 156
69 146
166 71
12 186
18 198
166 87
53 191
180 33
49 9
116 71
81 52
40 59
137 54
5 8
103 130
18 55
85 38
152 3
109 116
140 78
113 105
116 165
48 95
149 96
103 64
118 135
116 157
194 4
162 150
12 16
79 181
71 163
18 22
117 78
137 57
155 1
161 70
166 160
164 114
55 18
130 124
153 197
32 98
200 194
47 163
9 125
95 31
39 113
5 156
142 93
12 97
94 124
118 59
36 82
124 42
99 5
166 3
1 197
52 153
142 98
67 103
174 162
133 13
26 137
120 167
30 131
15 75
6 133
85 41
166 8
83 16
165 200
19 117
148 70
69 42
120 88
144 93
49 28
57 74
117 176
192 98
58 7
172 64
91 56
56 15
90 71
179 41
41 96
189 63
116 30
182 3
125 26
3 152
35 28
68 10
20 165
20 178
136 35
68 191
90 75
158 132
145 136
172 138
183 112
200 99
93 181
53 17
158 8
169 192
35 188
154 6
153 173
135 40
7 154
183 48
28 140
131 173
75 55
110 10
166 61
60 11
193 64
27 150
71 147
94 106
135 199
63 39
171 198
30 129
151 12
128 131
151 11
103 178
65 164
187 182
176 198
192 168
61 171
117 132
69 162
189 155
160 51
193 82
200 175
162 103
186 90
33 89
52 87
18 116
2 156
49 177
153 41
144 13
163 12
144 31
174 84
186 133
87 130
15 86
104 176
188 42
17 20
130 68
106 147
135 107
102 184
35 6
176 178
18 138
190 114
120 163
197 105
47 83
187 13
121 90
141 108
131 157
80 12
177 137
110 111
196 163
46 30
168 21
8 186
110 197
51 30
111 199
86 157
34 72
170 154
162 62
13 44
18 92
8 146
29 117
9 24
80 6
5 199
27 12
184 88
160 186
117 70
185 3
179 18
74 100
171 187
161 183
183 130
27 190
28 55
58 36
30 89
41 34
88 19
198 23
107 157
9 175
179 193
129 157
162 155
56 132
141 168
66 75
97 92
64 124
98 74
111 79
114 104
65 1
122 62
24 180
170 184
155 148
128 83
104 89
37 111
172 130
30 37
4 79
81 20
154 178
45 65
9 158
120 73
159 41
134 173
103 69
79 3
196 113
106 36
102 169
7 31
150 195
186 28
75 157
182 5
1 198
13 111
117 37
21 109
170 106
33 24
174 111
26 169
24 84
4 125
4 162
107 153
156 44
133 31
1 66
187 153
63 151
63 131
187 35
191 108
140 24
83 113
134 61
33 157
96 188
33 99
149 139
3 105
183 87
87 135
152 73
39 166
175 102
96 161
88 87
68 28
110 150
140 195
162 125
152 57
112 136
155 61
75 110
117 9
196 3
95 100
27 133
65 1
186 161
113 74
199 180
101 108
81 192
54 43
116 5
99 28
93 6
40 167
67 156
127 14
110 21
113 136
105 178
88 91
90 200
164 88
131 16
147 163
7 200
157 75
157 8
102 49
165 141
167 31
48 45
44 157
17 109
44 121
86 83
163 127
82 78
14 164
93 112
78 52
111 35
126 19
194 179
67 158
71 185
188 70
29 183
26 45
43 69
118 80
103 80
6 184
158 171
99 2
82 176
53 145
162 130
163 155
60 182
112 82
166 51
151 195
186 176
191 180
196 108
60 98
188 17
33 97
188 83
98 69
11 103
165 172
184 128
79 196
109 142
77 74
145 28
20 82
155 11
61 103
118 72
152 57
89 185
105 76
19 3
96 29
57 61
153 192
140 31
187 48
172 64
121 68
43 93
149 103
10 51
172 33
3 181
121 139
85 148
157 39
44 138
47 56
90 39
195 120
177 42
43 192
114 111
34 158
59 183
60 20
185 184
53 139
164 125
77 48
73 186
39 68
123 85
123 12
123 69
83 52
110 125
43 175
187 77
133 198
11 144
17 147
127 21
86 42
146 162
90 170
99 128
37 21
164 159
184 39
179 66
90 88
143 132
14 129
160 98
126 122
194 95
69 120
67 154
162 164
67 3
133 166
82 169
138 45
79 122
35 57
187 124
96 129
56 62
10 15
111 135
89 104
181 157
176 48
62 89
11 80
43 96
197 124
16 135
120 47
8 155
55 146
30 103
27 85
164 36
52 26
122 140
130 103
48 57
150 109
97 112
140 139
7 137
14 23
23 85
21 30
191 75
127 21
177 153
105 92
188 156
118 110
47 199
164 94
7 113
154 103
176 94
41 183
30 54
157 4
90 129
185 81
3 111
101 132
16 5
23 3
113 140
64 111
90 179
5 96
91 158
198 19
51 190
1 32
195 109
35 85
37 19
165 191
82 65
122 97
21 145
51 85
36 67
196 78
45 200
173 88
109 123
106 112
112 58
143 107
166 130
191 154
148 107
96 181
123 18
77 143
114 80
28 149
146 175
178 190
126 151
77 34
73 182
97 136
39 40
42 156
169 184
61 68
42 157
1 164
174 77
107 39
108 86
139 53
12 117
195 137
67 71
122 91
5 19
178 195
10 172
103 130
107 163
197 149
71 149
112 196
178 170
34 85
7 173
138 18
89 132
106 107
154 180
149 110
198 126
57 7
97 159
88 4
121 84
104 192
33 15
187 10
137 173
46 143
145 183
113 185
66 170
43 172
149 191
81 146
68 137
104 117
47 191
120 168
27 175
111 11
189 49
172 77
21 17
172 117
152 84
101 169
53 95
140 2
85 173
99 153
61 155
21 108
97 92
27 123
66 137
85 6
137 8
83 110
25 54
26 128
89 79
96 141
173 188
94 10
160 145
114 20
99 134
79 195
25 105
70 90
41 106
95 130
114 177
39 90
182 16
17 70
94 64
163 19
51 56
28 162
152 93
134 50
26 12
197 2
117 18
91 109
123 137
38 36
66 28
125 47
44 93
117 89
157 79
59 159
86 38
121 38
130 54
39 107
17 35
108 133
52 150
194 175
87 183
162 152
11 87
198 6
179 66
46 87
96 105
46 182
94 118
171 176
123 9
82 139
196 142
24 199
91 17
125 177
199 87
80 161
173 30
118 103
47 164
190 143
20 35
124 113
104 46
40 26
54 122
164 1
63 187
200 105
155 124
34 154
10 113
66 134
94 184
189 141
99 178
83 118
164 158
182 67
3 22
92 8
95 7
9 157
194 160
13 148
35 46
53 197
159 71
82 52
54 70
144 152
199 26
21 162
135 2
180 89
175 23
97 69
30 57
177 175
168 190
74 2
35 79
198 145
149 80
149 2
149 92
105 148
70 125
61 4
78 193
93 53
15 141
121 196
197 98
122 116
87 196
117 73
74 67
18 22
146 166
175 46
57 79
145 126
3 158
82 32
150 174
84 116
114 5
64 62
54 185
177 92
180 45
164 5
111 181
26 56
98 152
54 107
30 198
32 184
107 65
16 56
38 99
124 103
55 187
116 108
171 44
199 103
89 115
107 199
95 85
7 193
36 12
51 66
161 82
1 68
99 168
75 88
67 198
143 73
136 58
181 107
54 131
161 142
45 67
92 151
50 36
139 61
86 4
22 119
156 41
17 124
115 105
142 65
47 14
200 56
146 58
109 77
18 2
121 37
46 164
187 47
199 77
108 84
32 81
3 188
73 19
111 187
75 4
3 73
17 3
129 163
60 189
191 30
191 63
66 188
27 4
34 25
81 93
61 112
125 15
99 197
33 161
136 60
116 138
132 133
92 60
47 104
1 189
133 191
51 198
130 29
153 163
6 33
56 66
145 180
80 195
129 64
108 64
75 23
1 7
107 93
18 153
196 18
93 80
160 144
29 89
172 181
4 129
14 59
194 110
190 25
56 118
89 163
181 163
138 134
121 44
178 139
149 173
108 41
4 68
136 32
108 60
12 111
188 177
169 134
86 111
158 94
28 198
8 161
113 145
46 33
141 23
123 89
147 183
81 150
50 169
181 157
28 144
68 167
121 188
100 158
50 10
51 30
159 59
190 71
3 35
56 95
9 130
135 155
112 16
56 113
136 36
70 115
179 89
81 51
28 133
9 30
142 59
59 100
117 200
123 72
186 130
118 194
59 53
148 123
20 155
35 155
190 56
69 120
96 101
171 124
33 179
153 126
189 163
178 58
162 100
81 147
181 198
140 39
50 39
161 69
193 148
175 134
3 43
5 99
144 175
174 176
105 78
54 46
40 31
103 1
82 183
147 62
132 38
52 182
76 165
2 20
112 177
153 114
19 157
164 114
84 137
42 140
14 95
185 5
125 39
5 158
173 103
19 105
140 70
38 167
34 39
186 145
15 90
11 186
199 174
51 82
111 92
173 76
186 110
81 62
100 37
19 73
92 37
129 183
59 166
150 44
156 87
189 171
177 151
108 175
124 158
8 186
50 132
14 187
41 46
49 141
34 19
165 125
8 93
108 66
58 9
109 13
95 49
135 23
151 194
149 75
104 156
12 153
40 25
91 80
70 91
172 56
110 136
180 69
180 39
134 37
47 194
2 94
195 88
116 145
82 17
171 185
172 183
89 11
159 179
43 181
22 166
36 83
54 167
151 33
6 84
22 4
29 23
49 175
110 117
120 143
133 42
127 56
176 167
19 135
98 13
67 119
178 54
1 31
20 151
64 177
186 85
133 166
59 181
141 120
97 60
63 181
53 189
37 29
108 55
115 5
67 181
123 196
34 75
27 5
25 42
134 162
78 66
127 136
46 19
55 95
30 117
27 83
58 63
111 117
69 25
121 87
157 195
83 142
69 61
146 45
102 79
158 131
96 84
66 94
103 72
140 84
141 166
166 150
29 76
66 49
52 186
136 160
180 170
101 200
30 199
44 83
29 1
13 125
36 30
18 90
101 157
174 41
122 139
142 102
167 7
103 170
144 38
82 75
159 182
26 188
132 69
70 161
21 34
37 9
63 54
98 163
162 23
156 35
114 97
89 32
56 191
153 151
180 34
26 138
16 51
125 99
72 146
59 44
179 95
52 41
100 102
155 13
124 62
48 189
159 88
20 166
78 125
116 57
158 93
146 125
96 22
24 167
167 82
162 97
129 14
89 180
67 195
193 142
57 192
131 167
79 102
132 156
26 47
164 184
92 61
108 187
82 131
105 200
165 66
48 93
79 136
72 145
82 16
87 138
7 169
104 85
70 35
192 96
34 107
31 125
119 138
111 200
21 15
151 185
80 198
29 111
85 52
7 167
68 45
56 26
13 160
63 35
146 54
82 179
113 112
55 31
1 117
183 21
131 133
157 163
83 137
25 119
189 31
37 8
76 93
33 40
52 95
74 197
101 155
128 165
18 182
195 19
99 129
191 181
14 148
95 48
84 119
166 24
102 3
31 129
95 64
168 98
110 194
46 10
100 173
174 118
107 121
136 157
1 126
137 14
25 32
61 102
179 84
3 181
67 83
27 82
3 124
191 196
169 1
95 94
126 164
200 198
51 156
199 129
44 164
153 27
177 165
129 155
49 83
87 67
166 113
148 168
188 138
115 108
90 161
1 16
125 152
13 175
107 163
103 151
127 8
129 103
172 57
57 172
92 95
38 57
159 185
176 146
75 90
5 164
2 6
131 126
157 96
53 16
58 107
118 184
66 46
38 190
55 46
161 146
140 151
154 98
87 129
43 161
170 48
77 171
5 159
49 113
54 101
80 64
159 197
199 25
195 37
166 49
82 126
194 22
28 147
71 115
75 66
27 196
65 103
166 69
62 14
133 67
66 13
82 177
9 81
153 3
69 118
51 102
195 196
123 23
142 146
137 168
11 115
163 75
18 81
95 31
46 27
49 64
191 131
40 200
163 144
154 31
61 157
132 55
104 7
29 46
152 117
165 114
32 80
188 1
112 34
183 157
12 31
20 3
113 11
2 75
154 107
57 14
15 189
21 119
147 49
116 98
118 32
163 149
111 102
101 22
135 83
131 146
65 102
148 178
113 101
4 66
160 61
32 174
1 52
92 147
52 159
196 121
191 110
69 101
11 169
75 145
3 157
42 68
58 190
197 170
42 200
188 1
12 19
127 164
22 170
62 25
129 9
146 119
118 166
171 128
135 197
72 89
153 114
156 163
55 152
84 48
104 71
49 67
89 127
183 62
96 44
87 24
53 184
94 122
149 65
50 35
61 73
124 166
138 31
80 192
135 163
192 38
34 192
56 74
118 38
136 13
34 174
189 86
157 82
159 57
98 8
44 111
81 167
76 18
149 155
162 83
69 153
72 102
144 128
176 13
117 63
25 150
188 165
187 96
47 146
152 96
153 195
6 185
113 33
155 62
139 68
96 8
172 168
109 67
95 36
79 11
50 55
161 37
20 99
132 18
44 36
113 197
182 119
133 47
151 87
60 90
154 155
49 125
122 157
143 168
145 21
179 194
76 91
31 47
189 114
16 33
149 128
181 131
198 113
177 149
152 36
190 57
142 38
134 64
146 76
31 90
49 161
36 124
51 18
122 192
131 137
176 80
16 156
162 14
20 90
114 123
77 55
180 18
92 65
81 189
140 64
31 188
24 66
63 27
83 136
18 165
72 193
44 88
100 157
101 71
198 166
194 74
20 125
92 63
189 124
51 80
139 33
68 163
50 82
141 84
18 158
49 41
102 44
80 1
1 132
71 198
97 16
24 116
140 67
178 80
142 181
160 81
13 27
195 15
60 135
98 29
44 146
70 145
190 149
97 142
81 119
91 177
135 114
45 26
180 22
106 74
154 17
154 119
195 100
133 54
34 30
83 29
176 104
173 117
4 21
58 84
139 148
13 25
62 57
3 193
30 60
18 136
76 171
54 70
22 186
75 7
15 109
35 142
12 159
58 16
179 115
51 70
63 46
76 71
200 20
53 59
38 188
86 160
41 107
182 178
182 140
192 90
175 134
54 133
143 21
64 58
71 85
72 86
130 99
108 130
70 160
140 59
99 178
171 139
84 104
68 17
43 60
59 17
145 112
102 39
132 165
96 154
1 119
39 130
169 147
11 39
58 103
49 157
80 19
47 115
122 115
132 165
126 190
133 22
53 34
60 136
150 156
89 150
26 128
32 195
26 194
185 35
96 185
191 127
4 190
194 77
104 125
193 181
66 126
2 70
111 61
5 13
168 93
114 146
172 145
92 149
139 28
184 186
12 126
65 167
115 58
44 170
134 188
150 151
65 151
20 176
164 24
140 83
68 53
28 192
198 119
140 88
146 123
25 158
49 41
124 115
50 119
85 183
107 34
133 171
137 104
98 52
127 37
134 147
90 162
138 39
80 77
78 178
152 54
135 152
95 10
66 144
81 102
79 139
88 163
109 24
67 159
27 145
195 160
91 36
73 180
26 105
9 55
82 160
109 168
63 155
129 80
50 9
182 128
147 69
43 8
44 109
166 70
53 112
181 96
100 54
75 77
158 83
132 39
194 192
158 8
98 86
88 147
95 21
27 193
89 69
152 84
129 69
105 133
181 85
28 32
138 103
108 47
137 191
37 83
182 194
90 31
32 129
178 126
149 156
70 189
176 22
72 104
90 176
36 22
13 16
5 102
70 65
149 158
55 137
40 189
83 82
19 114
162 148
191 63
103 60
51 30
33 75
85 75
2 73
48 166
88 53
68 157
117 168
66 123
104 106
111 138
139 130
51 100
77 41
114 132
101 117
113 85
191 198
159 144
70 159
62 109
163 129
17 79
48 82
153 103
139 64
41 77
145 91
129 173
132 42
56 184
158 169
68 100
166 179
196 187
137 57
95 99
137 63
129 184
144 81
38 83
96 78
111 40
121 39
165 52
33 20
187 190
188 54
42 105
184 37
91 120
45 137
170 181
199 50
116 143
131 153
177 178
183 87
18 55
78 182
106 110
153 44
99 141
49 92
197 33
80 40
104 124
176 74
56 127
123 21
5 28
197 183
10 35
152 64
112 85
121 21
37 116
72 129
164 163
126 196
195 165
100 118
92 125
126 18
199 48
190 4
75 186
138 36
173 89
51 84
125 171
105 161
38 128
42 2
42 119
197 36
35 48
154 126
172 31
96 123
78 85
78 153
23 15
188 195
55 39
78 179
161 134
91 199
13 132
200 55
2 148
90 36
196 195
114 119
25 9
41 55
45 118
7 19
84 146
13 138
136 43
68 49
128 159
199 141
42 150
147 44
97 36
79 44
183 192
115 159
152 107
13 149
177 171
167 60
69 180
150 4
174 17
4 101
127 2
193 169
151 139
164 200
127 42
43 61
186 109
19 137
16 184
85 192
106 52
3 174
183 152
130 156
121 133
8 47
87 1
167 37
139 130
36 17
124 31
77 109
139 48
197 154
31 34
97 88
37 100
14 19
3 95
126 123
27 85
122 113
85 88
102 176
170 137
144 93
167 21
