200
23 10
131 148
77 13
107 166
26 80
125 80
84 171
21 67
3 124
64 65
198 192
102 5
128 199
100 15
137 79
167 160
41 49
59 69
62 117
35 39
196 111
118 31
82 90
98 36
14 113
101 163
104 2
167 183
153 18
198 41
49 164
152 41
165 10
109 26
79 95
64 26
6 134
57 39
23 154
74 188
66 174
150 121
128 69
55 32
38 52
72 38
168 24
78 132
185 139
109 63
33 172
41 38
57 97
28 80
2 102
19 75
121 91
154 189
145 185
178 197
9 168
164 32
45 47
168 135
155 183
168 78
23 157
135 71
185 14
72 86
184 90
112 104
180 18
44 76
154 22
72 162
189 187
145 185
33 65
120 139
47 39
17 69
147 151
139 83
116 162
120 99
51 184
3 182
1 46
57 154
19 81
68 159
19 164
96 4
28 167
142 74
157 158
94 103
108 184
186 175
145 57
74 147
40 28
80 40
25 89
146 196
169 13
154 139
176 1
142 156
167 84
29 123
193 123
178 53
106 115
27 3
171 52
149 11
79 29
2 56
117 99
51 37
63 156
175 191
157 69
146 75
152 174
150 96
48 79
148 106
193 175
108 115
178 56
77 57
36 31
64 104
129 114
92 192
69 67
182 177
135 127
4 38
52 153
133 100
183 33
5 175
159 112
41 136
119 70
144 107
100 7
10 28
72 102
171 141
120 152
69 6
30 72
195 82
176 79
133 158
111 137
84 21
200 77
157 70
146 52
128 45
59 90
24 130
143 195
22 62
98 43
19 128
66 13
161 194
43 93
103 154
181 187
126 132
15 82
1 160
86 129
156 96
18 131
177 160
77 199
173 175
193 191
54 58
155 166
3 197
58 106
102 190
44 28
121 58
61 121
169 146
1 76
41 170
6 18
81 83
168 53
9 112
195 14
121 101
179 124
50 188
29 151
177 72
130 97
81 143
169 49
88 122
124 81
91 81
50 124
115 169
128 75
32 123
88 152
175 18
75 24
157 55
127 133
78 8
181 158
150 102
158 190
175 33
22 17
114 71
140 180
191 68
55 22
142 94
125 116
64 152
92 20
6 18
105 36
25 85
193 127
138 103
116 112
135 137
129 200
159 68
180 149
87 186
122 28
79 198
144 142
149 187
114 107
4 18
142 180
54 86
106 192
188 173
55 123
109 135
74 19
3 5
167 41
190 40
69 21
38 164
114 138
150 27
44 105
44 185
36 98
23 94
41 10
66 95
84 127
30 110
145 184
114 64
24 104
55 44
76 44
7 189
182 108
168 25
164 163
162 200
60 136
45 52
145 110
99 181
188 128
90 133
63 3
148 38
58 2
82 133
46 40
74 27
100 41
3 63
3 116
62 15
51 106
18 148
168 116
128 155
195 169
39 57
123 186
95 181
140 128
65 185
119 138
163 18
130 117
81 85
33 94
51 35
200 68
182 119
184 61
25 178
29 16
187 152
153 33
84 92
160 148
28 30
38 142
48 167
59 128
51 43
21 101
77 172
121 59
90 104
71 67
33 100
82 19
3 186
3 86
78 114
33 57
144 70
199 191
37 9
118 39
51 90
92 79
62 12
137 103
67 8
169 99
59 2
70 61
188 72
146 17
186 130
73 129
200 23
71 188
31 188
178 33
77 69
112 138
32 200
193 98
159 113
197 17
115 18
77 54
89 174
70 26
104 94
106 55
117 176
42 99
115 19
132 192
40 43
81 71
42 73
169 1
138 117
169 52
134 46
57 174
171 126
200 26
171 57
80 39
33 73
138 147
44 69
90 83
63 171
105 104
195 73
56 132
141 25
135 74
22 191
200 192
68 151
18 191
7 49
29 39
122 166
138 165
186 27
199 48
149 103
104 96
128 159
27 68
183 114
94 4
56 93
196 76
43 165
66 49
13 94
40 86
12 177
2 149
155 200
197 104
103 100
199 182
58 177
49 41
42 142
196 98
34 191
173 28
107 190
77 72
35 116
157 198
44 111
147 198
110 143
53 164
194 51
145 3
180 194
195 21
87 191
70 121
133 194
100 40
183 176
63 170
43 19
167 38
81 113
36 191
7 88
154 200
91 51
155 70
44 149
42 130
139 112
2 72
57 102
63 40
29 125
9 24
95 127
61 176
40 96
166 198
136 71
198 178
121 104
199 116
52 40
198 143
103 199
14 160
52 76
151 33
200 111
56 94
37 68
21 28
164 186
26 51
9 175
180 129
78 178
45 81
169 42
23 24
192 36
135 196
63 85
180 14
147 35
60 183
102 80
163 17
66 188
19 26
162 198
154 191
127 150
71 96
143 94
119 87
129 53
82 144
89 13
157 35
199 16
169 52
96 131
21 113
70 39
138 31
189 43
21 67
193 92
162 87
185 32
173 65
36 6
8 76
18 165
62 16
132 31
68 27
113 40
139 183
78 28
165 18
71 186
85 63
29 198
101 165
30 74
29 17
79 189
93 49
105 154
16 36
136 35
63 1
74 153
183 152
181 147
121 3
84 5
17 64
155 117
28 136
190 9
152 21
197 196
69 53
102 36
88 189
71 102
189 144
7 171
47 139
70 168
141 105
124 157
169 30
73 196
165 15
156 69
35 152
64 55
156 117
90 44
106 160
145 94
56 103
17 102
41 38
21 181
142 97
137 110
126 162
58 43
176 13
111 162
117 174
16 72
91 57
67 148
169 164
41 24
66 9
77 107
46 50
87 188
146 176
49 23
137 106
65 112
71 175
25 187
101 40
10 143
48 77
90 16
40 82
191 105
91 20
11 88
69 50
27 166
25 76
140 161
133 5
24 3
131 48
141 183
39 103
125 86
179 166
54 170
200 44
26 42
63 37
129 83
38 156
48 62
183 188
22 115
144 197
70 26
44 162
9 82
64 85
119 194
3 172
115 2
168 141
43 30
129 171
65 166
78 112
27 60
51 200
127 146
196 172
191 109
132 24
173 168
142 118
170 66
185 123
33 125
165 62
5 88
126 170
165 190
148 177
192 147
103 138
94 98
61 84
6 144
59 130
111 200
200 33
65 184
155 97
60 72
111 64
159 188
185 75
129 132
51 121
78 105
58 123
2 70
158 160
13 16
41 75
15 192
107 32
127 14
80 186
85 142
1 195
82 185
21 10
116 24
130 145
128 139
67 82
8 24
193 20
39 33
95 6
177 153
189 103
118 20
89 154
162 41
100 43
26 121
52 141
96 134
86 23
72 104
56 32
128 48
3 118
33 49
75 9
2 63
63 71
83 151
25 196
192 124
38 169
44 41
109 91
174 146
114 198
50 121
181 177
169 183
46 153
184 121
113 185
135 175
7 169
78 31
164 21
155 153
189 150
194 97
41 119
195 106
68 44
26 48
172 146
183 17
50 166
89 162
102 24
137 108
144 166
139 108
186 93
60 174
194 5
22 34
76 16
91 143
59 117
191 30
14 125
199 64
90 87
177 191
62 65
98 6
30 36
65 167
80 76
140 26
81 114
59 156
129 150
50 140
18 40
121 183
116 71
198 5
158 175
195 171
191 45
176 173
32 192
139 64
68 31
89 148
144 147
55 24
48 104
163 17
96 36
200 11
106 149
16 63
75 162
186 66
6 113
38 105
128 101
172 158
189 71
101 87
125 87
180 39
55 75
74 54
38 180
155 5
194 29
166 131
46 124
44 35
113 148
163 165
119 120
105 189
173 143
65 49
29 196
87 84
71 113
89 60
44 195
16 189
24 133
120 69
56 163
56 120
110 18
84 180
89 140
120 13
83 136
61 63
131 100
146 153
12 187
12 55
181 27
43 156
112 114
177 167
76 32
39 137
1 122
68 41
62 187
54 96
122 114
158 5
165 56
157 176
42 121
182 174
99 177
130 10
90 106
129 118
137 167
54 89
40 122
129 53
60 182
148 134
48 106
138 12
161 94
140 154
166 73
127 65
1 8
26 43
113 154
160 1
120 13
89 160
86 18
164 146
151 112
31 150
169 168
114 81
13 5
34 179
77 112
195 30
120 20
72 184
174 31
185 45
195 25
156 33
194 120
178 145
31 160
46 151
127 159
31 91
115 16
69 144
127 15
173 198
35 44
182 160
26 118
4 172
142 160
4 136
31 133
32 61
92 29
163 18
140 193
109 54
160 129
197 38
144 121
36 130
116 169
89 141
38 92
113 179
3 116
66 33
49 45
140 78
7 110
169 151
170 22
110 98
171 148
193 91
135 122
7 55
10 99
92 54
11 22
56 79
40 41
79 88
85 170
117 44
79 85
194 200
59 56
98 29
155 42
71 41
164 77
47 125
128 138
178 90
111 186
168 150
26 198
190 62
168 58
105 198
95 51
198 153
106 95
133 12
136 3
52 51
32 50
176 159
139 153
48 49
138 168
151 115
165 92
177 132
149 81
130 195
83 79
147 188
125 79
151 12
34 154
63 65
3 38
23 141
142 70
142 32
37 92
146 154
135 74
85 83
107 166
30 189
196 176
129 120
7 79
132 40
33 146
104 187
135 78
128 76
99 21
59 88
112 157
41 46
30 77
80 136
195 109
125 190
37 53
110 195
83 193
34 67
138 89
54 72
166 133
147 64
153 158
151 64
114 143
61 95
20 92
183 14
153 59
3 141
63 64
135 145
56 120
12 193
8 17
64 125
149 163
140 101
72 43
116 185
185 128
31 156
171 13
169 75
23 124
15 85
187 101
182 43
20 145
35 179
161 51
55 61
13 147
161 84
189 76
20 125
155 2
81 125
167 1
200 189
124 166
26 111
67 159
105 38
103 91
17 15
141 23
75 105
169 187
140 109
14 159
186 168
113 18
44 79
18 195
19 94
161 44
156 27
154 60
16 8
150 184
22 91
7 48
147 175
186 87
36 199
197 21
118 109
190 114
187 7
108 6
52 68
1 7
46 155
66 62
162 168
45 136
10 3
135 156
178 121
42 165
71 39
137 141
99 126
54 86
84 161
43 136
29 195
142 26
149 160
87 63
79 84
198 88
86 84
43 15
4 37
131 27
75 67
167 173
192 20
10 76
180 4
11 160
199 104
138 99
15 24
161 93
59 110
180 97
194 175
111 149
11 42
127 37
60 93
161 52
64 123
79 196
126 89
155 76
144 92
175 159
68 87
3 78
197 135
174 142
109 37
42 71
30 169
59 89
61 19
92 125
93 170
120 171
58 26
46 154
70 172
64 89
59 66
166 7
200 92
100 60
128 141
130 109
61 188
197 122
159 89
198 3
58 69
173 68
46 171
173 67
142 36
155 152
101 73
110 53
164 9
112 43
102 194
151 162
133 99
35 43
187 184
46 197
52 170
16 50
140 188
116 34
175 23
185 75
95 79
10 55
191 52
156 136
154 118
68 52
104 111
191 88
108 187
91 77
154 140
17 141
8 2
67 182
186 93
76 32
172 37
87 114
88 194
49 41
63 116
92 167
178 82
54 85
20 144
162 173
36 130
65 43
131 24
68 24
51 100
147 87
138 60
126 131
108 118
146 175
161 112
153 43
165 37
14 60
198 139
95 127
155 89
9 86
112 77
61 114
176 7
152 65
18 77
147 125
194 92
99 155
3 51
149 119
88 114
179 37
52 73
116 7
162 124
44 25
200 56
91 175
62 42
191 79
71 138
155 16
181 5
122 184
56 70
54 95
136 32
131 187
57 46
145 170
170 188
146 121
43 36
48 56
30 38
86 100
127 192
115 108
197 37
43 4
58 96
98 193
80 180
132 136
178 76
57 99
16 2
19 10
38 66
66 67
104 103
166 30
95 32
137 91
20 179
94 78
27 143
22 106
74 153
41 51
29 97
149 44
98 168
53 87
185 70
153 88
125 70
70 19
54 158
61 73
137 106
102 163
200 124
20 73
76 12
124 104
60 24
99 109
191 104
196 176
125 100
15 49
122 84
19 175
42 79
47 130
136 149
44 135
24 63
8 99
26 131
155 85
154 5
193 97
108 188
24 185
88 190
33 161
26 52
135 19
82 133
100 18
33 143
152 56
157 159
155 182
41 61
18 147
65 10
195 173
198 170
157 37
159 141
197 184
144 83
154 26
167 53
43 200
147 194
55 105
161 188
145 21
5 43
86 15
37 10
164 6
118 152
117 58
100 52
2 182
6 179
100 58
21 99
157 166
106 11
70 18
199 167
39 155
9 76
169 46
85 84
3 154
35 119
163 86
171 116
19 176
94 119
185 114
17 93
32 74
104 101
92 54
67 130
8 76
157 129
73 193
164 75
146 151
146 60
36 116
176 55
43 69
125 179
135 141
72 166
15 127
18 58
180 85
139 112
95 19
136 87
183 10
184 133
107 43
168 174
18 174
16 39
98 147
125 191
170 90
157 96
59 14
27 95
152 165
6 46
136 141
84 118
103 67
2 9
61 169
135 79
95 102
69 144
48 193
134 17
34 90
64 92
55 90
187 158
7 144
155 94
85 38
11 139
56 12
99 117
132 33
147 178
135 15
122 134
159 7
103 192
49 166
35 103
8 21
61 166
165 167
59 1
5 21
91 12
32 141
80 115
174 178
45 60
192 166
145 102
172 47
93 20
165 128
75 172
100 87
137 16
53 147
168 57
167 10
21 150
151 100
16 76
78 60
87 21
25 31
123 149
78 167
120 42
46 194
165 98
80 53
113 133
199 33
141 117
42 113
66 144
165 81
19 42
93 105
14 117
136 88
17 165
7 137
158 52
82 74
149 162
126 14
46 76
198 138
192 191
51 9
135 15
89 153
8 133
10 173
50 97
61 18
61 67
154 170
70 36
43 171
149 120
136 146
195 133
35 138
75 37
146 9
51 186
114 10
119 123
183 120
19 195
137 31
13 43
152 82
30 194
4 130
65 139
75 59
23 109
148 98
146 93
106 148
30 171
110 148
93 44
19 63
190 108
93 2
150 196
35 179
189 39
60 5
129 134
15 104
194 162
153 91
6 10
191 36
181 52
135 73
95 154
136 84
61 180
37 162
176 71
92 116
61 151
121 142
36 135
45 29
97 197
72 102
6 14
89 186
17 24
59 111
129 146
146 189
125 134
102 52
156 193
168 17
143 88
158 178
174 154
158 22
150 181
76 107
146 164
93 162
187 103
24 67
200 121
7 76
54 108
128 10
100 95
178 42
134 87
171 59
40 129
81 141
61 156
47 7
71 91
168 10
145 192
76 96
112 83
172 166
190 99
127 42
145 104
35 30
142 6
88 181
86 120
73 146
27 71
152 98
162 120
59 58
111 134
154 174
168 125
91 110
175 17
151 119
72 185
148 13
190 187
145 75
107 17
173 85
88 124
134 1
195 192
58 105
126 163
31 45
39 121
154 13
138 104
83 161
41 182
174 182
169 118
57 27
87 181
111 174
104 197
174 99
188 183
155 113
98 185
158 136
106 63
149 195
119 183
155 159
165 128
140 133
198 148
111 84
128 173
9 184
169 134
82 157
116 36
21 165
173 130
101 30
193 1
24 111
183 130
21 99
10 160
183 7
60 93
42 187
18 50
170 186
183 3
94 50
191 67
15 163
196 67
192 140
19 167
2 153
96 22
52 57
134 34
15 193
127 56
131 96
57 101
81 39
103 127
41 93
193 7
7 140
73 150
80 91
116 33
195 164
7 46
172 140
80 187
132 158
42 14
53 51
114 85
41 169
11 81
13 155
87 20
95 111
169 126
153 37
158 148
152 164
193 123
55 24
109 138
181 103
152 185
153 65
70 193
185 32
26 198
187 64
169 81
175 137
6 79
125 115
26 28
79 171
151 85
194 11
23 127
113 174
111 17
38 180
162 23
12 187
172 150
50 140
30 176
28 187
55 153
101 32
180 131
2 82
16 148
93 38
26 157
11 136
126 200
68 87
174 31
25 145
180 74
36 161
2 64
147 56
168 199
39 147
82 193
181 97
140 25
86 117
181 48
4 106
47 71
144 173
53 168
117 184
194 105
144 147
168 90
2 135
41 40
33 122
32 13
170 123
37 55
39 170
102 195
27 100
65 123
72 70
90 141
53 35
45 197
181 12
38 134
98 78
126 130
151 109
95 120
184 83
174 4
27 168
31 127
185 105
198 54
194 90
106 181
134 102
113 145
92 199
42 121
124 72
184 170
191 167
4 117
141 8
143 60
190 21
44 94
171 97
39 60
3 19
194 56
84 90
99 82
84 20
157 7
91 140
128 33
59 131
149 151
138 44
10 79
64 54
172 186
102 11
46 104
181 39
112 16
128 10
97 163
29 5
121 71
145 48
104 3
131 4
153 20
47 114
99 63
167 70
48 69
32 45
124 165
83 187
180 163
149 29
125 129
33 46
200 129
45 55
83 175
58 187
195 57
101 93
71 19
114 118
87 146
115 163
110 197
149 41
111 49
69 188
178 102
185 177
30 29
31 65
156 40
51 102
96 151
146 118
170 59
188 8
156 102
170 17
50 71
58 161
119 126
100 48
179 84
24 161
64 6
25 171
198 27
72 93
178 17
163 99
28 150
106 183
51 28
152 100
50 9
12 120
86 111
168 17
194 143
177 10
101 153
180 98
179 52
142 108
20 104
158 47
53 16
182 103
43 133
155 44
141 166
115 178
77 34
194 22
177 122
31 77
26 163
126 157
166 67
64 185
171 22
32 175
37 165
78 31
97 184
26 37
149 92
166 25
126 160
47 54
33 29
82 59
191 7
15 156
73 30
141 195
3 124
170 191
40 199
173 136
182 150
124 82
42 89
107 167
200 105
172 33
133 53
43 76
59 9
31 83
190 123
30 145
198 151
87 37
149 60
124 82
161 47
163 2
136 21
120 87
125 91
71 10
95 65
37 105
73 67
188 15
142 169
159 91
119 45
80 19
56 3
52 17
50 14
170 137
187 42
23 63
84 94
24 179
158 60
83 183
127 22
197 20
190 107
110 108
103 189
78 159
144 129
127 193
143 96
129 81
89 103
143 173
148 167
151 58
26 185
40 104
7 188
75 148
46 137
56 148
125 133
58 20
62 184
12 156
32 92
188 120
195 130
92 142
48 194
199 74
179 190
129 185
129 4
84 174
140 139
74 16
24 131
36 37
115 47
144 146
91 131
17 85
12 109
178 60
102 129
85 80
70 13
16 199
168 100
124 107
190 149
75 165
80 110
153 146
108 48
91 198
130 59
34 142
167 12
153 69
92 37
100 161
1 68
111 169
119 187
27 60
135 101
25 14
162 129
111 22
177 153
19 106
12 5
199 178
168 151
198 59
187 50
171 188
69 34
108 187
20 134
46 106
187 22
72 148
151 182
169 79
135 140
184 146
96 183
75 63
133 73
73 72
74 195
11 142
28 118
128 199
3 125
57 189
147 128
89 49
61 57
127 195
148 62
92 43
196 167
57 81
191 81
104 16
76 114
157 55
183 36
6 137
160 62
126 58
189 166
58 49
174 136
196 122
150 87
116 145
5 125
25 147
5 80
162 32
193 118
87 127
105 44
64 17
105 141
26 45
106 84
45 79
171 40
152 120
79 20
65 35
144 41
182 100
121 95
132 65
13 170
192 69
13 55
85 69
147 111
113 52
146 109
82 116
101 34
36 131
5 52
165 148
44 98
199 116
193 130
181 5
51 124
25 15
130 110
83 76
172 147
127 117
56 160
184 156
145 19
86 149
22 2
48 66
100 47
181 92
176 113
48 179
36 72
193 165
133 76
40 104
174 118
172 29
78 156
136 22
126 173
123 100
175 170
165 26
16 97
117 144
162 116
122 149
187 66
114 120
141 105
175 67
175 99
47 4
54 183
177 131
107 99
30 33
69 146
58 36
195 126
179 156
41 52
104 180
118 169
51 10
26 25
76 200
123 75
155 128
57 131
59 115
182 40
148 50
186 157
37 180
35 168
87 75
171 190
54 88
111 104
50 136
81 77
135 155
151 89
83 159
171 93
26 152
132 125
153 69
81 190
200 67
109 86
142 79
28 147
119 138
3 168
73 35
196 159
189 99
199 71
57 169
115 82
73 47
6 25
67 39
166 67
105 74
152 198
153 179
97 71
116 99
190 140
133 137
98 73
35 96
96 44
17 10
77 89
8 35
65 75
73 31
141 129
104 44
79 8
175 30
90 25
171 182
157 108
79 29
142 127
76 137
143 86
14 31
45 48
47 119
72 77
11 152
133 55
30 92
29 4
122 70
28 92
51 136
151 82
117 45
8 192
181 102
29 146
84 74
193 130
192 16
7 155
168 91
161 149
182 141
153 55
10 132
99 13
68 49
46 136
93 5
79 26
106 108
171 189
181 164
118 124
131 76
78 50
166 38
199 100
178 151
154 140
34 52
104 53
101 149
188 145
153 67
170 10
174 141
198 106
56 67
29 138
95 59
188 12
96 186
111 26
88 17
117 121
68 172
174 120
72 113
17 176
131 138
185 56
30 134
161 85
152 190
175 46
200 162
10 47
99 120
24 186
88 140
58 108
63 183
179 134
96 195
61 26
133 197
82 162
130 194
199 34
135 173
79 134
86 88
181 184
160 4
169 47
96 26
154 158
9 133
44 56
79 104
33 163
53 66
77 182
60 75
15 194
199 46
80 84
85 60
67 196
15 187
43 110
164 148
20 124
32 63
179 63
118 12
25 122
77 101
104 88
127 70
34 125
67 113
160 104
124 178
99 138
164 141
200 128
41 19
51 24
33 182
86 102
145 111
24 173
163 79
61 90
100 94
166 167
6 78
70 129
55 120
18 171
61 17
98 53
35 100
76 19
33 162
121 177
24 144
150 186
174 162
27 73
55 145
191 12
22 12
92 76
132 109
46 144
78 95
196 64
147 23
83 179
136 155
108 159
98 57
97 23
170 75
95 24
19 38
35 40
49 78
68 132
138 113
75 15
160 22
79 106
197 113
36 132
67 143
43 116
151 91
138 120
165 184
95 184
21 81
175 22
158 42
153 96
155 180
62 66
153 140
171 149
52 158
33 118
101 75
33 3
165 122
75 81
106 169
64 126
2 39
99 159
32 52
6 186
183 68
3 135
159 173
36 163
131 68
80 183
94 65
137 10
186 11
90 43
132 106
121 133
144 19
43 127
70 49
113 4
68 67
91 26
40 126
188 122
145 20
56 38
36 192
199 173
155 88
16 86
193 136
170 88
106 12
15 176
12 79
131 79
145 21
57 136
146 44
57 42
15 64
79 2
56 29
175 162
117 142
199 61
29 168
101 134
131 115
61 95
145 192
173 41
12 181
177 110
177 185
151 191
49 182
193 56
10 119
17 78
60 15
139 88
134 39
21 16
105 82
110 1
73 35
41 36
15 17
97 191
154 48
134 154
181 126
9 190
196 177
20 55
143 158
142 28
148 114
43 4
195 153
4 19
187 44
7 153
13 103
96 118
102 29
71 82
106 31
24 101
159 43
155 101
200 48
128 99
161 170
54 108
74 57
78 12
52 36
117 16
139 12
85 40
40 107
74 145
137 97
45 95
139 151
147 90
150 26
140 62
148 193
169 21
49 199
185 52
34 101
20 124
112 104
116 151
11 189
47 99
37 91
146 175
193 92
64 142
70 3
3 17
195 124
189 195
122 173
198 107
25 169
183 136
73 98
38 35
38 84
133 74
126 30
200 118
74 63
11 143
17 14
159 163
137 147
109 10
72 106
68 96
75 2
184 99
99 21
85 88
105 17
113 182
199 112
52 72
126 62
14 142
75 124
56 163
22 164
124 93
22 192
141 48
193 124
98 44
144 182
83 200
150 196
134 148
59 185
19 185
46 184
78 73
107 86
187 81
1 111
125 22
54 65
21 198
140 118
193 36
51 76
187 1
23 120
100 81
56 71
17 102
6 47
126 113
132 112
145 132
174 69
106 27
134 126
25 196
17 60
198 44
47 150
66 118
50 99
174 72
115 75
77 113
152 141
44 15
85 128
189 154
33 167
39 110
191 63
57 160
75 55
3 121
4 21
38 5
119 11
76 185
37 105
50 140
45 155
130 172
95 35
156 61
73 18
4 87
74 163
161 80
117 33
36 89
23 192
7 185
20 144
174 124
193 113
168 37
19 97
161 113
83 116
126 155
85 129
194 159
43 106
190 159
139 177
48 161
169 6
97 188
101 70
111 45
135 30
34 153
79 194
18 161
61 143
68 146
23 61
56 65
166 197
175 56
174 16
142 180
65 81
32 134
191 29
20 172
62 173
50 7
142 163
19 36
30 116
58 90
123 74
7 120
48 63
93 22
30 34
153 94
114 184
180 56
12 199
27 25
123 29
183 16
191 2
51 172
69 60
61 192
133 19
111 181
33 3
154 63
188 106
108 101
41 39
108 5
38 86
29 112
66 12
128 56
165 130
179 33
142 39
24 26
10 134
158 42
88 111
56 75
16 164
127 57
2 186
61 191
72 41
55 89
4 134
97 168
15 75
153 156
66 128
182 75
14 139
68 101
50 124
128 17
39 54
25 192
40 37
135 63
30 189
103 33
122 199
153 88
74 105
44 91
32 25
165 45
115 184
98 116
107 25
133 145
30 109
89 69
98 23
83 127
163 138
159 84
136 111
171 161
167 166
51 151
142 167
147 57
151 44
172 57
68 56
154 98
117 42
118 14
16 153
140 178
90 98
13 177
161 135
90 79
101 140
29 42
107 176
50 57
171 174
65 191
29 170
40 145
163 157
158 178
61 97
155 102
147 167
31 59
102 120
137 154
59 118
195 117
45 197
125 15
170 142
5 198
111 44
95 74
153 4
51 165
53 158
19 199
124 49
9 177
168 97
130 178
14 77
47 58
25 171
25 194
112 181
143 175
25 37
48 129
193 50
45 7
63 195
83 111
3 11
30 99
93 160
65 121
6 74
145 176
50 138
40 31
80 166
7 69
165 135
61 14
131 57
173 194
51 7
104 5
17 86
55 61
45 119
181 50
145 125
177 194
62 168
24 94
133 182
114 97
68 126
63 199
182 35
192 184
193 47
188 161
132 42
22 128
113 2
177 9
127 106
2 140
73 178
185 6
159 50
54 27
175 116
177 108
102 168
91 46
166 30
7 50
24 28
177 136
181 106
144 59
11 97
151 35
26 135
192 185
137 46
163 63
113 139
171 15
58 13
12 23
195 18
72 18
197 1
105 130
106 48
188 116
96 138
102 122
25 94
58 161
139 172
175 3
110 145
169 119
110 181
141 104
198 165
121 147
165 25
76 70
24 63
137 71
153 38
192 129
131 1
41 21
172 15
176 33
112 144
151 21
124 92
76 74
56 196
172 47
41 147
61 129
17 165
118 161
93 1
113 85
21 85
100 148
117 11
92 20
31 15
111 106
40 118
53 11
41 176
9 33
74 22
161 90
186 78
2 31
78 67
115 51
151 14
198 19
176 41
38 6
56 100
63 47
169 67
10 9
194 18
41 67
191 153
109 177
31 110
7 60
176 73
62 78
87 60
49 62
100 38
20 107
138 34
106 58
53 115
67 46
84 59
65 75
12 173
3 194
34 161
53 162
33 115
39 71
126 39
85 177
77 56
36 166
89 93
23 93
159 41
91 42
100 155
68 111
127 70
56 160
182 108
121 15
174 112
85 51
102 121
180 178
176 167
95 17
59 118
109 17
158 199
10 9
105 78
71 31
99 126
143 81
186 15
47 111
78 83
162 180
4 141
109 179
107 4
195 117
121 56
133 30
6 142
39 111
171 61
93 70
187 35
102 172
50 148
82 79
30 195
58 33
87 167
164 145
122 110
61 194
165 145
23 123
87 13
33 57
74 125
78 12
160 179
135 161
126 168
39 108
115 49
140 1
15 55
98 88
165 158
81 55
103 3
141 68
35 149
93 112
27 56
23 157
190 183
83 157
173 142
23 21
81 24
187 88
121 74
52 30
154 84
84 9
87 176
28 73
125 120
184 103
127 6
11 116
140 45
24 113
186 47
85 67
22 72
106 142
97 157
123 3
192 159
11 78
134 190
103 10
61 86
64 187
44 75
102 135
119 77
47 105
123 84
123 96
155 28
189 3
136 112
5 127
70 15
157 155
156 59
165 16
96 180
2 91
54 103
26 125
132 24
29 6
107 103
102 13
130 90
16 17
1 20
95 22
187 51
177 142
61 93
158 109
72 159
199 126
14 24
50 145
48 30
102 154
132 3
167 13
93 182
29 45
153 75
67 139
78 195
81 138
87 190
198 110
148 197
187 113
172 188
9 19
17 111
125 100
113 43
112 157
24 92
2 128
167 20
67 196
14 99
85 52
88 83
161 187
79 148
52 50
135 60
21 152
170 145
51 35
187 115
191 162
158 192
41 76
11 107
71 176
157 156
27 44
38 188
183 68
135 34
69 45
89 172
15 185
175 1
123 89
191 36
46 135
77 74
97 135
144 73
92 99
51 87
88 38
69 155
124 54
24 193
99 64
116 65
1 90
65 123
130 55
159 176
141 187
1 38
121 144
62 12
195 112
51 82
102 71
189 25
125 12
169 175
27 85
39 27
174 103
102 104
109 60
31 50
198 31
39 118
174 100
82 120
163 132
2 64
154 190
41 78
153 9
52 179
93 42
158 19
144 59
122 5
70 104
6 67
134 44
136 59
95 17
179 57
100 132
73 54
121 113
83 25
73 87
3 166
128 112
184 24
170 57
28 39
112 33
105 45
28 41
55 122
9 185
130 61
68 154
114 140
18 196
164 91
82 119
8 162
30 143
185 200
151 12
38 62
196 95
58 23
87 64
96 47
1 177
107 68
83 20
8 100
168 171
142 1
89 149
162 119
91 146
70 41
109 59
54 104
153 111
78 191
175 125
38 175
102 144
42 184
116 1
35 172
177 35
12 125
149 82
168 46
151 160
155 162
14 10
114 124
40 57
50 164
94 24
17 189
18 152
56 18
187 42
141 163
29 153
39 177
186 6
22 89
118 128
50 131
138 115
6 129
171 56
92 16
79 109
157 48
60 164
66 198
6 160
34 110
199 162
48 156
135 136
73 15
185 155
104 51
161 32
22 16
123 189
46 183
145 94
195 109
111 192
66 68
152 51
178 102
12 177
9 98
112 82
112 48
36 15
98 148
46 71
163 121
60 161
103 4
6 49
64 116
41 81
135 144
131 112
45 94
88 5
192 151
86 55
198 74
70 48
21 67
118 136
139 177
48 194
133 5
42 148
120 82
29 6
25 111
118 21
5 157
26 196
60 63
50 9
88 71
56 61
138 126
196 76
54 195
69 186
199 63
86 70
144 114
75 121
24 144
93 180
53 118
175 112
133 177
120 20
47 128
80 136
53 27
164 106
173 184
44 171
46 129
40 142
194 67
14 169
10 106
149 62
176 75
125 108
51 197
79 50
124 111
137 128
89 52
185 62
188 28
184 185
108 176
126 101
42 139
22 3
197 170
65 172
44 141
31 47
137 109
48 12
171 136
139 60
188 76
73 175
103 56
111 163
31 37
15 72
127 36
75 5
91 46
1 31
76 199
120 137
46 131
107 181
22 118
120 97
190 46
151 46
157 65
76 145
80 100
23 115
174 98
72 16
143 24
198 171
22 117
59 19
200 117
199 173
35 71
21 24
116 171
21 72
188 97
16 67
196 39
133 121
136 4
136 30
27 133
152 200
2 10
18 1
127 169
173 161
39 193
136 154
115 157
26 102
5 193
120 152
31 53
24 118
8 111
148 187
43 99
186 196
109 156
196 187
124 120
99 114
64 34
19 179
142 196
32 146
189 104
49 19
108 72
89 115
182 36
101 177
86 39
172 146
146 120
132 21
39 30
134 55
16 152
185 157
100 16
55 88
71 103
58 178
175 146
93 108
133 145
84 19
135 8
116 80
79 200
52 69
29 185
123 196
89 107
153 188
75 7
27 145
61 36
123 187
182 167
95 66
63 130
36 198
89 152
29 167
151 81
36 131
17 158
127 57
65 31
196 139
189 174
35 49
10 157
36 191
75 82
8 138
163 44
87 52
195 67
18 97
99 53
179 68
163 105
124 27
87 72
117 75
45 151
76 54
60 111
196 86
144 156
23 106
199 61
157 145
80 175
41 178
179 19
197 141
76 73
119 114
144 187
189 140
90 64
146 149
126 93
186 69
48 161
126 46
21 83
142 100
9 182
30 139
153 26
32 180
98 150
93 193
137 81
133 26
96 30
126 173
122 111
193 122
23 119
167 44
153 109
95 161
42 76
51 194
54 82
173 151
32 18
96 120
98 180
97 146
9 174
118 82
36 111
3 59
29 122
54 181
30 148
93 23
176 143
169 29
177 93
131 8
110 26
79 160
5 175
105 165
100 22
47 135
132 49
193 112
170 46
44 151
146 136
126 121
31 94
149 7
186 79
166 48
57 196
7 13
122 111
130 21
132 176
155 16
176 100
127 98
145 171
200 42
58 125
162 40
170 62
198 108
93 115
155 149
110 161
113 31
71 42
51 154
169 158
169 97
57 48
194 1
170 145
43 179
22 156
19 143
18 168
50 110
83 4
10 144
164 122
127 186
164 177
140 84
86 60
180 142
107 173
95 76
70 89
7 43
44 177
185 13
144 35
74 178
38 83
122 154
157 200
91 72
128 30
155 14
42 135
155 148
59 1
176 128
89 182
170 85
110 155
97 53
141 123
183 130
5 56
83 113
55 126
184 182
155 139
195 148
73 102
96 131
102 23
59 191
156 180
27 65
134 123
69 26
197 51
156 2
106 38
114 160
163 98
94 70
188 88
169 60
141 64
190 43
38 200
185 193
180 11
57 65
85 126
91 82
128 46
35 34
35 148
145 150
197 38
171 184
78 139
195 18
155 185
12 192
184 196
185 115
6 193
180 91
70 22
124 198
67 158
183 53
57 79
2 54
117 172
189 146
63 184
115 17
120 127
8 103
74 144
170 32
89 149
74 110
122 197
107 188
154 41
40 10
120 194
15 188
117 156
85 179
139 199
195 10
77 155
112 103
50 81
134 138
181 7
48 102
155 106
41 108
99 33
69 18
26 36
5 142
191 41
121 81
39 67
90 68
173 153
170 23
186 103
112 118
61 111
20 167
169 12
26 67
44 94
84 21
81 40
163 71
80 35
103 70
53 144
137 26
97 58
200 82
112 111
151 124
174 170
90 142
134 115
8 177
161 43
198 41
82 112
64 113
98 166
134 150
62 71
127 158
80 126
191 192
189 141
115 114
63 5
55 196
119 14
124 79
56 121
120 89
184 135
153 81
52 86
31 113
156 109
70 36
187 12
179 127
153 93
40 167
49 94
162 168
59 85
198 114
158 69
154 141
3 106
174 7
191 4
119 99
64 141
86 50
152 64
176 56
108 15
22 157
60 135
76 118
172 73
183 81
94 136
173 48
193 146
54 184
101 173
82 165
113 167
14 64
182 142
72 89
156 45
45 168
132 72
37 103
145 172
135 38
59 107
85 52
53 139
35 153
63 68
117 175
186 83
190 119
24 61
7 131
58 4
98 189
75 87
91 171
58 177
8 116
83 45
119 135
135 105
40 149
172 108
123 109
190 64
27 165
77 34
96 134
189 145
122 63
31 164
34 40
140 193
108 22
189 26
109 75
131 100
23 54
7 97
115 149
161 141
113 189
126 160
122 114
57 195
129 39
158 114
79 49
58 138
22 199
115 82
25 197
181 48
3 140
96 117
88 8
57 152
196 135
64 117
200 120
111 80
158 20
193 188
68 3
77 90
1 192
171 25
188 104
24 190
43 120
58 130
79 115
33 75
1 96
191 200
167 54
80 125
73 24
64 93
26 141
134 178
84 56
155 23
159 178
165 1
49 22
82 128
88 115
154 88
162 96
40 129
149 71
5 174
94 68
18 72
160 151
1 195
6 155
18 165
85 182
117 133
155 199
12 43
65 165
82 26
61 121
154 161
191 110
134 37
130 103
108 41
53 108
36 11
15 5
127 99
138 43
31 92
41 195
134 57
159 16
83 171
88 188
132 79
50 17
115 179
120 174
19 124
33 6
134 47
10 60
