200
36 108
153 147
107 143
118 41
75 192
94 42
99 134
179 154
23 94
196 124
70 54
157 177
58 113
193 22
54 41
105 41
148 57
187 7
200 56
47 26
47 140
19 97
25 197
2 47
43 197
122 64
3 79
40 60
143 32
33 196
24 89
188 172
145 174
130 96
29 176
73 28
68 91
76 44
88 30
43 82
178 164
145 180
42 136
191 137
119 175
132 142
63 72
65 8
45 194
55 26
122 128
5 189
170 32
184 9
61 26
90 191
190 34
170 183
121 161
119 39
87 3
181 150
74 197
157 70
191 163
47 112
90 3
52 60
35 20
47 61
110 37
2 95
7 136
16 119
55 6
5 9
138 154
82 135
62 103
125 25
150 188
66 104
191 77
138 25
97 185
37 158
173 190
52 131
126 19
49 132
25 6
140 114
111 173
48 125
27 124
149 128
63 166
32 53
43 169
30 91
105 66
48 78
56 99
8 133
70 9
64 46
166 3
159 28
127 159
152 153
82 52
81 97
18 112
149 12
32 178
102 89
196 149
118 51
199 77
183 68
37 198
113 2
152 24
30 78
182 181
182 15
185 62
111 2
125 12
165 109
189 66
197 136
166 66
186 164
142 120
184 179
117 48
132 20
71 161
97 4
94 79
19 78
92 81
31 169
92 195
77 33
12 25
168 177
90 106
140 183
177 123
161 46
123 93
65 193
5 114
149 50
192 119
79 35
199 61
155 43
55 183
27 66
7 194
194 48
51 134
183 180
8 143
25 130
187 41
75 144
154 23
145 141
24 132
91 84
86 133
91 69
111 108
27 57
102 27
107 187
9 86
146 103
62 28
90 103
102 185
56 76
129 153
168 104
36 58
140 121
143 182
141 53
41 120
61 142
146 168
80 154
5 26
56 19
5 97
121 106
33 128
133 114
80 100
17 67
109 108
140 3
89 80
8 130
199 68
23 144
187 55
49 192
32 105
10 36
153 82
93 186
9 25
99 41
76 67
107 136
175 46
139 15
78 98
96 28
165 71
172 152
125 172
95 108
28 56
143 181
137 187
166 97
163 16
137 38
82 196
173 8
193 63
175 22
160 70
50 77
140 173
28 16
144 122
123 172
177 17
152 65
3 69
161 165
36 50
2 69
197 127
29 141
141 3
163 53
72 12
129 164
184 156
179 79
29 102
50 157
118 153
173 73
173 133
37 160
134 191
29 82
69 57
23 9
11 185
61 82
148 141
45 83
96 24
161 76
77 163
32 146
67 4
18 40
89 7
151 174
197 179
56 17
187 30
177 197
166 38
31 113
130 75
147 26
50 59
53 78
21 37
176 88
192 145
79 80
151 29
6 99
160 13
115 98
42 92
47 7
81 77
71 10
103 17
187 105
75 40
182 48
76 109
135 67
54 165
99 4
193 56
55 104
68 169
2 109
12 200
115 92
76 185
54 178
153 40
34 27
79 168
74 106
76 160
125 129
124 175
85 69
30 139
124 97
107 77
5 119
76 71
162 151
7 15
81 159
55 114
137 85
81 163
143 157
74 67
37 198
193 121
18 22
11 141
118 18
74 188
45 96
101 196
102 116
28 12
122 141
148 158
174 62
100 82
136 118
118 85
110 191
54 131
1 146
200 70
115 25
9 160
120 110
155 173
25 182
184 146
74 84
103 47
145 155
80 32
72 198
68 134
140 121
64 140
67 16
162 133
40 170
92 112
79 198
84 103
131 68
200 5
151 55
3 47
161 83
31 184
32 98
117 171
171 181
62 189
148 23
121 139
145 13
50 23
162 134
78 93
1 77
49 103
83 51
101 43
85 131
27 68
29 95
38 151
27 52
139 174
26 59
113 170
23 162
193 185
47 22
29 47
50 77
101 133
79 2
127 116
132 105
183 112
200 173
14 26
24 152
152 1
163 64
171 185
177 115
121 24
136 149
22 185
177 123
69 8
76 196
123 159
52 105
23 3
77 36
181 52
188 132
53 150
147 175
86 123
89 7
98 24
107 120
8 36
194 77
43 21
24 117
179 27
21 1
30 50
37 10
53 176
93 57
125 39
31 162
113 119
120 11
94 179
82 54
14 27
82 8
47 105
124 25
83 96
178 112
145 166
121 150
141 13
6 17
3 37
178 116
107 50
78 153
28 111
6 41
137 87
48 135
143 123
111 177
18 88
89 115
53 161
64 145
126 21
161 128
9 91
195 116
140 24
20 167
134 25
159 22
63 158
156 157
80 19
133 97
106 173
11 111
134 26
55 11
47 16
90 55
58 85
122 197
60 141
163 194
117 73
167 179
30 75
87 109
93 172
157 198
144 120
108 29
145 163
39 143
130 129
198 187
165 71
135 24
12 49
169 128
121 136
59 150
162 145
10 54
68 118
3 12
189 111
40 134
25 31
28 106
111 177
44 75
48 178
50 59
26 171
138 146
106 196
47 67
93 8
72 160
125 74
171 114
136 163
199 112
145 178
17 55
155 60
81 2
37 130
12 62
100 149
159 157
145 5
175 189
164 46
148 41
120 71
106 7
185 104
119 129
33 135
183 187
147 63
140 183
144 151
197 196
100 107
152 196
64 79
184 27
124 83
67 195
153 172
2 137
27 72
17 12
6 199
198 152
13 138
87 157
40 35
152 139
93 55
86 156
133 21
183 9
104 1
3 8
125 156
97 103
27 113
114 185
64 88
76 153
126 184
192 160
87 83
53 94
168 160
26 141
94 186
196 47
141 3
171 96
51 25
75 164
91 11
179 154
98 6
106 176
142 49
135 28
131 139
73 51
51 191
144 36
138 190
176 140
112 24
143 137
50 58
179 60
36 132
109 41
189 84
182 189
171 162
120 61
34 122
111 36
64 7
72 1
196 199
92 60
174 34
148 23
91 126
34 126
57 95
119 197
130 52
185 52
13 56
113 199
177 175
186 40
133 57
40 81
8 132
140 181
117 87
156 8
12 189
85 20
35 155
16 165
7 152
16 171
8 80
121 136
7 107
176 139
115 167
19 122
50 158
55 167
196 10
126 7
150 10
178 185
165 145
101 123
97 116
93 56
148 14
191 154
72 118
92 186
85 63
60 86
20 114
4 168
75 129
126 176
91 104
160 7
48 60
129 96
128 173
151 75
138 94
180 9
11 71
147 47
133 6
133 105
71 136
24 97
17 149
72 107
52 184
65 52
195 193
147 122
117 98
148 55
143 127
63 153
150 161
152 34
166 36
90 188
171 113
84 139
62 156
197 65
139 61
116 133
5 63
7 122
112 106
128 54
185 142
158 134
103 109
119 68
144 9
8 67
73 91
157 134
198 154
199 88
14 66
21 171
128 179
92 191
84 19
44 20
160 154
153 14
14 24
82 110
32 89
176 104
131 84
190 129
37 140
16 3
5 188
173 85
118 64
75 154
34 71
173 145
24 78
159 37
101 192
146 132
32 73
187 162
157 128
42 193
67 10
147 72
197 119
108 115
134 182
20 167
52 192
64 75
69 174
64 169
165 9
52 148
34 191
61 190
118 103
134 185
112 81
8 60
151 115
126 85
48 145
3 100
137 66
126 157
191 189
78 107
150 129
54 183
71 115
124 189
169 57
125 80
89 84
91 40
150 17
124 197
113 78
96 49
96 174
158 86
162 35
193 63
163 46
45 34
112 168
174 80
177 98
111 65
181 2
56 82
170 131
78 82
9 126
83 104
99 40
141 12
74 133
75 188
131 71
21 42
39 146
122 167
43 32
183 175
185 39
56 154
121 86
36 129
11 118
184 61
109 77
72 182
161 98
169 91
169 142
85 159
87 6
125 82
189 107
56 126
97 64
79 18
149 66
98 159
135 34
171 43
62 42
176 22
92 145
113 60
38 197
170 124
154 94
5 94
152 13
171 1
76 50
18 24
67 134
154 52
104 148
113 97
124 135
140 20
199 151
57 147
120 180
52 165
137 97
117 149
68 69
24 69
86 199
135 104
84 40
156 139
188 20
187 111
106 127
82 104
77 138
50 149
69 53
113 5
150 181
105 17
49 128
37 86
78 171
142 161
163 49
51 150
68 38
12 174
164 93
29 192
182 31
140 2
83 5
7 32
185 111
200 186
191 188
71 20
111 12
181 73
60 183
22 80
20 185
53 135
29 81
127 162
111 18
163 194
22 169
177 159
32 129
144 174
116 14
193 26
178 125
50 37
108 23
68 127
7 120
14 187
153 140
148 63
109 111
8 83
31 137
41 62
17 184
35 84
149 180
62 126
104 111
115 163
134 182
42 140
54 55
127 6
146 74
20 54
136 28
136 167
116 128
28 132
111 15
15 12
146 28
89 1
139 155
164 72
89 5
163 142
11 41
99 156
67 118
161 2
97 168
12 176
148 95
87 114
62 50
59 89
138 59
27 93
22 50
181 178
13 74
188 5
172 95
71 89
56 73
138 104
192 149
79 139
196 117
52 57
166 62
145 104
121 124
148 94
173 128
24 137
153 163
142 124
58 164
164 65
36 101
168 28
2 198
118 197
115 122
53 32
183 149
87 103
24 34
149 197
113 172
85 65
134 178
188 143
142 152
7 129
4 126
108 5
124 26
1 190
99 53
21 81
154 108
136 177
93 84
125 6
7 10
70 92
139 58
35 80
161 41
9 164
167 68
169 42
93 121
183 143
174 155
24 79
14 111
55 107
146 132
112 152
141 181
43 31
190 77
111 102
70 71
66 188
138 186
29 183
106 163
125 31
117 100
109 131
10 116
37 155
47 148
106 139
80 101
169 22
129 31
123 198
101 140
185 191
125 165
125 183
127 1
13 44
101 74
174 110
141 10
17 187
109 74
77 140
174 45
161 103
76 36
52 128
175 37
70 52
153 194
34 80
147 198
123 47
71 48
108 11
9 124
149 69
150 25
8 123
70 121
177 97
156 29
176 130
17 198
181 169
191 166
48 89
164 122
135 186
121 43
149 129
118 97
149 67
74 157
142 143
77 118
191 184
98 118
65 114
115 46
83 58
163 82
146 126
4 81
64 76
75 12
5 144
60 153
163 133
61 104
27 89
173 17
72 71
87 89
136 1
86 18
58 48
52 4
126 55
36 189
130 62
152 86
157 11
191 119
144 3
174 170
44 99
139 67
121 25
155 56
25 40
26 35
88 77
190 13
83 177
153 12
38 104
50 146
66 192
65 9
194 190
179 37
88 117
104 8
93 10
16 117
50 41
151 137
117 92
101 199
68 5
162 105
60 163
3 125
154 19
134 100
8 64
88 48
132 143
7 24
153 22
92 2
14 195
90 130
86 142
80 154
146 194
10 157
156 12
81 62
30 166
113 190
29 200
37 112
95 43
87 47
17 179
200 30
125 41
112 10
182 191
163 79
136 125
35 92
136 67
105 118
33 17
107 13
168 143
125 62
137 163
60 153
93 11
135 17
51 46
27 184
188 141
62 124
65 96
167 153
163 23
70 147
39 176
159 158
70 35
172 158
150 31
111 42
42 197
59 44
42 85
28 29
177 89
104 194
137 70
146 51
92 167
149 82
142 107
192 163
94 163
120 43
193 182
84 186
178 142
182 171
178 9
152 107
49 55
100 137
77 45
187 120
11 87
154 104
194 145
18 39
107 89
81 51
23 116
189 152
10 170
123 139
130 26
45 130
32 144
67 60
140 5
180 102
92 85
157 37
181 174
75 39
15 107
89 37
22 29
188 183
150 62
122 79
87 118
9 119
14 27
178 153
31 109
7 122
193 163
158 125
89 184
163 103
90 52
139 64
32 78
46 182
140 119
12 26
37 172
96 50
198 74
154 181
134 160
54 79
75 164
3 163
147 166
17 189
169 107
52 200
184 49
133 123
168 145
101 4
68 196
53 18
21 158
198 155
70 51
33 144
166 35
58 113
152 26
101 120
132 104
120 67
152 52
190 71
148 42
74 168
189 78
185 10
36 134
116 57
136 148
200 102
134 9
166 86
34 18
157 165
121 76
31 24
80 172
95 179
165 120
146 154
198 82
115 185
15 30
193 151
129 192
4 14
200 169
51 185
186 8
101 58
35 83
81 66
7 127
45 171
47 142
76 196
24 190
132 190
171 124
92 51
67 95
17 18
15 67
2 200
26 102
9 61
184 90
126 190
168 122
113 14
64 188
161 39
130 44
180 52
167 72
55 185
118 23
2 133
89 3
84 67
56 93
127 192
134 4
133 101
126 197
67 141
185 179
179 66
23 110
69 141
181 123
126 51
145 127
183 186
82 18
4 89
110 82
32 195
85 165
48 162
113 114
102 49
44 32
114 66
142 135
7 74
9 84
124 106
162 58
43 76
46 84
137 127
115 84
11 31
131 125
144 196
26 192
39 10
58 105
103 192
63 176
200 146
52 57
107 109
99 102
136 144
137 25
70 51
108 33
34 190
157 177
185 134
120 23
95 177
79 197
120 141
173 72
38 24
128 97
84 27
198 172
122 134
196 144
136 55
176 169
44 84
97 180
169 17
2 64
145 81
12 65
21 136
136 11
159 15
107 195
193 56
166 115
141 113
58 76
167 185
197 162
20 93
141 140
109 94
155 54
174 167
70 147
102 157
157 13
171 15
159 116
70 124
30 10
36 39
37 154
175 33
67 146
126 7
37 186
100 192
191 26
110 60
124 11
168 80
175 91
46 133
6 115
56 187
76 43
177 112
148 103
97 14
48 22
172 36
159 24
27 102
1 136
113 124
99 81
155 73
171 200
6 128
66 13
114 141
8 42
52 107
144 148
73 143
121 196
178 32
19 5
133 171
92 45
94 190
125 48
15 47
199 20
174 64
184 39
4 143
80 8
50 23
107 122
117 180
117 95
11 88
51 95
58 142
139 152
84 16
151 98
14 150
69 188
165 4
178 169
147 10
176 196
32 34
69 149
13 185
195 175
24 45
69 82
186 160
185 21
175 87
118 140
188 186
79 153
142 57
121 88
66 48
83 49
81 103
149 46
87 143
172 111
139 41
144 125
200 80
97 126
166 15
17 154
152 96
106 93
152 178
180 169
177 14
17 9
116 118
54 155
12 26
17 151
18 112
27 169
191 123
46 156
137 62
61 41
157 118
133 60
95 65
28 71
30 197
32 98
66 85
4 77
62 172
27 31
83 5
199 25
128 44
180 16
58 193
56 14
110 141
26 157
157 5
179 138
153 10
35 18
47 190
47 60
161 25
91 195
30 89
19 157
85 151
124 94
143 180
59 52
72 84
160 28
41 139
165 193
148 152
163 194
141 9
54 33
96 48
62 136
67 170
172 17
94 65
111 25
124 162
96 159
74 75
199 12
39 192
111 190
154 105
83 114
110 136
146 5
183 160
92 1
81 64
17 174
128 127
150 51
41 45
10 114
119 160
77 110
151 187
51 56
43 133
121 152
20 19
108 3
130 200
155 10
15 172
136 142
50 85
145 42
82 106
107 200
65 183
61 168
122 112
175 164
196 96
68 16
114 127
170 43
78 124
4 92
47 139
34 97
176 178
90 57
83 197
8 99
131 69
66 52
132 41
16 127
88 83
94 153
9 63
147 87
139 150
178 185
89 163
33 64
92 75
72 126
71 79
25 1
147 42
5 78
34 20
157 121
54 50
25 62
65 171
100 155
121 30
139 161
192 124
176 36
198 47
161 20
125 185
172 24
27 176
53 12
195 9
133 48
11 157
62 75
80 113
29 200
142 119
112 86
194 87
121 143
85 81
162 9
18 134
184 196
109 37
7 56
197 139
55 7
48 116
33 127
29 13
78 170
132 189
7 77
27 127
20 111
8 133
71 177
66 55
172 127
91 178
182 39
69 188
46 68
104 78
146 84
91 23
5 174
163 12
50 141
138 21
51 97
154 73
73 19
127 196
97 169
174 30
8 42
18 5
109 73
82 6
156 124
180 160
97 142
171 99
34 61
119 36
109 24
108 134
195 187
129 91
107 54
121 66
47 90
70 155
162 104
112 117
27 91
28 76
184 199
126 17
11 196
52 71
20 112
156 14
98 85
104 4
90 176
22 137
17 91
43 178
146 155
46 125
45 74
200 29
24 77
45 186
72 49
56 91
160 12
104 57
48 160
12 137
87 33
73 104
76 116
33 173
70 79
97 66
104 48
94 127
124 91
112 196
139 119
38 50
82 94
106 129
5 69
18 91
54 90
146 81
5 179
53 26
9 150
92 112
197 137
38 73
27 101
20 117
171 57
166 53
102 71
181 106
92 198
149 97
40 94
177 196
24 29
22 32
130 65
143 79
1 132
151 28
184 122
144 155
130 62
7 32
132 139
89 175
89 37
71 128
83 47
123 106
28 96
90 109
160 184
187 113
116 89
92 99
10 187
53 92
48 11
75 132
150 163
106 38
152 129
117 34
175 191
91 154
87 132
63 198
116 1
110 31
90 153
81 51
140 86
94 187
48 168
118 197
131 176
186 34
104 54
19 30
45 109
184 131
193 198
80 108
198 142
90 39
94 122
42 33
7 135
172 55
103 41
3 185
16 141
18 71
194 36
101 190
96 36
72 88
185 152
147 182
93 36
173 138
110 166
123 116
100 94
122 154
134 77
90 102
169 107
172 114
94 24
104 142
11 175
181 195
78 128
129 122
115 101
60 24
66 182
92 117
27 13
71 112
41 160
13 9
19 137
123 112
112 26
53 123
152 34
117 30
113 45
151 27
145 162
3 162
95 94
31 121
58 101
33 51
12 197
59 182
85 133
46 197
158 50
119 62
35 187
91 147
32 193
126 128
155 128
42 49
173 72
122 182
124 106
32 87
102 43
69 139
175 114
135 85
163 5
146 150
191 188
96 174
180 173
102 86
100 95
87 24
166 160
158 89
65 189
175 118
31 195
56 158
108 142
42 23
98 187
172 41
174 19
14 105
192 67
143 43
161 181
67 126
140 176
166 4
164 93
121 147
87 129
104 195
70 145
169 168
83 92
160 56
110 173
112 101
192 6
96 152
186 114
30 125
89 147
80 52
39 1
150 126
81 53
120 150
149 40
69 31
131 28
38 40
153 150
93 144
155 188
47 93
101 76
17 189
175 97
192 13
49 142
138 81
146 9
182 95
48 51
125 130
30 163
122 134
64 14
77 170
153 76
14 5
103 31
145 77
79 88
90 79
181 27
159 127
36 92
21 35
142 97
165 124
11 38
57 26
3 86
196 107
161 9
111 63
191 7
140 21
94 181
51 75
7 161
153 194
53 125
181 146
21 97
69 32
134 78
9 136
115 4
42 27
165 104
41 107
110 132
80 155
112 130
181 71
91 133
16 95
57 196
40 30
92 61
13 177
90 21
64 4
177 57
30 141
160 70
199 21
2 78
128 65
160 108
135 50
193 151
144 49
146 135
30 190
195 42
118 84
63 182
87 39
38 68
131 150
90 81
122 43
159 49
107 118
109 42
119 101
144 14
101 89
148 83
30 95
124 148
178 138
81 17
176 70
36 58
19 125
139 93
167 49
93 26
118 1
67 188
53 10
1 106
50 100
188 32
146 111
131 76
49 11
92 176
80 79
186 51
156 76
95 74
124 187
99 193
188 117
180 192
126 180
97 128
31 36
159 177
99 41
52 99
51 95
74 82
125 11
132 80
86 26
154 161
165 4
153 152
121 132
95 198
63 144
125 94
179 35
22 77
75 25
175 77
119 1
159 43
11 42
75 97
20 180
57 184
183 10
87 103
93 181
101 156
124 177
1 55
164 22
131 38
46 106
67 116
106 25
110 68
18 184
164 37
163 173
20 146
134 58
200 26
191 100
133 114
29 133
168 192
106 51
181 151
156 47
18 13
71 128
80 89
63 196
77 178
168 49
75 53
106 74
30 96
126 163
162 154
47 81
145 153
83 77
103 38
124 73
2 146
152 82
186 14
77 63
143 196
111 169
200 168
43 181
16 120
143 129
25 142
9 121
94 44
197 148
81 120
20 35
66 171
116 3
137 144
65 79
91 127
48 42
47 42
22 62
113 117
190 137
58 150
9 151
193 5
98 26
77 70
60 94
40 127
96 128
22 113
159 64
39 158
105 85
151 126
98 63
42 39
151 99
141 159
1 85
115 99
62 143
120 73
36 159
199 132
39 172
44 197
35 34
154 139
71 104
17 168
118 58
159 20
109 51
130 109
135 44
159 149
139 78
21 174
189 172
57 27
143 52
175 130
86 80
68 156
183 84
75 52
94 185
71 154
35 200
62 122
195 173
70 133
50 90
59 190
61 115
168 156
167 142
85 4
21 104
159 155
140 185
6 185
170 28
138 156
179 151
77 126
123 146
10 125
36 68
66 48
135 34
155 53
175 191
56 148
95 166
102 34
150 60
170 71
39 107
27 18
57 103
95 132
49 104
8 36
124 73
35 10
106 190
62 33
180 117
180 26
82 81
11 183
92 180
54 131
38 32
100 47
86 194
178 86
49 137
121 172
9 156
181 67
97 194
51 28
110 30
54 143
62 64
126 154
196 131
36 33
114 135
79 199
128 8
85 176
144 157
100 105
64 32
123 160
26 173
140 87
2 193
30 15
8 107
168 3
189 3
188 102
137 66
52 16
74 136
144 169
93 43
73 156
26 195
68 3
167 7
90 120
151 71
135 110
129 54
113 117
9 52
170 145
117 21
113 142
109 56
63 153
50 87
108 27
82 127
30 200
85 71
72 35
141 6
145 21
59 9
137 67
60 58
164 128
78 28
22 138
35 84
90 36
170 150
62 3
76 43
155 161
113 26
147 5
183 43
25 193
51 161
12 62
170 127
142 200
154 115
137 140
150 27
175 71
128 188
26 3
31 180
115 143
157 14
148 139
56 172
83 59
85 94
72 6
172 13
5 77
127 142
16 28
120 142
99 47
130 124
1 160
103 68
54 11
81 153
101 88
77 183
146 113
29 18
118 152
30 123
29 109
64 196
136 135
138 186
133 19
109 133
130 163
200 183
173 32
136 73
120 12
8 65
124 36
34 193
139 16
115 167
124 130
115 11
64 52
197 196
22 57
81 151
20 80
85 192
64 20
17 183
183 24
199 58
11 33
51 149
48 117
68 123
47 182
133 62
185 81
10 6
138 90
156 109
121 40
100 184
12 68
166 146
43 117
156 53
149 6
154 196
74 173
118 120
154 2
182 90
35 191
95 124
32 2
32 152
193 83
136 156
151 53
54 145
169 9
150 69
166 103
64 39
27 133
159 180
87 92
21 121
34 115
196 65
68 27
16 12
61 103
168 163
108 21
108 28
181 57
97 146
111 112
184 137
197 94
68 83
185 88
155 18
154 150
82 173
128 50
184 188
152 103
103 59
75 10
87 55
18 135
200 80
46 136
16 42
29 35
76 166
74 30
135 179
131 169
151 58
18 86
198 121
189 100
132 15
61 170
70 30
104 21
109 101
156 76
95 185
62 170
102 135
200 36
113 130
4 15
140 173
100 137
94 40
188 177
55 200
146 76
29 49
96 137
101 52
164 195
188 25
165 89
159 116
76 23
197 32
189 136
4 40
24 49
80 163
25 86
162 170
161 190
170 56
78 71
59 41
17 46
17 181
86 175
48 114
149 45
145 137
180 100
177 156
149 8
118 125
93 80
47 5
21 168
12 51
190 71
43 7
68 60
139 106
186 187
19 87
31 163
23 162
14 151
69 114
110 187
39 154
18 37
158 190
4 122
40 146
144 35
152 11
94 42
68 31
28 86
117 10
200 92
124 14
194 192
127 104
130 117
57 99
153 167
41 109
88 80
54 183
66 157
193 159
198 13
142 178
98 58
139 98
101 14
63 95
6 189
198 87
106 6
138 10
172 178
118 11
9 171
193 75
79 138
185 77
150 126
6 199
136 144
48 36
158 110
130 115
51 79
153 156
37 90
165 8
19 35
171 28
157 115
102 36
52 86
112 153
164 117
152 99
12 199
86 169
109 16
35 159
46 188
66 82
29 182
42 48
16 164
75 173
78 128
8 130
165 71
34 128
139 185
178 150
136 64
71 196
31 57
106 28
44 171
110 25
104 103
72 66
98 196
95 177
155 176
141 177
10 21
115 146
150 16
81 13
38 76
195 95
181 23
138 103
84 114
7 138
185 30
3 34
25 49
10 131
25 151
107 34
123 173
179 72
188 60
37 26
87 31
120 68
53 9
122 88
123 80
25 59
109 179
93 85
28 102
15 52
4 73
37 126
45 167
150 33
178 186
10 65
16 129
84 21
89 5
60 11
85 70
145 15
114 30
42 15
196 45
171 69
81 48
65 200
197 49
177 182
58 41
150 186
124 122
27 129
181 37
165 65
58 109
80 171
90 73
138 86
70 108
106 102
155 170
101 152
19 78
85 28
118 34
166 194
155 192
74 88
28 38
152 38
98 183
8 188
8 145
73 77
52 130
178 7
99 79
110 69
156 194
97 25
180 62
18 134
53 91
173 32
80 125
69 178
59 29
165 66
173 37
142 177
166 120
135 16
150 44
37 105
189 133
129 168
146 99
54 150
189 26
133 21
102 154
198 161
182 162
178 106
150 120
34 67
191 168
82 92
163 70
196 152
154 76
119 99
126 172
200 115
198 133
87 51
38 84
11 19
45 189
76 146
60 110
12 2
77 45
93 192
115 40
143 68
115 61
119 41
185 118
107 134
2 193
184 39
28 147
57 24
135 85
169 146
194 180
147 22
176 39
13 90
30 155
110 144
168 28
136 152
145 194
37 147
138 20
137 117
166 194
140 52
30 108
197 23
87 95
196 63
85 9
104 114
115 13
10 82
40 97
185 137
43 173
35 180
145 171
49 110
116 188
114 145
96 62
167 134
157 115
148 193
123 52
107 189
16 116
23 56
164 7
144 6
132 178
138 76
148 186
137 64
173 50
160 68
64 79
154 172
193 101
164 67
152 22
55 120
89 77
175 53
36 70
58 167
47 195
42 146
132 178
161 105
180 121
124 43
199 77
166 191
130 129
57 33
151 63
152 39
92 78
91 127
147 101
45 193
47 38
139 179
167 51
35 146
171 110
140 169
139 57
111 68
186 119
100 88
182 4
126 73
81 169
151 28
21 195
172 67
184 62
197 150
113 183
48 83
93 139
4 31
196 114
50 181
185 101
20 118
104 145
142 185
65 92
12 85
38 135
104 21
197 100
122 109
83 169
191 127
108 146
157 103
60 158
35 196
58 54
113 162
150 54
146 15
97 109
51 134
43 154
106 191
6 27
99 40
148 42
166 55
187 74
109 198
31 143
193 88
148 105
49 97
110 146
63 6
6 114
91 1
19 196
191 176
175 90
15 122
83 132
128 69
5 36
67 187
130 11
27 77
68 27
125 177
173 188
183 130
101 73
130 71
21 121
47 147
10 13
20 92
145 147
112 101
134 130
40 15
141 66
43 8
92 167
184 16
154 118
146 6
143 75
29 163
195 27
109 156
39 80
199 135
26 111
188 111
192 27
77 132
44 119
91 87
85 27
103 191
144 200
148 86
74 176
200 21
2 60
176 193
139 127
127 116
37 66
26 28
44 54
112 87
172 154
174 9
180 28
151 76
27 98
113 100
26 65
72 27
124 48
19 63
174 98
178 162
115 156
141 159
9 52
197 133
158 122
93 137
101 43
164 127
92 29
179 117
93 50
96 16
49 114
30 174
163 8
87 30
115 28
140 75
31 136
159 188
10 51
77 110
45 40
37 137
68 167
53 160
168 148
128 17
14 157
142 128
116 29
109 182
8 48
9 38
136 167
178 145
170 54
6 14
45 194
102 65
160 107
176 128
54 55
96 19
12 189
99 79
17 7
61 24
7 21
14 142
187 143
38 156
148 43
122 144
37 23
8 148
129 136
75 135
190 122
105 153
111 155
32 79
114 44
55 120
64 68
13 2
162 50
110 109
92 31
52 80
5 12
28 134
147 54
20 88
176 76
41 38
31 24
116 144
67 170
15 82
189 27
83 150
76 144
10 119
174 14
199 131
25 26
64 171
79 35
10 6
110 50
43 92
73 111
187 91
80 1
172 21
27 7
122 102
150 132
173 76
145 171
6 169
148 21
91 26
7 100
184 68
102 178
160 174
88 146
65 120
147 188
92 125
194 13
179 96
96 151
123 40
121 128
160 68
100 2
45 106
54 180
173 155
158 132
80 197
30 144
68 128
84 159
52 29
172 30
124 19
132 46
59 4
125 170
71 24
172 68
129 177
47 54
131 156
185 10
105 166
106 172
93 189
131 145
17 54
126 93
72 58
90 82
61 15
52 84
190 175
103 71
151 101
124 33
57 60
194 161
26 51
132 70
191 14
14 160
19 92
4 43
149 93
124 161
59 127
196 49
53 98
119 155
199 194
139 7
5 133
167 30
135 50
100 126
16 65
37 34
156 40
76 56
132 152
169 191
30 164
191 35
14 61
189 12
54 128
170 58
12 136
40 146
137 91
23 152
107 59
138 63
98 165
70 182
68 190
172 98
106 114
132 119
174 72
82 179
199 51
36 10
138 27
108 74
117 130
178 24
189 115
38 79
59 19
147 49
190 196
106 55
127 176
28 198
57 6
149 59
194 110
148 20
17 173
137 147
150 112
135 64
149 172
95 159
191 193
159 132
188 64
139 66
39 166
15 47
124 163
105 117
73 4
136 89
177 24
187 126
87 73
142 187
45 36
146 187
180 104
70 167
168 8
184 158
126 198
5 49
113 61
165 137
65 52
177 41
28 164
118 66
36 59
53 32
46 198
170 25
53 40
143 172
199 126
130 124
76 86
172 188
146 88
76 162
92 52
154 71
167 72
136 3
82 188
186 80
137 156
56 190
195 199
161 193
76 42
69 103
127 40
42 25
80 117
138 123
169 92
193 87
115 128
89 148
68 75
27 4
182 83
193 176
33 106
120 60
147 188
163 26
180 4
2 11
121 139
133 41
30 77
79 96
4 120
44 23
194 22
27 127
56 171
102 40
76 173
100 175
113 14
152 44
169 153
6 89
91 138
81 73
14 112
168 169
31 163
192 176
137 170
102 192
140 155
32 168
127 83
94 191
48 45
34 16
149 191
57 39
128 89
63 93
200 31
14 30
145 157
5 81
126 106
25 17
60 8
136 139
42 29
129 89
25 115
104 173
105 160
164 185
1 26
29 200
8 194
30 153
102 186
185 179
92 161
196 103
120 83
41 161
112 122
1 88
188 105
13 44
16 176
28 16
1 9
168 9
154 197
113 56
134 49
34 25
162 181
80 81
64 120
42 127
193 42
14 180
98 26
176 66
153 155
33 154
163 152
114 69
148 178
124 82
178 109
58 139
90 137
20 153
9 13
31 153
6 44
85 56
22 60
73 126
14 57
31 129
9 144
197 108
73 72
189 51
180 199
141 69
87 112
173 47
76 3
200 34
199 84
89 172
143 113
97 108
169 128
36 177
23 32
85 96
103 25
98 35
23 190
103 62
102 28
108 129
30 107
162 180
142 2
151 84
114 48
144 83
175 179
59 197
163 143
44 17
168 93
51 142
83 106
3 136
133 111
64 162
169 26
142 111
27 92
146 141
91 89
23 65
68 33
14 182
176 57
198 95
150 49
36 184
154 39
119 86
101 182
199 69
159 92
179 138
136 125
78 26
13 52
43 32
84 56
13 11
64 11
105 165
11 141
148 116
131 66
153 31
200 151
99 158
195 78
47 130
2 124
107 14
127 101
46 163
108 10
173 172
20 30
88 182
170 36
97 52
53 49
82 4
152 180
114 98
9 160
27 10
36 85
176 162
186 173
76 93
182 1
16 154
30 104
87 151
91 184
2 95
184 35
99 87
14 12
184 23
123 162
184 158
47 111
72 184
83 147
76 17
99 44
122 128
147 8
30 189
143 183
83 127
17 133
13 183
96 197
5 19
158 140
176 156
51 199
139 85
98 167
101 196
10 174
76 108
182 105
48 124
88 82
2 56
15 38
110 163
194 80
72 134
8 180
136 6
118 20
103 36
73 99
45 46
174 104
27 30
151 103
69 33
104 125
47 70
162 108
32 156
188 56
41 147
35 176
152 104
195 7
140 19
57 184
65 30
40 43
11 190
145 80
174 1
4 172
70 165
80 54
72 19
61 112
165 95
87 68
198 34
74 137
4 130
73 68
111 64
63 74
53 159
153 27
159 108
198 181
24 29
34 96
199 46
159 115
140 198
183 89
183 8
178 186
90 2
54 152
65 68
25 69
26 129
95 185
36 45
117 60
25 102
107 24
147 65
138 38
62 72
126 44
32 103
30 73
56 35
24 120
102 1
189 127
129 35
63 117
31 131
128 56
32 34
31 130
50 120
167 64
144 93
59 175
147 88
47 3
74 22
74 127
174 14
6 55
1 20
171 31
151 98
38 134
83 20
64 132
140 30
195 83
122 54
9 21
93 7
175 119
180 48
45 154
14 50
8 14
22 178
196 172
27 34
57 109
53 120
192 144
150 187
26 23
192 186
195 36
192 169
154 172
169 151
125 182
152 84
147 173
13 142
96 39
175 153
99 180
72 90
123 173
28 101
148 171
86 142
7 78
63 112
1 31
62 77
164 14
160 110
186 172
51 34
162 178
186 60
157 9
101 79
182 81
179 129
51 17
22 9
46 84
121 46
114 182
122 77
147 33
138 85
4 189
118 165
166 103
176 122
111 28
152 44
108 83
172 111
99 194
71 144
77 191
141 143
125 62
171 23
94 109
107 49
97 24
165 62
78 92
135 141
119 38
184 179
72 156
89 122
101 159
17 129
102 157
71 178
170 42
200 15
150 107
63 198
82 179
11 160
70 97
100 189
134 83
119 6
190 7
127 42
117 96
171 170
52 193
147 22
186 147
36 87
5 51
84 86
29 94
197 51
190 96
39 76
131 109
33 72
67 111
114 183
6 36
105 58
28 51
31 14
149 18
100 153
20 136
191 49
29 187
99 171
35 89
198 165
197 30
188 63
140 101
197 146
136 53
155 116
56 137
81 4
154 132
109 174
67 51
174 48
37 24
170 23
64 167
139 12
196 127
26 87
27 22
32 115
27 138
30 82
74 110
85 180
41 145
153 60
195 78
107 184
101 76
6 164
194 145
175 189
71 200
75 49
173 59
163 199
148 144
80 174
53 117
153 46
13 57
57 8
134 115
191 186
190 196
149 135
92 75
123 162
26 149
11 150
159 125
149 107
69 180
80 73
48 32
118 61
40 126
68 173
40 10
158 181
157 58
115 49
84 37
10 109
138 172
58 96
97 158
2 117
90 33
189 137
64 59
149 103
184 168
27 24
177 136
4 134
193 71
134 76
59 95
184 196
67 194
92 115
151 45
31 40
78 19
129 93
29 77
148 13
45 126
188 173
62 143
58 54
13 191
82 72
86 17
67 104
10 110
18 113
155 200
152 184
170 80
76 199
109 175
163 153
101 150
77 162
92 135
167 105
77 48
128 162
17 194
65 26
104 34
138 10
185 42
193 155
73 20
105 181
195 67
85 95
16 162
8 59
48 174
115 124
174 42
38 190
36 102
15 91
88 105
100 72
98 44
178 170
63 82
151 57
148 187
103 115
100 110
174 147
84 88
23 57
130 60
46 117
113 12
7 152
68 58
24 165
101 1
87 163
35 189
172 182
175 74
49 75
184 22
173 67
61 195
75 142
6 72
58 119
35 16
70 55
25 45
171 125
198 57
40 32
45 11
13 172
84 13
198 67
34 170
85 47
117 111
188 74
134 198
192 169
165 14
175 190
10 145
66 7
154 105
38 150
115 3
121 151
15 70
17 1
192 54
47 108
116 186
181 50
135 125
170 100
90 144
41 99
40 106
106 193
163 95
143 29
49 15
179 64
85 148
16 76
1 14
135 68
199 67
117 86
191 86
137 32
181 177
83 21
34 140
165 196
34 59
25 83
74 3
98 110
102 113
137 102
126 71
170 76
137 38
161 80
76 97
63 8
25 145
180 59
84 145
6 118
3 182
152 28
137 1
89 38
113 25
92 190
95 13
65 184
50 178
15 77
26 77
85 51
22 64
61 105
8 66
174 163
48 77
142 136
77 31
173 189
7 64
130 102
76 147
37 78
124 51
154 101
127 38
151 100
102 11
157 61
77 130
23 76
7 117
11 35
147 135
176 105
199 105
158 26
51 194
103 126
196 57
27 75
94 129
174 147
140 130
8 168
12 30
195 170
98 157
4 44
91 179
101 89
36 58
115 38
52 169
116 47
25 142
121 71
22 47
17 161
128 24
80 139
6 74
60 103
30 64
99 121
194 199
161 29
56 27
67 59
196 182
58 172
75 178
42 96
176 11
9 104
186 40
194 191
66 54
46 95
69 96
167 62
94 80
43 101
106 109
112 53
42 169
25 68
98 18
115 74
180 75
177 166
115 122
108 180
175 105
26 195
200 193
9 45
24 51
146 129
111 9
134 104
177 110
171 74
79 85
147 59
160 75
176 26
149 83
5 75
140 182
70 139
174 78
184 149
80 81
30 190
89 163
93 65
24 15
90 102
99 189
112 10
15 87
35 163
122 191
38 61
173 107
199 98
136 134
47 15
14 28
156 54
190 200
118 13
14 8
66 64
148 178
74 162
16 60
125 137
3 114
149 127
20 100
24 107
33 22
73 199
49 28
52 190
27 122
154 40
81 20
103 28
149 128
189 164
140 113
53 142
26 153
20 197
4 43
55 189
17 127
187 17
106 190
159 84
111 64
75 191
83 130
170 183
57 159
99 148
23 103
89 1
55 108
149 59
103 4
47 71
82 185
39 140
174 149
23 37
13 98
179 47
179 149
30 35
107 128
183 81
30 23
81 36
83 182
94 137
137 92
159 170
76 149
109 2
98 84
38 110
133 16
156 111
164 185
97 22
64 31
103 93
54 135
129 88
116 174
176 4
66 134
174 93
82 94
131 117
131 40
49 147
196 159
62 132
56 84
196 86
186 40
91 72
120 130
140 94
57 143
111 142
116 3
176 150
97 106
66 179
146 67
77 93
177 139
24 32
22 171
70 159
11 112
30 130
194 121
175 50
64 85
192 131
40 167
80 88
72 98
66 169
164 143
61 140
81 37
124 54
7 145
12 169
8 193
99 1
114 25
3 129
110 146
59 101
64 139
188 87
36 5
56 151
99 68
90 131
104 165
184 63
109 195
31 69
140 81
21 53
106 23
181 167
120 191
67 183
129 6
70 116
162 125
66 61
144 108
191 200
24 175
62 85
121 44
153 60
125 173
64 182
148 196
100 67
187 118
50 67
123 119
135 36
195 152
96 138
59 87
89 35
13 150
119 85
146 23
97 22
195 160
3 94
108 54
161 46
171 162
64 45
32 198
80 26
150 176
115 160
14 4
194 26
105 64
110 50
86 6
23 33
118 177
126 177
30 38
174 200
199 37
44 30
187 124
7 88
51 122
47 64
77 193
41 181
56 102
183 142
60 5
174 177
182 51
105 11
89 30
11 87
18 6
69 4
129 75
91 131
196 90
194 72
34 5
89 136
187 182
147 191
107 123
172 158
179 135
46 8
145 84
25 102
152 181
31 27
23 161
174 64
107 198
97 92
2 186
179 188
119 125
130 26
199 54
183 177
188 180
136 132
63 113
185 15
93 167
193 115
80 118
131 186
115 27
77 68
12 56
7 131
180 137
108 131
190 90
107 177
21 195
60 83
107 44
49 199
11 193
65 90
111 195
27 25
22 55
93 185
110 99
67 42
187 174
124 176
63 30
104 35
24 115
118 130
111 118
80 73
111 97
114 173
91 140
149 64
194 41
49 56
92 67
49 78
41 172
6 55
153 61
90 129
176 159
10 38
76 90
110 138
138 23
62 28
114 11
44 59
3 44
66 94
110 66
124 150
189 81
5 94
141 94
22 68
52 31
57 79
72 166
169 9
140 30
189 5
40 184
16 43
27 81
88 147
11 38
87 43
194 180
136 39
1 155
42 184
12 72
7 177
40 168
69 70
108 25
61 91
40 55
69 121
143 156
19 105
145 57
148 138
37 35
128 189
189 169
172 200
41 131
129 32
98 149
53 5
173 114
95 13
168 163
85 62
70 103
119 15
159 66
104 147
100 32
136 40
152 59
40 144
189 168
176 38
116 28
42 40
93 88
52 13
2 136
74 72
190 144
38 101
9 141
47 60
124 182
100 76
193 91
19 181
10 146
19 77
126 12
116 18
52 168
182 53
103 8
76 45
151 113
145 112
54 191
123 129
125 174
4 117
64 175
49 73
72 67
149 197
31 65
167 82
184 148
86 38
155 162
82 106
74 26
169 79
169 91
8 93
65 163
9 128
89 57
153 161
76 101
157 58
117 123
91 52
23 176
90 177
137 171
34 163
149 2
41 117
45 200
9 109
115 169
36 3
177 140
163 4
41 72
61 109
146 151
161 168
79 2
97 15
172 130
177 72
84 170
188 128
121 148
188 35
116 23
38 45
163 152
200 155
23 61
15 169
163 127
88 41
128 184
8 52
66 136
123 101
105 111
180 178
10 167
12 78
141 1
122 103
153 121
9 127
133 176
47 48
102 135
40 182
70 199
33 135
135 107
187 191
169 166
168 179
132 56
73 132
129 127
36 1
88 115
86 63
161 133
116 47
124 49
117 123
81 3
57 140
190 47
108 107
167 86
191 98
93 63
181 173
141 17
174 180
131 59
194 43
143 110
42 66
158 110
188 191
64 44
130 5
43 37
112 161
75 102
58 119
116 38
92 8
6 65
188 88
75 181
83 17
90 124
82 200
185 70
142 48
65 71
53 59
59 164
19 85
17 28
156 132
18 47
139 23
63 78
63 137
59 97
153 100
20 186
99 4
7 192
3 72
62 55
82 73
170 101
109 186
128 64
69 145
110 160
120 124
37 134
60 95
30 164
195 49
150 45
4 108
37 6
131 50
13 74
182 65
183 168
192 198
188 89
108 147
8 31
184 93
43 30
122 6
24 170
107 21
125 15
9 82
145 58
94 109
84 76
173 66
195 165
63 182
5 122
129 164
105 64
56 99
93 177
56 69
98 163
89 174
129 97
55 25
106 149
134 189
176 58
6 170
174 21
103 178
94 183
141 198
46 148
48 139
124 104
7 173
18 95
146 98
143 1
122 48
101 7
189 76
65 194
197 38
166 99
168 60
34 60
9 79
8 57
17 83
160 175
56 129
21 1
26 163
1 147
163 53
106 103
80 122
48 76
159 14
127 78
73 160
138 81
190 145
137 7
27 48
133 34
176 154
35 1
68 187
100 182
40 5
84 119
126 132
147 36
145 25
114 17
184 51
97 173
147 186
131 125
33 64
159 9
169 145
161 188
83 60
170 122
16 53
193 93
136 91
129 32
115 194
48 50
196 97
174 142
34 57
18 66
72 176
26 40
72 139
27 155
198 196
28 166
1 172
58 88
62 138
120 128
131 119
177 78
15 151
19 200
7 189
66 78
164 43
69 188
181 47
142 131
195 169
48 195
141 105
34 154
195 153
82 77
72 58
155 38
160 125
38 118
113 55
147 29
49 15
16 30
62 157
112 56
77 159
2 169
15 187
123 9
140 4
86 163
13 192
152 125
116 141
42 29
195 141
57 44
155 72
25 168
180 88
175 56
46 128
25 12
115 99
173 6
102 10
120 66
1 71
190 116
12 184
96 158
124 152
153 30
175 177
150 106
16 76
114 13
4 90
25 70
188 197
27 41
6 146
106 158
16 48
73 27
31 121
137 154
24 89
183 199
18 84
104 33
160 17
46 115
58 22
184 45
170 10
85 127
107 143
84 122
190 108
101 20
28 37
125 52
77 59
2 94
143 57
79 102
26 76
16 83
97 151
128 18
112 164
144 18
106 179
91 47
38 143
18 66
131 142
69 8
153 22
101 47
78 179
100 55
54 115
138 102
17 119
80 132
14 97
38 192
139 36
30 82
54 47
12 147
67 171
99 88
72 145
117 2
196 124
8 62
13 109
78 29
180 157
112 193
5 149
137 144
137 118
177 190
116 140
136 182
111 187
21 134
83 89
135 79
12 142
140 24
3 170
4 134
78 116
78 83
16 14
178 152
83 106
141 150
45 29
83 155
167 103
40 49
144 175
127 155
68 19
131 70
188 134
3 17
1 33
99 17
46 28
120 81
133 13
30 130
41 113
36 7
167 76
7 62
2 86
169 69
104 99
91 43
184 45
59 185
77 110
153 75
137 72
107 22
84 136
103 76
200 90
82 119
165 89
180 166
126 148
187 29
198 77
23 182
73 81
118 150
142 22
176 31
93 82
4 129
17 106
4 169
195 38
39 112
78 18
29 3
118 15
183 67
43 5
200 116
37 117
17 179
90 192
9 183
73 12
63 41
117 66
9 63
55 199
174 84
17 155
86 169
68 152
164 24
152 79
61 20
47 39
110 38
47 44
62 58
106 102
126 123
63 140
178 61
114 61
29 68
99 114
188 118
18 151
142 121
181 2
92 179
192 1
16 38
196 77
47 101
131 124
176 193
63 153
5 128
165 34
147 15
99 135
133 68
37 26
188 170
27 80
148 18
32 116
7 28
144 5
128 74
128 103
18 142
7 23
70 124
8 16
138 106
102 22
126 91
47 113
60 25
144 159
42 176
74 200
3 170
4 82
195 83
137 13
25 95
187 46
170 194
61 108
51 115
81 176
5 128
41 16
152 184
126 146
111 152
97 65
121 53
99 115
135 187
79 111
81 65
108 51
58 121
110 61
35 142
36 191
69 28
158 173
12 83
70 74
186 166
139 106
170 37
173 105
23 51
167 55
116 75
57 125
195 118
137 181
60 125
123 80
152 80
52 115
114 121
189 100
39 127
157 8
115 129
64 89
132 183
143 199
9 200
75 155
117 12
135 128
136 57
8 87
88 59
2 1
132 142
100 122
68 9
81 134
137 145
22 20
79 164
18 87
115 93
41 184
104 127
111 191
183 118
29 22
129 182
22 12
123 74
85 142
82 165
75 170
61 96
190 139
12 7
177 78
99 169
61 154
95 172
144 29
41 173
50 121
154 24
84 29
97 168
170 178
85 45
147 145
92 136
36 55
95 164
133 193
133 193
99 179
116 42
160 109
166 9
29 72
32 65
100 80
32 21
9 116
17 156
13 109
43 200
163 137
163 95
82 47
40 180
178 107
173 137
15 91
97 196
162 81
60 13
160 43
185 169
159 2
76 123
110 118
122 24
7 36
71 88
35 62
19 12
168 191
100 183
81 196
130 194
76 189
158 188
31 143
156 141
144 183
63 5
52 136
28 58
124 50
97 158
111 115
121 79
106 20
13 138
15 142
84 43
130 193
30 112
135 137
53 30
119 67
34 170
155 14
28 78
63 76
187 174
191 59
4 96
78 16
185 44
109 20
86 38
13 67
101 147
3 105
129 73
172 162
43 78
127 22
107 190
97 93
115 39
151 70
86 180
85 71
175 193
90 61
182 102
79 34
1 34
139 129
106 62
42 100
139 169
73 45
110 122
89 176
160 191
45 46
122 81
68 96
25 157
108 6
11 187
39 163
20 129
43 77
190 84
177 80
4 49
76 65
170 164
192 82
106 36
127 27
68 194
75 92
102 182
97 64
168 88
26 139
16 68
16 158
104 192
37 107
192 113
124 114
28 115
195 134
151 73
112 18
18 186
62 119
168 158
135 87
197 160
26 165
180 193
122 83
184 110
141 127
174 64
40 2
179 186
87 81
10 150
50 27
136 111
98 55
21 32
93 169
143 118
133 122
62 6
156 197
68 97
124 41
112 115
42 101
80 122
110 30
124 89
117 186
186 171
158 17
63 127
111 133
11 185
194 169
140 191
36 188
66 76
100 180
70 141
32 149
15 94
130 90
182 46
75 167
168 33
135 31
111 197
115 121
181 60
89 121
2 124
108 67
152 159
199 21
52 30
169 66
75 99
155 56
144 29
174 64
13 60
94 123
57 160
196 189
171 84
109 173
160 169
191 111
79 141
131 130
123 51
195 197
149 101
53 45
82 178
108 94
38 153
169 46
64 164
34 47
95 158
158 15
101 68
93 41
198 23
115 1
169 112
149 22
116 145
103 93
4 148
82 108
116 79
123 79
113 109
78 159
18 35
173 118
55 17
111 4
191 25
4 160
88 105
133 3
1 35
48 5
182 81
64 50
112 139
80 176
47 109
134 64
96 106
134 150
74 196
153 65
172 157
176 60
61 108
14 13
94 13
169 27
46 33
76 157
171 156
132 169
64 65
184 159
122 117
60 147
112 13
11 36
121 186
95 133
45 60
145 138
73 114
165 70
98 40
26 20
147 109
188 163
125 171
73 198
40 133
144 103
97 155
138 17
92 184
101 137
44 45
74 68
110 38
89 7
30 114
26 176
174 165
90 50
88 163
47 79
95 142
181 191
48 71
159 140
54 59
28 49
55 53
116 165
91 4
171 72
69 149
199 194
65 89
43 152
3 89
30 97
31 163
39 78
33 197
169 86
7 196
135 61
49 2
177 91
158 100
114 26
200 112
172 64
152 14
168 154
55 149
2 37
111 40
66 143
188 35
181 146
182 67
159 182
68 135
24 177
186 137
155 185
1 126
49 104
139 168
58 145
116 11
181 27
51 47
121 190
33 53
88 14
119 46
148 139
132 171
115 118
108 69
102 108
146 102
11 37
21 20
181 137
31 162
115 33
160 187
174 192
40 61
157 110
106 104
200 190
75 115
107 134
135 160
193 33
14 155
69 34
127 49
170 157
10 36
141 121
23 66
112 62
127 21
123 184
124 123
173 150
189 79
35 123
191 27
107 4
134 175
37 60
24 159
168 185
194 108
106 168
173 169
181 51
189 104
35 113
26 7
14 38
49 88
28 27
195 183
160 169
171 19
144 81
186 129
75 45
34 194
170 2
175 20
143 78
54 7
55 13
20 68
2 20
107 181
47 53
163 6
22 133
177 117
14 162
45 40
7 30
33 176
184 159
147 126
36 1
132 90
165 151
109 166
123 168
146 169
20 60
126 193
192 102
110 157
64 154
148 22
136 133
149 119
91 95
44 79
47 127
168 11
29 128
151 196
73 119
15 84
197 8
76 98
69 184
113 22
132 134
157 64
34 27
154 129
70 32
175 196
152 138
25 180
65 175
127 90
46 93
173 42
52 200
91 120
184 4
142 115
89 50
130 123
77 35
51 98
67 177
46 170
114 70
101 131
196 27
172 193
119 144
186 171
96 77
90 79
32 183
145 120
185 74
42 13
60 44
110 126
21 155
95 86
176 195
168 124
173 139
68 44
83 54
166 178
82 55
8 113
190 104
184 126
129 26
138 188
69 199
114 41
106 160
127 81
107 94
156 31
185 24
74 19
29 39
196 62
46 155
126 187
58 109
112 186
134 1
173 155
199 38
195 104
150 73
137 8
119 92
38 103
67 112
121 47
102 68
108 147
174 33
85 31
142 196
168 27
196 92
133 195
82 80
50 31
152 186
38 22
78 27
124 96
90 196
143 192
15 50
90 188
35 175
170 128
122 137
154 118
181 39
64 62
118 113
44 69
51 33
43 80
59 118
175 149
114 117
92 80
119 181
68 153
107 37
80 29
126 185
98 106
23 161
119 92
25 162
161 27
146 155
106 4
72 81
104 137
149 195
17 67
128 36
171 34
72 2
62 149
187 159
6 161
71 124
53 48
85 165
74 30
119 132
186 142
12 41
79 160
36 47
179 115
82 149
148 105
151 162
6 89
120 11
1 143
135 53
142 171
169 167
153 39
98 138
181 109
130 11
21 117
57 199
31 90
99 131
146 1
92 151
89 163
162 90
57 96
94 198
18 15
165 170
53 14
59 185
123 189
147 95
105 155
45 88
44 143
18 142
96 109
92 184
71 53
25 128
100 71
77 118
37 193
87 41
7 98
26 81
86 124
175 142
79 171
29 74
113 46
15 160
106 107
96 177
111 72
56 11
142 132
128 130
125 166
171 83
63 148
163 148
71 137
42 149
107 70
175 171
68 189
131 173
95 178
101 6
49 108
168 143
192 95
72 68
12 194
150 75
141 112
174 164
200 15
112 106
37 38
28 104
27 110
28 73
87 81
30 136
188 197
78 179
43 149
198 55
143 147
129 35
58 54
198 57
69 62
114 57
99 142
112 125
3 139
150 90
171 179
25 159
176 54
89 18
2 87
24 96
185 104
83 195
158 80
3 178
93 117
34 192
10 145
68 12
35 17
101 158
148 77
116 75
130 156
44 84
194 68
131 179
171 13
173 128
45 175
105 137
43 90
128 4
186 148
16 173
116 68
130 63
97 197
137 178
104 181
61 98
48 144
28 170
108 152
98 152
78 154
41 73
196 120
76 133
67 43
105 183
63 186
197 159
134 136
38 66
149 87
65 92
114 34
151 17
83 103
94 189
143 166
136 62
42 68
81 36
173 15
98 110
11 56
44 96
144 81
161 44
167 177
87 32
11 37
48 45
91 93
33 185
11 168
199 4
188 79
39 160
45 137
21 55
144 64
103 39
96 15
82 14
192 120
45 154
157 44
198 47
137 183
32 99
102 182
102 89
60 140
200 104
28 21
110 172
36 12
162 132
179 44
145 170
163 142
123 71
185 72
70 73
6 53
171 108
34 72
148 93
164 100
148 191
120 57
162 107
21 76
38 199
71 183
120 33
76 194
56 60
65 125
133 71
177 55
130 10
127 29
54 90
128 1
80 199
9 194
106 181
69 95
131 139
29 50
123 104
43 130
164 60
54 48
82 182
102 11
191 180
191 196
69 119
148 101
117 109
46 174
89 66
69 172
156 97
21 30
1 16
160 116
27 13
163 108
147 64
70 89
196 60
85 64
178 32
116 47
140 161
20 181
178 88
152 133
137 124
163 137
139 122
52 165
86 166
24 32
181 93
121 176
153 5
192 82
188 107
80 128
20 100
60 197
139 11
130 75
134 92
163 73
165 166
189 50
131 13
34 64
105 154
39 9
110 30
43 97
89 122
176 60
21 35
56 112
197 137
138 131
180 101
155 144
18 95
146 101
107 179
164 132
2 124
193 184
166 41
24 40
17 83
12 3
138 123
200 27
61 82
6 113
188 150
130 82
95 30
141 73
145 104
156 99
179 100
34 97
140 57
136 108
91 147
111 28
22 62
6 34
95 12
146 82
113 27
163 7
9 103
31 153
158 138
3 89
37 36
185 176
92 72
84 182
170 146
162 191
159 167
24 53
130 121
134 42
148 48
200 108
103 30
60 12
119 63
100 155
50 36
83 142
107 166
75 77
63 188
19 21
107 43
25 36
115 110
30 62
157 29
169 11
59 181
23 177
195 122
84 44
110 166
137 168
83 164
44 145
103 15
117 9
57 141
197 171
50 26
185 158
54 105
169 64
37 191
193 183
64 76
27 173
41 115
141 75
30 136
19 133
150 87
141 158
27 137
81 28
114 17
185 168
73 153
31 110
143 23
92 159
50 70
83 42
137 23
116 166
111 86
98 12
172 191
122 198
79 154
25 193
122 10
112 194
114 94
103 9
117 147
167 118
168 49
160 104
24 75
22 86
161 71
97 84
13 170
34 92
123 10
36 196
171 147
190 85
192 44
93 60
142 59
178 110
59 137
165 82
163 186
167 75
9 16
159 21
185 192
64 60
1 51
55 124
149 196
8 141
40 100
200 181
110 177
90 168
65 7
2 28
144 168
102 152
135 12
125 72
155 140
131 108
191 137
31 139
133 38
79 124
89 79
104 198
7 146
117 72
104 118
99 47
38 152
151 172
164 75
43 118
14 125
25 156
14 7
95 98
44 173
21 84
3 76
33 10
173 150
81 76
19 131
123 56
82 25
180 45
99 22
115 64
99 91
20 112
98 66
9 93
190 29
177 193
104 9
154 77
110 186
104 129
116 178
136 197
2 115
194 52
137 108
116 35
150 87
146 47
104 106
92 93
134 68
37 189
28 190
17 138
175 121
18 90
98 153
39 52
68 32
103 156
139 170
190 88
56 87
87 111
192 178
4 77
197 40
17 176
182 34
65 108
106 82
198 155
35 188
6 54
19 109
9 109
78 150
148 86
36 34
196 179
163 199
7 111
191 23
87 124
8 151
31 65
185 180
20 171
167 177
24 185
85 32
93 115
181 41
200 168
26 147
98 141
98 56
51 88
78 137
163 38
40 193
102 24
173 73
194 91
50 169
76 134
200 120
200 132
112 199
51 138
98 100
78 195
155 80
34 184
169 196
21 8
140 75
183 64
147 128
155 196
96 182
82 47
53 33
178 165
32 180
54 81
79 131
75 185
10 108
168 178
55 141
137 194
15 119
58 113
198 12
61 93
145 94
139 197
126 68
161 109
199 14
189 29
96 63
13 58
122 133
187 176
73 124
170 39
194 179
151 192
190 163
36 86
56 175
82 182
194 195
90 193
8 79
21 56
93 186
113 15
118 99
142 190
174 63
28 120
41 130
63 182
93 98
67 100
24 101
81 18
95 123
162 54
153 134
109 45
119 173
11 36
24 105
177 149
167 156
68 8
86 130
189 130
180 56
29 3
156 62
172 2
136 85
55 88
19 116
84 89
88 47
125 111
151 53
60 117
9 79
124 46
161 113
175 140
120 155
94 27
168 18
28 103
102 34
142 72
149 26
161 37
72 37
99 22
41 158
90 49
189 14
94 149
78 20
88 149
175 133
175 94
150 154
197 4
187 138
75 136
115 187
124 138
175 22
159 16
132 1
16 120
14 110
68 43
81 155
191 55
39 117
101 189
70 49
192 8
138 18
143 53
157 66
190 83
40 101
50 171
101 66
90 66
127 157
108 7
63 50
14 101
166 114
41 187
114 184
194 51
2 137
55 110
154 45
192 145
97 194
115 149
59 156
166 137
64 73
143 126
74 108
179 39
173 171
25 86
155 18
137 156
106 191
17 12
187 8
156 35
153 71
183 11
178 100
99 42
172 194
119 197
101 49
35 74
20 11
111 174
181 199
81 38
142 97
49 80
56 5
115 9
27 49
171 156
149 70
197 72
63 116
69 115
164 55
140 183
18 51
108 198
1 188
35 142
36 22
92 192
88 100
170 136
22 125
36 91
122 60
105 189
128 172
104 134
111 39
151 113
146 100
114 86
87 7
121 74
28 12
65 67
63 34
3 37
110 190
79 31
49 136
171 128
107 75
14 17
113 116
82 10
168 147
95 54
153 16
127 181
179 143
47 194
176 1
30 37
143 108
20 143
43 190
23 101
64 36
70 128
151 138
70 97
184 123
49 199
1 181
130 143
180 123
70 132
104 107
26 11
78 169
6 67
191 106
83 26
175 10
128 125
99 198
173 83
72 174
33 25
106 162
119 85
84 141
169 139
199 194
150 76
162 107
142 104
12 24
81 139
186 9
15 36
158 188
118 181
113 103
5 18
64 124
103 100
16 23
38 14
16 139
89 178
45 30
81 9
6 162
147 143
122 113
178 31
100 48
163 164
150 168
182 165
43 36
16 58
58 54
71 73
144 111
2 141
140 35
149 97
148 47
39 69
159 169
51 11
16 13
174 117
132 107
33 126
142 49
183 199
54 5
24 197
115 25
89 7
59 189
103 6
35 94
26 146
62 76
108 29
41 33
97 172
140 129
98 33
129 32
184 182
37 7
131 103
31 19
61 90
8 116
47 194
9 73
91 22
100 150
2 140
135 98
112 26
178 9
58 107
192 41
40 28
47 170
83 30
141 95
119 100
10 165
45 170
189 136
191 89
37 144
28 171
193 139
196 171
99 6
29 91
46 68
70 45
190 104
74 130
199 144
29 8
60 73
178 49
160 120
137 149
64 116
119 56
55 67
178 105
72 6
147 117
26 169
113 15
72 186
144 70
129 124
30 141
148 159
189 60
78 77
8 93
192 126
101 198
192 78
55 15
36 1
132 61
169 44
27 193
182 122
14 62
45 43
2 144
153 142
3 183
18 162
75 10
40 175
159 183
5 13
198 192
14 81
4 134
76 30
126 57
151 140
71 147
134 72
42 87
14 197
69 31
158 143
192 149
70 151
132 26
115 129
17 128
9 172
14 84
1 139
93 103
78 163
1 12
186 194
98 151
190 118
134 100
60 125
48 81
27 179
58 142
59 26
21 19
197 34
55 197
125 99
51 2
61 3
165 198
197 14
149 186
131 82
37 143
158 85
175 137
15 33
30 26
58 50
44 55
36 50
3 160
148 6
113 160
8 30
158 156
43 58
142 126
139 130
20 48
166 194
184 181
178 13
158 188
63 153
42 50
3 196
161 150
153 73
62 161
102 19
116 97
28 9
22 166
91 41
13 56
186 149
188 164
161 145
151 175
98 144
24 100
91 136
1 44
9 62
156 62
32 71
158 59
32 131
176 122
123 141
177 61
89 117
176 1
61 78
176 110
21 151
9 63
87 162
106 47
175 13
108 7
84 18
17 67
100 145
140 175
85 68
35 125
184 162
125 197
39 100
106 11
51 67
73 89
28 131
135 2
143 194
160 178
11 129
44 63
73 135
37 157
3 23
81 186
184 5
182 22
57 40
32 59
106 56
147 85
186 81
38 81
26 198
58 189
78 54
51 150
188 39
58 142
13 90
80 196
46 13
169 102
52 152
160 157
159 58
41 97
90 79
177 116
28 34
104 105
39 154
6 179
144 63
120 156
152 199
103 197
12 23
51 63
126 162
20 84
20 12
180 109
42 156
24 69
142 127
125 180
32 130
158 127
144 30
82 95
28 136
44 39
158 46
54 83
7 25
167 26
36 98
87 30
6 62
98 147
141 175
78 124
104 188
51 48
17 132
94 196
20 137
187 177
134 40
12 141
16 130
118 3
27 156
32 18
82 130
158 56
160 33
159 147
83 158
115 167
52 110
186 140
96 114
74 87
125 14
102 54
83 105
33 39
88 64
8 169
146 117
24 105
149 183
51 32
92 117
198 143
26 135
83 74
48 108
112 173
73 166
178 155
22 10
145 109
26 152
78 171
68 101
27 17
35 29
200 127
145 197
69 122
83 103
147 130
162 59
54 34
24 32
141 45
193 85
105 170
37 182
140 56
83 118
72 69
146 71
195 42
19 16
164 101
118 110
183 80
120 188
65 95
19 5
91 164
90 196
133 78
129 25
133 11
142 157
80 40
179 26
81 150
41 196
50 111
58 184
142 177
172 6
24 142
11 114
57 52
61 190
81 190
14 13
152 107
121 183
98 100
161 179
49 1
174 50
111 31
186 52
160 157
10 183
50 20
48 107
23 61
48 103
2 13
115 105
119 188
40 169
39 200
147 87
200 72
88 63
55 73
66 14
181 75
148 183
46 147
41 68
7 88
170 160
100 37
65 170
24 104
138 62
55 36
100 6
108 187
68 114
12 86
127 144
160 26
126 6
172 166
25 131
5 195
90 104
183 106
26 158
161 163
19 15
199 70
21 58
8 40
171 125
49 115
37 74
192 194
197 110
18 79
114 164
121 18
146 26
43 103
139 157
73 153
107 142
125 116
150 117
38 120
41 86
186 77
111 178
70 108
87 88
186 152
51 58
169 149
84 163
51 174
72 124
78 178
17 3
94 166
119 83
38 111
169 175
188 79
152 9
138 190
48 76
94 51
133 14
199 168
177 1
141 200
124 19
129 141
173 174
58 91
57 47
153 25
22 92
55 125
101 145
67 100
172 160
150 104
173 100
24 101
101 164
100 176
134 29
68 106
2 126
148 58
124 53
34 97
144 41
22 44
185 40
96 156
199 45
11 123
97 34
176 197
150 27
124 35
7 192
93 9
69 40
18 192
92 4
89 188
44 62
183 28
101 78
135 51
75 145
173 171
131 100
119 32
127 42
66 133
33 158
93 101
150 63
45 193
66 133
180 61
146 163
40 46
40 174
48 66
70 172
36 200
72 154
31 198
148 49
130 180
6 175
33 107
37 77
100 102
161 31
114 106
193 153
103 185
126 150
50 195
121 38
147 144
143 129
141 90
177 23
22 135
197 54
193 33
82 92
86 42
75 199
99 19
151 153
3 28
54 5
174 126
194 120
70 88
49 162
178 177
184 199
63 180
4 56
164 85
99 1
78 173
199 128
192 101
32 146
80 85
102 54
162 95
125 31
183 173
193 112
102 128
62 164
108 65
19 23
101 118
24 130
42 174
9 33
75 40
179 154
76 32
159 37
79 84
20 61
8 12
124 109
139 185
25 198
1 195
173 53
64 196
182 106
169 190
90 195
181 20
149 56
52 59
44 130
142 63
142 102
26 65
162 117
49 186
66 1
133 38
53 196
33 34
53 2
175 143
196 155
162 96
162 165
107 5
94 200
20 35
101 45
51 63
161 51
200 27
51 84
16 103
80 49
88 132
2 62
26 149
168 188
45 81
104 103
38 198
102 57
184 3
101 35
17 14
85 168
192 88
52 7
190 83
7 30
166 8
91 192
157 11
131 153
91 34
55 128
31 156
136 167
110 189
153 126
2 37
46 145
76 97
151 18
131 110
47 96
117 137
87 25
99 17
177 142
3 183
21 185
139 157
151 200
145 103
78 98
92 123
42 167
171 144
184 101
53 182
196 122
119 35
146 169
3 75
110 5
57 131
190 147
39 92
147 183
147 24
32 38
146 73
156 68
168 92
168 173
73 115
94 143
149 191
64 152
65 173
108 74
55 49
20 93
141 118
27 87
141 58
76 38
82 183
57 2
26 24
174 51
91 19
145 39
161 8
142 178
133 2
51 187
50 22
32 142
140 10
180 32
20 55
22 101
190 30
54 167
54 179
17 144
197 162
134 158
121 28
135 53
29 137
40 78
110 23
20 1
32 199
185 51
6 104
147 187
157 113
40 88
82 135
84 43
21 193
115 48
79 168
76 15
7 153
125 181
124 125
12 123
109 15
80 66
118 26
53 26
138 44
113 19
131 149
13 151
141 128
150 172
47 25
138 53
129 62
185 5
139 196
127 199
162 158
17 31
183 21
57 72
16 121
43 98
21 7
200 114
86 149
85 132
125 22
136 54
36 120
58 126
68 136
76 29
45 44
60 27
64 68
50 32
140 92
129 161
51 129
26 136
29 110
68 154
83 3
159 70
75 168
147 142
55 23
122 99
66 181
125 82
200 126
113 140
170 193
52 20
121 77
155 150
138 174
55 172
129 13
42 3
180 188
96 34
162 17
84 28
150 160
61 149
85 173
88 54
165 91
25 38
167 180
139 56
105 193
28 185
5 21
187 136
8 34
121 170
51 4
149 152
163 9
100 199
133 140
53 49
30 77
86 149
8 176
156 65
168 183
49 124
3 188
11 163
21 131
84 23
86 32
174 48
192 74
47 124
13 51
172 194
79 10
94 87
137 50
103 105
184 151
180 139
138 191
101 159
73 136
133 159
119 107
158 110
132 156
185 144
6 156
89 37
117 183
75 54
32 177
110 15
127 41
105 65
183 5
175 8
92 107
166 10
165 75
119 96
183 103
39 140
11 80
176 79
14 50
84 45
26 193
11 105
186 116
169 168
72 95
175 164
153 92
125 118
119 44
13 101
98 4
40 60
83 16
139 96
17 22
92 43
167 54
147 104
121 67
71 145
113 198
60 65
41 184
182 111
179 195
11 29
198 51
88 32
18 178
79 34
200 170
28 118
175 174
21 96
192 43
192 104
192 51
169 185
34 150
95 165
96 106
193 45
108 80
76 77
58 106
110 9
27 138
78 2
63 50
49 7
92 40
110 36
90 30
20 75
132 114
191 27
19 183
24 78
15 51
154 24
157 16
32 183
153 61
184 167
110 32
173 1
23 35
36 64
64 7
139 195
121 129
22 91
64 197
169 78
47 74
101 3
89 84
186 193
144 121
160 5
105 84
157 127
118 193
143 182
199 81
128 71
161 101
162 176
97 82
53 144
155 105
146 196
140 83
188 35
156 99
39 60
183 196
138 52
140 80
185 90
112 113
161 25
165 74
200 62
155 5
5 61
61 102
56 1
137 196
35 92
94 26
103 28
21 40
32 112
72 16
1 183
80 113
7 45
186 159
58 92
115 14
105 175
115 112
127 3
107 114
94 153
139 196
132 111
188 163
22 59
131 174
41 162
87 200
6 24
110 63
116 24
76 20
150 143
83 77
145 190
142 191
94 80
138 25
190 125
140 163
135 22
136 128
183 22
127 189
46 188
3 113
163 31
84 112
125 166
140 21
107 81
11 152
112 101
129 53
177 68
15 112
89 103
39 23
124 117
163 121
104 166
185 66
148 68
129 24
186 69
44 101
7 196
13 107
124 65
83 143
32 194
31 134
184 5
9 100
168 82
3 85
66 20
32 86
149 55
71 169
50 114
69 56
61 81
162 184
98 197
126 129
142 108
14 126
113 22
25 80
55 180
164 121
199 147
158 99
153 28
67 2
93 136
58 106
168 171
89 65
167 145
109 74
158 186
138 132
10 17
186 141
132 58
92 78
15 190
182 194
57 184
39 144
193 144
111 115
32 128
82 198
72 142
24 182
79 161
65 88
130 2
29 61
60 120
91 26
61 72
20 69
55 10
12 199
153 75
114 136
2 147
86 25
40 109
158 118
21 22
157 150
176 137
11 35
56 53
12 69
124 183
137 131
192 101
129 144
175 194
80 128
140 117
104 179
25 62
48 197
35 5
147 10
141 109
196 149
161 160
17 84
142 105
166 134
5 95
77 131
40 108
58 180
24 162
110 200
175 110
149 161
114 95
171 54
155 118
154 115
77 170
150 19
27 116
152 31
162 180
114 1
40 171
132 15
84 42
167 10
151 115
171 16
161 141
21 115
10 175
181 87
96 130
57 122
45 160
105 158
91 18
159 82
140 90
97 176
83 15
185 81
155 200
41 47
173 107
57 147
87 95
42 16
103 116
13 14
172 170
104 141
128 186
80 170
34 55
52 48
192 189
128 146
140 120
145 112
26 153
58 112
199 52
127 101
119 139
114 90
109 169
30 188
154 61
157 139
68 161
186 59
149 65
156 88
184 100
200 9
4 57
120 2
60 47
54 178
137 119
19 197
88 200
185 193
61 141
132 80
101 69
138 1
134 45
89 69
97 88
78 100
96 149
54 108
147 107
85 84
26 56
80 65
55 16
9 67
157 92
146 9
161 35
10 46
80 50
66 176
137 143
75 184
44 128
91 190
187 128
73 164
183 105
180 189
72 188
56 180
80 153
189 192
188 150
189 67
199 6
194 87
149 20
70 144
100 161
133 86
40 158
1 22
14 180
162 85
167 169
65 198
122 5
141 61
154 81
79 104
87 72
190 187
43 59
130 142
171 62
179 10
171 179
183 184
158 97
69 77
65 85
26 138
89 167
150 42
199 28
97 85
51 86
71 94
96 152
35 19
166 180
136 144
163 120
54 11
140 82
75 24
107 165
64 25
114 57
24 94
153 108
144 190
131 37
85 82
24 55
47 141
35 135
84 149
6 89
159 145
170 185
120 77
149 135
101 15
191 124
108 143
184 51
132 114
40 168
147 15
23 146
107 57
80 142
5 85
31 163
181 200
99 100
28 48
186 81
14 176
156 121
70 139
123 1
4 114
120 103
80 142
48 186
150 127
128 106
11 158
20 191
109 119
42 89
118 27
169 131
2 76
51 71
167 125
23 170
39 94
72 118
188 119
56 137
197 183
195 7
92 14
197 152
132 190
192 49
16 112
131 169
188 181
191 154
58 165
75 96
59 99
165 46
169 20
182 166
154 176
172 197
142 121
101 25
110 92
26 78
4 156
46 191
137 189
96 194
153 122
41 11
20 157
56 189
129 190
154 82
117 77
31 10
197 131
35 59
22 60
136 177
15 133
119 103
73 14
48 26
88 40
188 107
197 196
95 125
185 200
158 53
77 140
63 73
70 49
83 44
108 18
20 122
103 91
177 175
104 24
200 143
64 188
50 12
183 96
136 119
96 45
123 172
185 137
196 54
185 79
49 44
48 21
118 150
111 94
125 166
69 76
109 132
15 158
143 149
53 30
19 100
75 142
71 11
30 19
16 15
97 65
10 144
85 127
46 195
20 170
160 89
197 20
172 12
177 67
160 182
96 131
81 122
72 104
132 53
122 148
19 18
164 29
113 48
155 158
194 175
79 105
15 76
125 186
87 53
52 198
34 100
128 67
21 151
170 105
4 91
4 174
60 167
2 172
166 157
82 159
83 160
15 97
187 91
34 25
144 38
175 129
137 102
147 109
5 116
13 160
158 16
133 17
134 135
141 99
43 174
9 125
85 176
173 72
66 158
96 161
195 70
42 83
124 188
192 80
56 156
39 13
124 171
182 57
57 74
156 99
47 116
175 131
91 147
154 109
105 2
69 51
23 62
134 146
50 125
25 57
32 63
21 155
186 2
12 42
27 119
141 73
34 115
156 77
14 61
185 70
62 5
72 85
67 5
182 116
81 7
124 113
21 144
67 158
146 30
200 172
148 92
197 134
158 104
162 123
164 146
192 178
150 64
62 16
20 43
83 101
1 6
165 22
102 31
179 47
13 130
170 112
173 118
45 131
21 6
53 137
103 197
114 5
12 127
172 31
169 55
83 122
12 47
95 113
30 25
111 194
155 33
105 127
150 9
123 107
14 11
162 76
166 125
2 137
155 122
143 190
43 155
188 137
19 169
162 82
162 68
114 67
146 15
168 155
89 26
120 99
187 33
174 152
157 127
89 63
49 31
52 43
137 192
180 108
160 93
189 74
160 102
92 105
68 59
11 157
84 130
7 71
162 133
174 70
59 14
133 59
45 184
102 133
127 81
40 39
173 28
112 84
81 3
188 149
13 199
57 48
80 63
70 194
195 44
63 6
57 195
64 53
131 117
186 9
149 177
47 121
5 158
156 37
112 144
185 76
94 193
124 125
56 193
70 2
188 85
7 197
31 23
49 113
139 186
122 88
163 168
160 119
78 116
155 141
11 92
17 56
84 92
132 91
36 2
93 24
86 51
20 68
25 20
181 164
6 102
3 120
69 162
38 98
29 192
39 191
35 7
46 119
98 130
9 133
131 53
108 168
104 127
35 128
147 15
43 104
68 45
23 89
159 60
186 139
3 176
130 38
182 127
108 31
56 116
116 138
169 23
105 24
102 92
103 200
58 146
103 126
142 77
14 100
88 199
191 90
127 72
79 108
150 186
91 158
102 6
95 22
180 152
197 81
195 99
32 52
196 134
177 138
162 190
189 49
189 179
139 115
50 17
174 200
155 16
157 56
173 3
29 153
106 25
185 100
75 17
152 71
102 128
8 64
118 196
112 58
127 2
124 176
171 49
127 125
65 35
132 37
38 112
141 143
88 126
195 114
94 146
184 195
73 143
10 142
91 74
151 17
27 74
192 149
123 71
25 139
105 156
175 94
19 68
189 58
145 183
172 38
128 155
184 152
98 194
46 188
19 196
156 45
70 147
194 144
17 18
82 74
126 8
167 96
27 155
154 171
137 125
8 16
31 144
168 80
137 13
19 107
160 174
151 181
121 96
124 89
114 157
114 191
117 81
86 143
187 191
114 76
115 73
91 146
16 10
177 152
22 196
58 134
169 161
114 41
56 190
82 121
98 195
111 14
27 149
157 14
139 22
89 6
94 179
103 110
189 79
13 162
74 23
47 43
183 161
35 190
102 116
111 199
111 173
13 137
73 121
102 12
142 190
169 35
121 71
96 61
101 109
174 175
131 21
169 65
133 3
54 34
119 116
32 181
41 196
69 113
116 171
76 57
112 44
44 184
66 139
196 167
47 170
93 129
142 13
145 74
167 151
59 37
66 42
17 58
38 171
153 8
46 162
71 42
5 55
59 143
50 177
142 171
21 22
112 33
167 137
152 117
147 188
134 189
157 192
26 194
162 130
153 159
91 23
152 47
29 11
190 31
187 83
1 8
104 65
192 70
153 143
138 100
131 72
40 39
63 65
32 176
194 184
134 37
6 38
83 187
48 24
17 186
106 17
145 162
33 137
183 186
31 121
37 113
144 76
151 6
92 134
133 37
117 18
73 75
55 108
61 54
131 29
192 189
45 136
102 30
24 84
167 55
156 3
119 99
30 70
56 121
155 188
109 72
158 182
98 164
41 110
18 171
138 9
111 134
96 12
163 120
48 129
126 3
83 196
54 112
17 109
184 172
49 93
43 6
26 92
169 66
1 138
188 90
98 99
23 194
62 138
65 109
66 190
112 101
137 117
12 154
25 148
125 25
40 119
182 17
10 103
82 162
40 21
51 138
71 25
131 133
162 147
193 180
88 56
80 24
172 91
177 197
190 101
173 29
19 155
197 180
57 78
141 96
51 143
185 121
168 67
5 81
13 198
60 100
53 139
124 25
182 52
173 171
153 145
152 123
51 100
103 107
178 43
3 180
138 139
100 57
6 105
137 18
54 149
70 58
87 145
82 20
196 6
143 148
103 46
71 153
145 125
60 74
167 14
53 56
152 105
112 109
161 1
79 14
149 148
71 187
92 105
7 87
62 101
187 116
98 9
69 42
133 80
68 99
45 72
107 148
128 18
57 88
18 135
53 166
34 76
105 125
132 63
163 145
163 149
61 12
157 81
5 89
112 72
140 108
96 198
55 23
15 63
63 185
149 67
102 182
94 6
58 25
68 21
122 182
121 134
193 30
14 198
70 77
21 9
184 116
6 190
91 173
5 153
109 153
171 10
135 65
168 192
89 187
164 162
169 85
95 113
114 60
110 135
88 83
144 71
198 101
13 40
25 17
192 133
169 163
95 55
27 14
199 67
200 162
181 168
198 75
81 63
87 142
198 174
24 93
197 174
145 9
13 122
177 157
54 97
71 100
152 49
113 102
67 113
15 47
32 165
74 64
27 160
158 176
133 20
129 106
165 89
71 86
65 27
91 114
97 143
65 145
7 118
163 71
132 10
103 96
83 118
75 194
27 50
126 160
22 7
65 186
47 87
23 112
113 65
177 161
159 41
57 166
110 20
36 41
181 90
89 63
160 163
56 186
164 133
145 185
139 162
170 186
48 144
49 113
161 25
73 119
17 82
84 78
101 72
118 81
161 6
95 120
120 102
106 84
34 2
68 125
163 190
62 11
133 62
123 93
38 147
164 6
28 47
83 80
118 152
112 31
110 6
102 29
107 7
112 93
9 180
169 123
169 182
85 53
43 7
98 32
106 61
37 85
107 71
165 177
174 76
7 83
34 60
112 92
67 23
136 27
154 104
149 74
85 186
127 79
144 24
110 49
84 98
134 142
120 50
118 94
77 76
176 110
136 39
154 14
89 132
167 193
32 41
29 17
167 108
161 142
169 161
25 67
94 166
138 95
36 31
172 63
159 33
150 197
186 55
10 75
186 129
19 170
169 47
186 87
154 146
28 75
107 4
141 152
121 78
199 156
61 170
171 19
154 72
15 140
127 177
166 64
105 184
33 73
182 19
111 88
116 138
162 174
93 102
78 13
131 76
121 143
197 91
161 150
114 128
41 40
104 158
104 8
93 136
80 75
154 142
162 22
79 123
195 123
176 72
135 58
99 55
1 95
97 161
197 11
88 189
50 191
147 105
150 39
41 181
113 146
122 26
119 152
148 114
74 123
137 9
133 188
15 133
34 112
45 30
74 133
171 75
75 117
180 25
107 172
157 20
69 79
197 188
30 145
53 56
19 141
64 151
128 30
83 162
141 128
143 14
12 113
89 38
181 20
14 88
191 171
59 49
55 46
30 151
50 85
170 191
100 120
118 130
155 31
22 34
126 188
197 38
28 34
171 47
200 10
189 170
68 47
170 74
45 151
25 94
188 194
36 87
65 106
168 171
136 190
4 61
177 152
51 4
138 173
2 137
182 190
58 49
36 179
122 32
81 98
78 68
91 113
107 108
18 74
78 106
15 34
118 191
137 168
146 74
140 147
162 73
136 19
121 124
149 195
155 30
92 184
49 135
97 155
194 66
181 23
171 195
8 89
186 145
8 83
170 100
30 132
172 165
102 45
88 51
39 195
32 82
178 80
168 26
187 113
92 167
136 14
113 143
54 50
39 14
133 9
113 162
140 84
78 41
80 166
43 70
112 74
152 89
106 71
67 44
184 110
162 71
123 74
13 129
124 52
142 8
60 6
169 199
41 198
191 121
163 34
190 26
59 93
115 164
164 133
159 99
42 120
169 164
194 133
44 69
184 185
76 195
190 196
145 31
193 136
103 108
121 92
133 179
185 199
95 100
131 53
150 172
173 118
88 118
2 131
186 68
61 132
9 56
77 191
48 164
93 107
84 137
40 62
73 38
108 172
169 161
73 92
85 142
131 2
143 62
139 80
81 199
12 41
6 40
184 5
3 76
112 38
164 103
51 36
140 159
159 60
71 31
104 155
172 34
108 67
47 46
146 127
196 109
120 153
148 103
109 102
130 172
139 94
74 190
129 14
148 40
25 170
70 128
124 194
162 183
60 160
28 157
39 175
66 158
127 165
12 187
67 141
159 5
34 32
146 115
197 45
154 22
14 175
101 89
168 14
71 179
174 50
136 12
24 153
121 102
117 132
89 183
72 199
140 58
30 85
124 27
130 29
200 143
3 52
184 123
66 54
53 191
104 140
154 79
92 74
133 9
157 21
191 180
171 82
37 200
167 112
178 48
140 177
142 95
181 125
169 198
179 21
188 34
161 93
64 4
118 196
12 74
168 155
53 138
36 42
138 154
153 67
1 45
196 95
139 176
19 59
173 149
79 112
134 191
4 198
147 73
193 158
146 113
112 150
50 100
143 139
53 96
6 92
1 100
30 176
118 88
100 19
118 163
152 61
118 101
7 190
46 116
87 158
180 36
7 79
131 98
83 26
103 88
117 103
187 98
30 57
137 81
27 6
43 130
18 160
31 176
149 76
92 35
33 23
22 191
53 152
88 135
129 142
175 197
44 161
46 25
169 182
105 195
140 99
125 157
58 107
133 158
182 176
144 166
198 166
108 50
69 196
136 150
137 110
146 133
23 192
109 191
125 166
138 64
64 14
173 74
120 105
31 53
32 175
18 181
92 77
30 160
24 117
61 161
27 7
45 1
150 105
143 26
70 80
90 86
93 62
159 164
118 189
16 149
115 185
129 6
62 110
118 85
178 197
156 136
193 156
37 98
99 63
167 178
104 52
23 117
162 186
186 103
154 86
17 138
166 175
199 27
44 36
4 173
32 160
61 25
67 97
122 165
111 40
95 166
44 69
34 157
6 19
59 159
56 76
97 21
2 47
47 45
82 51
17 66
162 77
90 28
126 163
145 36
154 39
154 197
107 187
154 112
158 164
23 165
39 119
186 192
117 184
36 199
186 53
16 147
81 105
127 6
19 71
194 172
109 147
121 167
85 26
30 194
189 52
159 180
122 96
171 191
79 7
141 65
11 156
163 43
60 89
49 30
159 194
1 19
140 73
185 176
98 167
170 87
18 80
66 92
175 188
82 53
194 22
69 156
177 32
199 188
120 199
17 31
192 169
49 83
42 186
58 91
152 179
129 121
58 146
12 184
134 45
189 79
66 57
187 194
40 185
133 112
135 101
142 126
22 142
8 15
127 17
105 78
196 34
199 5
179 162
141 64
7 129
143 24
137 129
170 177
65 102
88 199
3 181
124 176
122 83
190 49
51 94
78 198
79 76
3 58
38 143
73 196
23 15
19 159
95 140
135 159
42 174
109 196
106 184
171 28
66 160
28 117
5 105
114 84
133 68
93 122
162 165
69 136
180 39
95 26
179 181
185 20
155 93
167 12
77 89
191 94
48 18
162 4
75 28
87 159
47 179
32 161
144 100
96 75
138 190
100 116
171 36
87 77
129 53
40 157
141 31
2 140
200 116
144 74
143 182
184 189
161 15
149 56
66 197
130 4
186 181
71 108
17 158
136 97
162 176
5 55
6 146
5 121
41 31
15 23
166 156
135 181
56 190
198 52
71 1
38 3
72 97
19 181
33 115
142 8
71 196
165 29
142 169
149 182
151 116
156 117
71 90
49 126
31 46
130 53
47 119
56 70
15 26
50 199
93 191
6 163
139 122
191 80
43 92
13 193
7 169
109 29
10 157
106 193
155 35
45 153
153 52
22 120
78 71
118 170
13 76
132 151
197 75
182 39
166 147
184 124
67 92
104 28
1 9
20 107
196 65
59 100
68 80
19 145
102 89
114 66
116 198
169 64
24 102
55 141
48 38
64 66
81 119
94 33
127 113
139 122
129 197
174 197
28 192
141 129
32 7
195 147
156 115
163 131
16 17
71 64
54 86
129 86
4 22
119 130
87 57
4 15
6 177
11 33
120 104
114 104
62 60
2 17
174 164
99 189
180 169
4 185
54 85
71 57
58 141
138 144
149 93
111 154
21 73
187 141
176 52
196 189
111 197
157 84
161 55
72 92
23 28
77 76
112 99
84 169
191 174
113 139
66 23
93 87
95 31
179 23
82 174
11 192
170 168
27 82
22 50
174 197
77 2
72 188
52 108
157 42
81 21
180 98
195 24
184 89
54 114
63 87
87 26
30 9
193 56
90 166
106 15
162 134
168 186
122 171
45 30
12 77
50 144
174 44
167 110
84 173
23 147
11 110
172 41
70 116
48 111
33 105
126 195
39 45
132 112
16 176
141 179
52 142
122 25
185 89
134 20
13 157
118 23
18 89
15 87
156 63
197 189
119 74
135 157
71 66
68 86
41 160
64 44
101 138
68 85
178 154
57 190
62 174
164 31
15 179
69 170
193 65
110 111
91 44
20 161
61 39
198 101
199 13
144 99
150 164
136 127
69 192
68 130
165 184
112 179
114 180
101 106
196 10
168 86
6 139
198 66
178 147
119 176
160 14
26 61
129 161
140 197
104 7
78 69
142 189
199 55
120 99
112 116
109 80
153 66
170 103
131 147
49 1
74 160
15 52
21 143
12 160
92 116
118 169
136 60
110 134
66 29
33 178
144 93
9 49
110 178
151 40
77 199
193 150
159 7
1 131
101 165
42 192
32 111
113 119
122 22
52 188
2 36
165 146
80 173
194 189
102 96
181 178
94 173
128 4
131 80
86 31
196 127
23 27
38 87
145 111
108 149
98 109
136 14
6 16
138 151
156 40
46 136
17 92
108 96
47 38
128 133
21 123
59 195
102 48
81 198
111 140
146 160
48 82
174 6
49 63
156 4
102 154
140 71
197 199
118 43
189 197
175 9
120 186
155 173
185 35
170 47
174 68
7 173
101 132
178 101
194 86
104 48
191 195
70 187
194 187
29 134
184 156
94 55
93 48
179 29
34 100
76 159
167 82
131 19
13 61
119 158
98 175
5 40
169 74
26 114
13 6
199 148
113 92
154 5
91 132
186 76
31 61
34 150
142 117
120 106
129 191
63 26
165 20
17 85
45 42
151 57
199 149
156 112
193 109
68 83
192 53
159 23
113 144
124 6
60 195
63 188
185 126
165 101
97 181
186 141
174 136
150 173
84 105
36 76
14 55
111 5
108 21
179 172
164 54
130 24
49 192
163 33
69 80
134 165
12 71
106 186
6 55
110 41
111 97
117 76
151 179
33 58
199 11
182 162
17 111
137 65
54 100
49 123
131 182
39 142
52 96
127 9
102 188
50 13
84 118
88 35
96 120
44 46
83 177
7 99
39 96
163 93
147 11
167 77
145 157
18 148
53 97
157 154
84 6
166 120
75 6
106 170
125 149
15 159
78 173
57 116
68 171
160 14
182 126
42 78
83 60
25 87
108 181
40 191
138 158
62 12
163 167
133 39
68 99
198 145
24 6
12 91
177 172
57 110
49 98
187 83
109 11
169 16
144 9
159 33
118 20
197 32
187 81
22 6
180 19
102 3
177 113
45 153
84 53
62 133
151 48
15 11
10 136
27 105
144 185
138 13
156 86
44 94
166 65
99 97
36 200
99 12
65 96
116 148
148 177
32 98
176 199
61 185
134 87
90 29
23 179
41 130
64 36
24 181
100 74
78 87
26 128
50 90
23 165
37 171
141 21
20 116
19 80
53 104
118 142
132 140
72 172
70 87
7 45
67 58
118 144
145 143
72 146
184 46
111 21
16 51
193 36
119 11
67 171
114 185
64 197
76 87
168 97
173 126
141 191
135 11
87 79
105 110
25 89
155 87
61 171
89 53
158 7
15 24
129 128
8 144
76 36
182 195
132 154
120 25
97 54
35 183
85 139
92 61
179 46
147 39
168 35
91 125
194 57
101 74
136 108
18 11
95 151
5 27
105 124
51 153
130 37
135 166
175 178
26 106
175 124
144 143
110 187
19 103
43 119
129 179
179 146
141 73
48 146
99 152
21 101
56 150
137 190
115 64
119 92
169 94
167 64
36 77
2 6
131 197
125 59
127 103
156 67
127 4
12 26
107 33
78 163
134 15
104 1
78 23
44 198
116 11
13 103
87 15
108 17
11 32
76 137
86 31
155 13
34 167
190 141
151 67
55 84
33 158
36 62
180 80
59 95
90 72
149 128
38 57
144 200
40 171
88 78
154 42
90 187
8 31
79 110
97 133
146 82
91 181
143 22
60 2
69 101
25 17
28 14
25 124
13 17
94 100
94 47
141 135
186 101
165 16
10 13
149 155
94 191
88 37
12 147
190 80
200 166
49 27
179 73
150 191
89 196
42 134
42 182
68 179
82 184
195 44
197 95
150 42
85 37
30 48
136 19
80 135
136 80
113 114
152 15
56 193
10 97
78 3
31 98
182 112
81 176
107 29
70 57
71 106
45 100
105 180
71 136
66 158
15 131
24 119
145 79
63 106
128 140
60 158
37 41
21 70
168 128
98 189
136 120
94 132
172 151
112 194
86 129
151 53
59 174
171 155
5 185
12 132
124 72
41 113
112 61
182 32
140 79
20 27
151 66
159 122
16 22
115 53
150 65
105 161
191 27
67 195
11 79
126 87
150 118
199 61
178 180
44 70
10 64
96 160
129 54
33 96
75 147
148 177
164 5
89 154
31 155
100 194
33 177
80 182
94 78
195 71
9 38
140 18
53 188
130 133
41 162
28 68
61 128
196 176
84 36
129 66
190 180
59 175
156 138
156 1
167 102
71 175
92 163
145 144
102 26
77 94
187 56
161 199
135 108
174 18
143 54
84 85
33 94
59 140
184 166
140 150
68 163
125 159
77 21
54 178
46 130
71 184
138 184
183 72
91 156
42 186
10 77
22 194
170 80
134 153
45 73
55 64
187 179
174 63
151 28
40 196
109 111
179 46
46 113
70 88
69 111
73 30
187 94
175 108
125 108
13 122
133 67
185 119
197 111
182 147
138 173
142 46
35 72
44 80
185 113
168 5
175 192
34 113
38 8
20 162
68 32
35 152
98 172
70 94
82 3
192 171
128 133
16 162
157 11
42 141
75 161
145 49
152 130
161 189
89 133
103 156
116 137
107 14
108 129
59 141
83 51
111 10
135 79
172 91
89 165
183 164
125 79
12 28
8 125
17 97
57 71
4 172
7 111
137 67
191 148
7 73
150 118
83 84
196 6
127 84
122 109
199 46
188 11
25 147
87 41
43 95
111 199
66 70
61 155
136 51
102 142
75 51
59 109
86 6
66 164
90 187
73 88
184 12
50 9
110 88
1 105
182 112
103 48
133 163
154 68
165 55
161 39
57 172
100 94
177 165
58 18
152 82
106 135
45 107
95 154
195 96
58 176
159 112
175 91
26 128
110 190
134 70
181 142
41 80
36 170
44 45
187 147
126 44
34 170
151 128
75 97
175 133
24 133
196 199
175 22
78 84
11 164
106 143
105 146
22 92
115 18
136 54
116 13
97 149
182 47
29 9
95 3
93 119
136 88
117 110
109 146
146 72
109 51
14 166
148 188
57 15
5 145
68 72
157 164
21 91
163 49
99 57
3 191
175 138
30 43
200 139
189 97
162 49
147 175
14 46
114 23
60 70
119 79
142 27
195 162
69 157
162 167
165 164
109 140
54 91
134 53
29 122
101 142
123 47
68 136
44 182
110 104
51 28
134 192
55 128
105 75
84 66
194 49
182 102
140 35
144 73
39 124
147 139
65 69
137 133
156 180
114 66
35 116
45 169
108 51
96 164
126 132
182 119
132 163
172 23
149 116
47 139
39 193
29 104
13 165
188 169
96 53
186 83
168 30
51 27
81 98
191 158
181 124
76 112
86 47
86 186
114 133
124 153
77 152
8 90
68 195
10 115
47 195
197 166
176 199
193 56
49 135
165 29
58 40
93 95
39 178
80 104
62 155
56 139
58 15
28 77
161 189
191 159
183 140
125 158
90 69
166 138
3 130
167 12
122 11
106 112
188 137
15 50
91 23
188 100
37 167
176 150
155 118
108 89
9 184
198 99
52 115
36 6
45 154
169 118
164 74
29 104
162 43
153 52
65 92
151 54
10 78
3 116
196 62
4 46
153 54
49 68
90 7
64 195
175 181
111 1
161 14
162 155
118 14
20 9
116 25
18 194
27 85
141 88
88 96
85 192
150 134
59 191
140 122
185 66
54 95
66 14
60 28
169 177
193 140
185 60
164 154
5 142
38 145
181 77
41 66
21 190
151 79
180 42
153 116
107 158
163 173
124 22
152 44
199 144
183 135
3 98
41 160
191 30
104 123
59 96
188 79
37 90
109 168
131 61
84 38
171 46
10 94
19 161
137 17
56 71
152 10
120 144
169 62
173 73
184 31
120 172
109 157
61 18
76 144
30 159
181 200
156 190
45 175
102 133
143 109
155 46
118 74
189 87
87 162
111 71
192 30
194 53
138 6
70 14
149 51
124 129
3 32
70 199
6 123
132 100
31 86
146 149
112 134
35 198
95 97
20 39
78 13
91 16
171 112
181 119
162 104
200 116
135 69
115 92
192 46
192 174
83 89
122 146
22 108
96 69
4 115
107 82
80 149
49 50
60 181
168 173
84 167
89 171
188 3
14 131
200 157
104 34
45 178
180 67
37 27
87 193
141 193
26 172
141 74
21 152
54 141
124 89
59 12
11 46
166 177
176 117
133 32
151 130
161 82
148 197
108 34
189 200
26 14
172 118
39 144
69 44
84 192
85 143
156 95
140 73
23 68
142 156
99 44
37 59
125 184
7 184
17 148
135 42
161 106
111 152
2 179
147 85
122 31
179 77
78 119
102 100
186 43
7 36
86 43
46 162
26 52
145 194
199 79
35 112
137 97
15 90
75 161
174 149
144 105
177 21
175 78
120 160
72 79
147 157
121 192
118 99
43 14
92 194
45 79
57 133
175 71
22 2
183 147
150 126
51 78
146 25
156 18
136 27
96 82
136 168
25 5
18 68
19 110
13 15
140 21
147 66
91 120
67 25
66 168
151 69
46 48
45 153
65 133
131 112
14 66
32 191
23 49
10 41
110 22
7 1
42 105
67 84
24 85
108 41
53 10
109 50
58 106
154 74
38 84
138 3
102 169
193 76
169 2
116 31
175 74
31 168
178 97
51 1
182 111
41 186
120 102
187 129
159 140
3 148
175 140
102 28
60 95
103 28
48 170
10 175
43 41
142 20
89 145
172 70
7 165
7 78
66 193
7 176
84 9
123 11
100 24
38 159
70 93
138 118
14 148
44 57
140 137
28 33
152 50
39 116
56 117
181 1
75 156
84 83
30 94
134 53
84 92
123 128
181 192
141 80
35 149
19 123
129 199
156 80
200 146
195 55
62 127
7 136
34 91
170 63
136 103
115 171
146 189
50 79
180 191
158 166
91 129
89 19
79 196
98 78
141 44
132 155
170 139
42 155
181 12
169 68
66 84
191 164
24 40
42 4
30 199
121 73
79 161
91 157
156 141
34 49
184 118
3 106
8 196
12 188
7 181
7 25
16 197
188 39
189 181
194 170
179 115
42 10
27 133
166 135
25 200
183 160
117 137
65 124
132 29
63 91
9 21
67 24
170 54
14 158
34 8
127 164
74 169
173 52
53 91
186 77
90 120
188 158
56 5
33 140
33 47
30 41
67 96
16 36
101 181
145 86
188 72
1 13
192 174
65 196
64 50
24 105
170 11
62 177
15 46
116 47
92 97
39 158
144 6
146 44
187 42
81 126
65 82
91 56
55 155
3 70
156 26
126 77
37 139
6 51
184 73
50 75
170 40
184 113
46 81
109 184
123 141
109 187
22 151
195 28
57 197
49 13
23 174
41 11
112 46
13 95
119 62
169 40
102 105
104 99
185 164
82 59
105 142
198 126
45 192
154 101
188 2
113 162
176 106
172 39
151 185
134 21
198 54
60 51
110 116
101 95
79 182
105 183
76 102
109 120
93 14
20 33
167 85
146 94
142 70
133 92
6 66
65 3
71 76
6 181
191 106
27 70
40 131
4 67
185 112
186 29
77 157
13 44
193 159
137 134
28 69
178 185
86 194
139 109
69 144
89 12
50 67
33 41
149 36
107 133
100 44
162 176
152 174
171 145
84 108
30 63
128 159
47 14
152 186
74 173
129 162
136 130
180 168
170 128
155 28
61 6
71 174
134 23
99 104
119 135
11 148
197 91
59 196
56 10
181 129
182 61
42 117
143 21
36 64
148 143
92 160
148 162
133 81
136 184
185 54
118 147
154 114
37 12
109 44
173 41
172 107
54 165
175 196
185 11
59 85
153 150
44 100
64 129
133 151
112 117
157 181
15 110
46 4
73 107
47 45
147 171
151 200
135 126
147 120
88 6
156 192
107 199
43 122
127 175
73 190
43 181
122 58
90 168
61 114
74 59
110 172
29 13
124 164
90 70
35 177
27 190
168 86
140 10
159 19
137 183
160 179
163 82
36 52
49 48
117 74
107 27
45 135
39 168
50 80
190 36
56 168
177 175
53 117
136 164
87 72
146 46
51 109
127 38
112 127
86 29
200 192
7 45
78 197
164 80
76 105
67 83
73 196
57 77
64 192
40 150
16 186
195 18
94 74
55 157
200 92
185 200
83 143
44 113
139 159
144 14
64 10
96 88
5 104
164 68
48 4
169 15
141 164
32 34
189 38
190 188
130 127
187 164
21 182
28 160
141 171
125 156
133 173
43 89
28 6
109 75
161 77
89 101
192 120
86 180
110 28
168 39
154 2
174 88
30 85
180 152
162 135
84 134
177 173
161 134
33 188
95 109
76 147
101 148
33 32
57 60
199 47
165 105
48 90
192 29
127 171
181 88
57 16
21 185
140 133
118 172
120 164
81 148
63 133
47 95
164 55
106 115
101 70
19 100
111 162
81 37
84 61
124 140
28 96
124 168
181 193
91 100
157 123
199 19
7 197
65 171
51 170
37 151
191 7
3 53
168 83
90 3
95 165
94 122
61 17
41 9
132 92
117 6
43 87
13 39
103 135
90 24
171 192
166 177
194 19
96 28
60 50
122 24
143 196
36 111
36 28
119 120
188 77
114 26
89 152
81 23
193 104
145 137
22 73
130 40
120 158
99 169
31 74
111 26
110 21
14 137
91 84
8 30
160 73
8 200
25 88
174 169
143 118
105 164
190 187
155 109
96 5
29 126
79 91
104 140
63 69
28 106
104 188
87 64
60 94
15 36
133 189
5 76
58 61
191 48
47 146
108 94
150 89
172 180
179 75
119 194
95 99
99 198
86 185
13 145
31 28
133 163
16 89
190 73
149 181
72 148
78 132
41 27
172 12
7 150
38 77
95 132
127 193
130 12
130 142
109 160
121 41
122 136
81 64
161 29
44 184
176 121
67 169
99 38
132 57
140 170
134 34
53 12
27 182
24 108
76 84
67 196
76 140
84 156
3 196
184 46
179 112
118 198
32 17
35 163
25 174
84 110
160 137
122 138
118 145
45 145
180 111
141 55
50 24
10 5
19 145
2 149
8 120
146 191
88 133
154 64
58 189
174 17
125 95
154 195
191 150
139 170
60 79
176 62
54 185
18 24
81 19
173 41
90 70
31 129
2 136
193 60
125 166
28 49
60 182
195 50
83 134
171 143
12 146
156 18
82 173
41 114
143 13
154 33
35 137
161 36
24 153
47 100
118 75
101 129
8 95
130 90
28 100
184 192
197 91
9 78
15 49
144 158
14 49
190 48
185 150
35 161
55 82
60 124
156 160
53 115
55 182
4 34
82 188
25 30
78 185
108 45
186 51
2 151
99 191
198 36
92 184
196 98
65 7
22 172
167 74
86 173
55 42
158 88
29 183
118 58
119 177
102 104
179 55
54 29
197 3
64 89
187 11
138 3
170 159
175 88
184 12
60 39
53 17
78 33
151 147
43 70
123 96
125 53
151 179
82 147
133 97
187 119
60 125
122 29
35 48
116 19
59 127
9 64
95 86
96 198
33 138
19 107
34 143
160 136
73 193
34 6
89 21
76 100
97 197
128 131
196 195
149 7
73 157
70 120
195 165
117 179
55 135
37 40
29 148
175 102
140 8
59 181
180 134
80 76
83 160
159 30
106 59
36 179
168 105
98 162
22 14
140 76
100 128
115 80
76 41
181 15
200 191
147 180
77 27
7 159
138 165
188 43
176 24
21 143
80 70
104 101
35 195
176 134
122 42
14 197
34 146
164 34
89 110
165 88
171 123
25 88
62 68
63 37
40 5
117 110
60 169
144 6
145 30
127 138
195 76
172 92
39 157
180 100
121 144
188 43
18 12
82 32
31 96
20 23
52 136
132 111
57 27
116 153
56 195
90 2
70 13
94 60
169 73
159 89
169 146
84 138
110 165
121 140
61 141
162 112
28 45
23 84
72 90
36 79
84 78
81 105
90 126
164 59
150 123
99 70
68 182
8 177
147 128
69 159
20 30
70 48
27 44
131 50
134 119
128 169
196 160
74 85
37 95
187 159
194 56
179 127
15 155
25 95
23 183
114 5
53 161
31 96
44 32
181 162
159 150
157 71
23 193
107 11
88 93
122 33
101 100
111 115
6 136
9 29
118 123
185 170
35 167
18 78
198 191
108 99
99 178
121 92
37 84
131 81
5 163
181 56
73 48
61 160
8 41
78 130
25 199
117 143
16 146
140 166
137 200
64 35
129 137
78 165
20 8
198 176
122 130
31 147
177 91
106 137
132 135
66 108
134 3
101 80
94 66
16 93
82 2
22 170
80 138
189 87
87 116
9 17
98 107
145 188
12 81
71 147
99 131
32 133
132 63
178 150
30 71
183 32
44 152
111 133
92 149
20 7
109 188
104 15
132 43
27 165
66 125
63 196
156 46
80 39
61 57
140 90
79 122
121 122
73 31
7 164
132 26
122 40
13 25
55 96
20 33
60 85
157 74
32 64
72 63
54 132
71 194
21 150
67 142
23 140
124 29
55 6
177 95
18 153
149 66
172 181
125 8
89 199
191 104
70 53
157 153
76 102
173 25
169 114
199 108
190 180
114 44
185 90
90 155
195 190
20 118
170 96
126 10
46 68
65 67
121 22
19 148
123 192
124 43
57 122
150 46
53 16
90 38
105 131
144 51
121 115
169 42
10 94
52 56
161 116
122 33
89 141
180 164
132 103
6 188
177 108
186 29
123 75
18 179
5 161
30 77
75 198
119 37
43 122
92 155
37 165
140 78
105 71
41 188
126 198
128 54
105 113
82 179
139 52
158 95
164 139
172 191
88 90
27 82
11 118
36 199
82 127
28 139
198 20
126 75
18 5
128 74
117 161
53 55
12 162
102 176
100 73
118 187
114 144
68 124
13 55
74 46
134 54
184 131
73 62
157 90
18 84
164 135
44 16
141 8
129 42
135 28
114 52
166 179
147 185
102 159
191 128
156 124
181 92
6 53
153 162
95 170
197 10
56 193
25 197
152 105
190 86
132 56
89 49
34 187
185 88
145 175
167 52
51 147
143 56
151 47
170 197
17 166
6 24
110 182
172 61
86 162
146 169
17 186
169 2
172 153
89 68
80 55
120 130
153 62
137 56
109 106
52 77
24 10
52 133
191 24
194 29
137 91
197 105
29 118
106 200
70 147
20 149
1 139
30 106
152 167
161 12
24 164
40 47
125 92
132 68
67 125
96 3
167 44
107 195
161 164
147 183
110 166
83 63
56 113
120 7
31 80
171 54
195 10
53 72
101 184
139 119
60 34
121 178
77 179
173 190
143 71
172 4
36 54
18 91
118 137
97 148
168 67
154 115
29 158
186 81
93 124
200 152
157 120
81 185
51 53
126 145
123 97
100 110
103 118
200 20
54 49
120 22
67 25
136 95
182 121
128 74
44 127
177 152
198 57
88 48
62 14
144 136
62 44
46 164
161 197
136 166
45 7
187 64
31 74
110 164
146 37
37 141
115 13
92 113
21 132
112 82
97 8
18 158
51 15
74 163
11 9
128 8
167 67
71 197
92 180
160 38
169 148
178 83
112 22
147 132
105 11
14 1
18 183
158 68
197 31
182 7
191 109
14 109
127 36
105 19
168 16
8 136
163 137
170 26
158 69
158 14
79 123
14 96
57 124
163 53
106 96
11 97
156 177
5 83
12 62
53 131
29 60
66 144
148 188
169 58
56 126
71 134
200 85
181 56
160 95
60 65
190 71
113 145
199 70
27 10
131 31
141 111
42 158
54 190
97 23
47 104
100 117
189 52
153 169
107 112
63 119
177 52
189 89
197 139
158 175
100 40
158 192
151 199
150 156
188 198
130 34
102 182
103 42
33 55
11 91
119 73
9 95
77 149
135 25
87 45
151 187
84 108
130 186
107 31
142 46
29 23
32 82
4 134
123 36
140 133
79 58
158 39
104 186
188 39
10 26
83 160
164 118
20 94
104 126
124 197
123 152
19 154
185 23
39 108
10 179
192 40
188 101
79 92
86 66
130 95
43 164
7 81
26 52
184 103
175 132
177 79
151 131
15 125
169 122
86 99
66 78
87 166
156 130
52 173
11 98
15 174
104 173
54 81
176 190
135 151
121 112
181 23
194 195
99 162
69 137
13 134
14 51
51 169
180 102
93 190
200 107
163 55
32 168
88 7
157 22
109 30
133 41
4 126
36 103
40 56
39 4
141 52
54 191
172 185
93 64
126 44
122 40
98 153
7 137
112 116
159 172
97 43
13 100
121 200
2 160
55 40
115 195
43 120
137 14
104 29
77 29
24 151
68 74
55 26
10 166
93 168
138 189
11 102
89 131
101 90
42 107
82 108
53 124
27 189
90 130
170 166
110 193
68 129
66 123
106 76
88 199
195 177
187 157
30 75
39 130
165 32
188 46
139 40
121 165
29 10
46 198
128 107
190 195
35 8
117 141
35 157
91 181
85 77
138 115
152 128
196 68
160 184
65 50
23 185
15 3
147 12
200 74
119 142
20 105
101 137
197 135
45 87
115 81
164 4
195 67
132 143
134 43
78 198
92 52
134 58
55 80
70 6
105 140
147 125
44 47
13 193
133 57
79 48
137 194
51 84
60 134
178 145
176 55
94 68
106 28
125 160
59 146
166 164
85 64
88 129
63 100
121 195
108 151
42 196
145 45
79 156
178 56
101 154
110 146
21 168
125 97
127 184
43 44
99 127
108 138
7 170
189 79
164 96
30 158
43 126
154 122
33 131
129 133
36 191
31 8
158 155
57 36
90 99
80 188
177 187
77 136
108 65
14 23
112 195
180 155
72 85
28 105
168 108
189 3
50 19
163 7
174 19
43 63
69 122
3 45
60 31
180 167
96 146
189 159
92 121
65 164
5 44
68 124
104 8
79 153
27 41
160 152
11 154
166 79
27 120
75 86
151 55
4 198
152 144
156 43
16 173
158 21
16 177
96 119
185 174
24 11
14 183
114 24
88 79
54 114
199 129
151 149
135 154
98 86
97 53
80 113
177 38
85 145
14 132
15 198
106 38
160 71
172 73
95 59
152 100
172 102
28 122
2 114
27 99
199 76
103 79
140 80
116 176
176 81
107 190
79 12
28 38
83 199
63 129
10 166
28 181
67 8
55 20
121 81
118 72
156 172
102 47
3 169
22 178
49 129
120 127
92 147
117 174
97 179
54 106
144 34
39 10
41 93
181 113
125 50
136 33
21 37
79 24
5 101
153 54
181 72
180 72
170 48
46 67
26 51
124 169
84 114
130 124
158 110
189 83
159 124
67 180
161 145
155 117
197 107
170 177
131 102
1 100
149 198
166 175
48 42
95 132
107 25
7 65
86 195
99 197
71 165
128 31
109 82
147 58
140 69
34 70
170 34
170 70
31 87
196 79
80 91
162 187
67 168
51 152
115 149
148 185
65 27
167 173
108 65
30 200
133 16
21 54
1 190
124 184
29 119
14 108
161 175
46 27
94 48
131 8
196 30
192 12
57 110
185 116
175 166
67 59
133 88
113 86
77 188
69 57
58 82
117 171
8 162
197 101
10 79
109 157
61 52
169 69
162 105
184 88
22 51
146 155
138 10
40 166
149 60
175 159
141 91
129 100
52 77
200 61
156 60
170 168
112 138
36 25
194 171
64 15
173 9
121 62
171 112
28 71
171 2
29 63
44 157
162 95
186 162
108 93
21 77
60 84
166 47
108 159
17 123
125 190
132 46
51 54
157 30
76 128
183 105
190 26
13 104
73 198
65 180
90 37
8 101
121 125
147 180
35 164
103 159
105 186
4 155
191 113
137 66
192 119
122 133
97 87
36 169
36 52
148 126
89 107
178 161
31 125
92 65
40 146
23 144
83 179
50 25
43 186
43 34
105 164
166 153
50 154
121 38
5 68
163 45
126 92
157 156
16 49
20 55
146 194
198 29
124 48
53 166
185 47
199 41
11 117
193 12
22 113
49 26
132 163
23 57
55 179
164 22
27 135
77 125
129 26
153 4
25 157
170 162
4 120
2 166
188 195
129 9
107 130
187 39
44 9
47 98
187 11
72 166
145 100
42 25
125 146
29 102
54 198
63 9
69 16
174 57
10 55
17 69
184 3
59 27
163 105
77 102
67 148
19 12
199 60
188 123
5 16
176 58
165 190
67 34
6 192
90 167
46 58
35 181
61 93
160 23
198 188
124 64
87 142
27 85
153 15
7 157
182 135
15 147
76 33
180 81
24 21
48 22
78 34
2 90
127 113
65 76
100 188
139 186
82 118
70 34
84 29
143 65
115 109
11 190
141 142
23 116
114 22
137 144
55 91
33 181
155 97
56 55
37 147
192 70
16 62
103 99
42 197
115 156
105 78
97 45
171 119
161 85
92 49
180 147
139 12
79 94
61 87
100 97
33 91
166 200
104 20
50 145
17 164
52 121
193 149
118 164
19 30
200 111
78 179
57 169
142 87
14 2
173 113
50 157
155 167
156 59
187 5
155 121
7 27
65 155
144 28
173 179
83 3
157 91
171 99
130 184
52 102
48 102
59 2
68 166
12 6
123 167
112 195
173 139
59 79
34 87
51 159
65 86
161 174
128 131
24 57
66 75
111 113
176 169
66 44
86 78
1 8
196 113
2 120
51 61
198 36
99 200
194 115
37 154
88 117
36 111
173 101
186 83
165 113
3 31
108 89
60 109
48 7
173 2
126 23
62 75
58 112
74 4
26 63
157 114
179 193
176 103
45 113
186 10
26 140
192 133
180 3
193 28
9 165
29 86
139 42
160 149
153 185
152 178
47 60
43 177
52 171
80 97
83 65
58 60
156 49
145 136
51 137
115 11
54 143
96 144
136 55
92 88
191 195
17 38
55 12
14 58
182 45
154 16
61 163
76 17
11 20
152 13
108 66
23 113
160 70
57 95
76 148
134 67
95 150
56 149
161 21
6 94
66 112
110 126
74 137
142 37
156 45
49 15
62 24
80 21
93 136
67 169
35 200
187 129
102 42
77 14
62 83
108 79
146 169
5 19
105 98
7 12
143 8
178 4
31 57
177 75
192 43
195 27
195 181
107 48
174 184
61 188
18 120
66 115
88 70
85 144
168 92
155 62
99 133
65 81
189 193
107 133
188 102
159 134
34 17
181 160
152 193
147 121
113 12
35 152
34 120
96 1
11 50
62 61
182 78
141 123
23 47
55 10
100 165
143 86
181 75
45 133
67 191
53 179
154 88
131 187
159 26
187 121
27 200
181 161
30 73
83 4
71 137
13 171
53 107
56 33
133 52
117 199
42 170
130 195
9 12
182 119
189 120
39 15
72 19
175 53
43 9
56 113
97 20
83 149
78 90
182 162
141 98
160 134
19 41
129 179
52 62
97 192
133 135
159 156
105 85
8 99
94 15
12 190
186 46
91 63
88 72
24 28
121 136
162 92
176 42
70 180
55 119
123 139
5 81
95 110
166 54
160 11
69 171
200 54
169 90
69 56
113 92
83 186
179 196
77 107
189 98
38 195
16 160
134 21
41 28
82 158
81 41
168 101
164 119
155 132
9 23
187 73
66 69
58 45
17 86
103 157
184 140
152 199
99 85
171 91
64 52
48 96
93 15
197 56
134 103
187 94
125 118
142 193
128 138
161 13
40 118
148 179
21 99
30 57
69 72
72 121
120 167
165 86
115 172
171 17
110 16
93 34
86 35
178 13
124 91
177 164
160 125
94 180
23 75
188 43
147 59
115 18
177 31
103 92
2 26
108 63
193 153
48 78
187 178
90 62
68 19
177 27
143 71
158 117
97 145
159 43
155 26
60 131
56 115
22 10
92 82
72 84
34 72
162 172
49 3
33 116
21 10
94 115
32 51
183 128
147 94
171 101
119 182
183 174
48 5
135 139
38 7
23 71
78 136
194 78
90 26
193 63
187 38
177 18
40 112
98 186
5 20
38 75
1 20
200 49
176 135
139 13
141 161
35 170
48 28
47 138
6 191
200 144
28 128
114 67
39 11
4 195
30 193
69 182
12 69
182 140
3 121
104 95
33 91
16 81
118 62
18 75
4 17
19 31
96 132
49 135
142 4
129 123
196 150
56 159
18 38
98 172
158 154
18 190
44 33
70 113
46 39
188 49
7 6
31 103
89 79
189 182
82 69
104 29
18 159
187 148
37 110
57 190
127 199
33 159
20 145
4 59
84 52
17 89
82 119
129 112
59 110
145 128
165 173
97 76
112 84
23 148
193 80
137 72
78 121
30 49
65 34
107 149
37 124
189 71
194 118
134 53
179 31
180 144
3 28
19 66
63 41
13 8
72 149
79 101
69 108
150 86
93 8
186 82
83 174
152 77
43 37
129 22
67 60
165 22
39 135
87 102
175 100
109 199
200 187
51 21
94 152
58 139
160 43
20 42
168 123
70 11
159 150
184 178
9 148
199 200
82 37
101 8
88 9
158 88
195 161
60 40
112 117
178 23
159 149
17 126
71 86
88 182
36 71
159 196
170 109
195 3
97 47
11 185
55 120
24 49
80 83
41 192
199 170
166 109
119 182
186 141
20 74
74 7
96 184
154 66
44 101
68 141
147 30
125 2
150 148
2 181
182 42
124 180
164 90
40 34
23 25
174 42
50 200
200 98
183 154
163 27
54 182
167 200
12 43
153 113
190 155
45 171
148 169
102 63
10 93
96 32
69 22
26 119
21 25
16 3
130 181
135 111
99 87
74 141
39 138
82 145
183 4
45 151
57 107
160 149
3 143
18 24
168 88
44 145
55 198
26 184
131 161
46 29
47 72
122 85
9 3
182 143
159 26
45 15
132 156
164 86
99 133
61 18
20 56
114 74
54 140
9 136
100 6
164 146
77 37
182 38
40 163
132 198
188 177
12 72
132 127
157 182
59 18
200 30
73 113
55 78
52 63
13 103
21 129
48 97
165 182
86 156
144 18
105 84
146 69
155 77
195 63
11 6
32 10
35 57
74 42
86 126
104 51
180 124
131 28
173 47
9 10
3 104
27 59
139 172
127 45
1 74
108 11
31 91
172 65
99 45
58 185
122 162
187 102
37 117
81 161
163 41
171 165
96 149
176 35
73 102
79 25
127 138
187 157
29 158
174 79
154 31
63 28
192 49
81 181
117 161
93 80
153 63
196 48
12 171
82 36
25 161
60 151
98 46
108 78
155 81
157 108
111 171
135 55
172 15
187 88
127 79
119 79
94 115
127 105
37 160
92 61
120 151
164 170
196 71
199 150
103 155
9 165
126 144
171 49
110 109
136 37
140 55
67 33
121 145
89 109
105 180
170 176
130 85
97 77
107 96
26 161
50 34
125 127
129 48
175 191
108 63
179 47
69 45
79 141
142 167
49 46
146 170
173 75
54 70
103 160
165 128
120 166
114 197
93 194
196 19
136 103
81 114
150 101
111 28
41 52
147 90
49 92
59 173
119 65
42 21
176 6
101 48
124 166
196 16
159 191
34 95
45 67
160 194
167 70
174 160
73 120
49 73
163 59
46 81
75 87
54 51
45 154
98 168
119 93
135 29
35 120
75 79
186 35
25 105
56 150
64 129
21 64
153 135
122 198
168 197
37 21
199 33
126 48
200 196
92 86
24 126
5 99
156 143
85 132
47 140
33 62
20 53
125 173
188 198
122 155
146 158
127 144
142 52
191 141
47 82
178 22
159 183
72 115
77 156
198 75
48 31
136 19
35 12
143 22
161 65
128 107
174 6
2 116
57 193
8 55
26 186
77 185
120 148
51 148
56 200
22 103
30 109
73 65
72 16
38 32
80 118
138 5
123 140
72 180
84 80
186 109
17 62
45 88
162 47
35 169
47 8
23 76
116 95
92 187
110 82
170 141
199 108
98 121
199 169
52 82
200 38
142 168
51 139
55 164
185 41
84 31
200 106
59 115
1 102
53 62
183 23
155 133
82 52
54 80
172 57
113 172
46 54
91 49
192 98
164 177
138 48
159 138
153 169
4 105
71 9
119 5
183 73
138 64
76 143
143 47
199 7
170 197
60 61
45 4
110 8
132 47
7 42
136 112
11 92
16 33
100 86
37 82
110 174
97 185
116 191
184 67
197 105
63 8
117 59
163 26
18 94
25 136
112 136
98 3
103 130
54 141
118 87
50 92
183 187
159 125
122 177
121 26
191 81
95 49
43 120
67 137
96 43
24 8
130 73
162 32
154 16
172 71
54 174
162 189
160 73
113 81
1 186
58 192
66 152
40 60
24 58
196 119
52 171
78 181
195 40
165 148
7 88
19 12
61 132
200 172
156 65
4 157
2 62
148 67
165 139
126 140
149 74
11 200
196 88
133 191
79 97
138 37
184 108
49 197
40 200
168 195
64 172
103 65
185 50
83 101
189 161
41 137
186 51
88 181
90 20
123 169
116 13
157 52
120 5
200 111
157 167
58 20
90 160
37 26
10 71
127 150
31 119
38 16
121 125
149 162
97 71
130 164
35 39
15 155
43 14
17 151
133 74
123 174
186 159
200 195
181 78
96 164
148 133
131 68
9 79
29 105
102 111
69 136
149 35
42 143
1 59
94 133
84 16
58 69
126 57
15 106
86 62
21 33
146 152
100 155
30 81
11 83
191 31
19 91
18 12
185 18
22 30
102 58
45 159
126 122
168 93
180 53
154 200
86 100
151 137
6 133
169 168
15 111
199 185
1 168
197 138
185 170
167 38
27 164
148 153
85 115
197 64
120 102
16 157
1 118
45 158
50 14
126 17
124 76
1 77
43 149
14 179
119 180
16 145
95 115
49 180
182 197
195 101
99 10
9 51
80 53
9 129
66 86
97 142
161 98
170 3
198 183
133 68
114 100
13 9
14 13
140 195
10 134
47 108
96 55
158 175
60 118
55 77
3 152
18 163
1 187
117 150
121 49
18 187
100 182
195 114
194 86
60 155
19 107
14 66
113 124
192 172
41 199
49 196
102 18
158 54
5 27
3 77
27 172
63 127
153 9
192 99
94 51
53 65
109 19
130 174
142 74
145 134
72 145
129 173
163 39
178 119
65 180
195 91
152 58
169 56
66 160
154 112
163 159
176 23
177 105
196 70
130 93
3 1
37 84
125 151
122 54
69 186
34 16
28 137
73 149
144 90
108 98
1 22
8 128
45 136
185 192
5 114
84 159
67 73
42 143
23 163
197 92
100 182
107 80
118 131
28 61
172 87
110 125
61 117
52 105
52 36
48 8
102 132
119 168
4 160
110 26
75 106
69 126
39 175
5 108
57 184
121 29
71 30
105 131
99 108
187 102
144 34
62 45
117 180
164 120
91 73
98 117
131 118
43 121
45 199
29 101
183 149
81 5
178 137
135 28
45 73
130 188
58 143
184 175
122 99
46 12
123 95
129 5
13 123
126 57
121 154
109 103
102 190
59 31
126 145
59 170
17 140
109 27
82 44
1 155
94 198
166 17
45 46
21 57
168 146
65 89
99 173
143 152
114 2
183 192
146 193
113 115
132 174
141 165
17 93
119 111
42 84
79 86
82 99
142 49
197 158
89 95
131 184
199 196
137 181
187 34
173 100
148 56
73 40
20 41
132 138
103 174
173 181
59 54
32 153
55 28
62 95
74 144
78 72
140 166
52 78
200 176
177 147
31 1
139 2
194 70
139 96
195 112
29 6
117 60
110 171
87 171
66 160
115 95
32 6
61 35
83 60
11 12
158 193
12 96
195 5
118 85
53 112
148 81
69 65
140 178
187 26
101 4
185 167
99 168
172 159
3 6
170 165
17 127
109 181
175 55
137 92
140 189
155 39
69 176
103 160
153 42
185 5
45 122
171 143
89 94
53 43
100 22
7 116
101 116
48 27
122 185
70 61
173 176
52 194
151 106
153 104
147 90
60 192
163 31
86 3
124 139
46 175
112 4
43 164
71 90
142 193
74 11
5 199
187 56
192 89
162 96
144 108
137 4
51 34
137 54
109 27
51 84
90 54
126 54
77 15
195 69
41 158
25 39
96 81
182 184
194 29
80 53
118 83
104 168
116 192
173 176
170 23
59 29
136 64
105 103
59 125
143 168
149 133
15 181
66 150
174 46
29 27
163 111
82 83
178 25
55 154
194 78
164 52
58 100
116 162
154 126
86 48
45 186
180 59
167 197
8 140
42 37
118 157
99 151
39 77
175 93
182 120
122 145
124 131
196 191
92 101
116 129
148 112
115 79
122 81
75 129
172 69
117 90
25 168
192 63
44 167
107 25
38 181
121 161
111 69
151 155
169 18
35 117
129 149
195 50
181 22
131 105
42 199
146 66
166 137
80 161
55 138
137 93
70 58
53 133
78 156
87 46
173 73
162 54
22 109
55 154
82 137
58 123
88 3
140 53
140 19
166 146
108 102
38 178
111 43
110 188
198 148
34 122
20 147
175 193
7 182
99 40
118 156
162 5
111 101
10 2
71 175
147 179
28 137
108 139
131 17
78 80
116 63
1 135
162 128
128 120
109 178
160 178
133 73
183 195
126 144
196 118
95 126
97 31
33 187
161 1
65 192
116 79
192 51
40 71
130 160
131 107
71 109
191 143
43 186
68 186
133 16
55 179
141 103
161 126
90 121
126 106
64 42
184 56
44 176
78 125
87 9
31 157
117 173
51 111
110 119
96 195
134 102
173 74
4 134
151 45
6 77
150 70
118 86
125 113
61 2
37 99
162 19
55 30
191 105
140 101
175 187
95 108
40 67
134 44
200 84
88 158
112 190
27 29
75 103
93 87
56 129
185 18
147 39
47 138
95 187
190 70
125 36
129 165
54 62
8 6
98 47
163 9
188 189
190 62
91 82
148 146
163 132
115 109
122 162
198 17
100 187
38 24
174 166
188 28
180 147
33 29
146 195
189 133
135 178
147 25
12 94
122 174
178 37
34 99
150 32
67 49
170 56
24 144
174 164
171 105
62 155
133 159
149 121
44 35
51 190
11 14
83 132
187 12
120 20
111 69
3 129
69 173
185 45
68 110
160 38
14 21
144 98
180 44
170 175
78 20
164 88
185 198
19 171
10 91
143 72
111 145
152 132
69 136
176 136
197 135
125 10
107 68
107 38
111 77
12 188
48 175
75 33
125 46
155 134
88 49
157 198
146 108
129 14
196 56
150 192
142 26
2 49
94 60
86 156
88 50
96 88
24 170
72 148
167 26
33 54
75 189
4 20
97 132
185 92
140 86
35 81
112 36
129 157
48 167
112 135
16 7
174 191
129 45
91 47
23 75
53 97
64 56
68 112
139 4
155 78
90 189
111 1
25 191
109 24
157 20
110 124
179 84
67 59
128 109
105 150
183 157
198 46
12 17
109 103
21 63
132 110
52 42
62 28
33 122
51 141
93 160
65 71
195 83
81 123
191 186
24 173
142 174
171 106
190 79
160 162
142 91
71 145
133 84
172 165
157 174
57 50
85 73
72 80
155 153
154 97
138 129
22 31
102 192
88 44
22 47
5 115
90 28
59 22
111 182
138 20
107 194
69 192
67 140
23 173
44 128
70 181
56 91
164 110
34 3
153 55
2 157
122 91
184 180
64 47
114 1
66 20
146 86
163 164
25 185
137 21
64 6
1 120
48 116
29 81
71 181
135 72
89 8
114 73
140 177
119 53
129 136
24 74
21 187
38 197
123 174
17 187
131 170
58 178
37 86
58 107
18 144
178 106
152 91
130 91
19 200
95 147
135 118
173 155
56 162
104 131
87 120
117 17
89 174
146 126
11 155
32 180
50 162
37 1
4 167
43 175
166 89
121 53
159 45
7 166
6 62
96 44
182 164
60 22
137 157
147 99
111 131
78 161
44 115
113 47
33 108
21 150
148 94
2 106
90 161
72 48
22 119
91 3
83 103
25 171
59 123
70 122
53 99
82 48
165 146
95 197
53 67
99 1
112 100
58 2
60 81
1 82
200 91
36 82
193 12
4 135
73 77
139 124
158 187
88 55
33 37
60 99
135 12
163 186
69 116
46 150
116 79
101 158
66 134
103 78
137 106
12 162
182 102
85 91
88 124
97 120
112 156
171 198
167 85
184 188
200 181
89 67
59 189
24 124
