200
103 99
117 54
181 151
102 175
171 76
196 69
26 81
96 93
169 51
27 46
15 142
160 151
27 159
100 137
33 1
190 88
100 106
141 32
56 195
158 179
22 153
47 48
185 94
140 106
97 166
103 63
59 63
13 37
21 113
173 6
113 162
93 164
68 185
148 75
179 105
53 1
10 52
48 146
145 139
51 41
56 154
56 114
16 68
150 188
132 123
145 45
84 189
160 103
174 107
178 152
164 182
152 173
33 151
118 130
41 121
122 96
26 177
161 193
45 111
180 176
185 77
172 20
65 84
123 38
190 52
142 153
185 45
77 18
148 147
99 188
67 20
36 44
197 196
36 193
106 15
120 42
43 44
62 108
127 136
97 68
139 190
173 123
187 49
92 134
147 190
73 165
162 108
8 158
104 43
102 161
10 21
3 52
64 16
111 142
151 160
10 89
149 182
163 135
182 7
20 129
148 93
93 109
200 53
66 103
95 167
64 56
140 18
60 155
33 170
97 183
81 106
23 182
87 137
116 20
143 88
148 91
180 193
199 179
197 17
34 43
135 49
99 74
66 158
29 50
79 77
184 160
182 6
93 20
94 8
39 189
47 139
79 26
83 29
157 79
197 142
121 132
190 19
157 7
128 137
56 159
13 39
70 146
196 162
117 41
121 156
29 168
46 59
145 128
88 101
6 36
42 78
119 183
49 76
189 128
164 196
86 129
186 155
74 133
68 191
174 189
98 2
108 143
13 52
22 100
105 179
87 98
56 6
81 104
33 21
32 196
169 69
124 154
176 150
39 43
140 164
183 189
117 90
83 129
94 104
180 198
82 67
47 89
72 127
193 104
148 176
51 68
44 175
21 19
76 11
62 167
174 196
155 91
38 37
19 131
92 151
80 173
17 126
61 88
5 143
104 180
193 171
176 119
143 194
194 154
7 112
127 155
66 169
192 54
140 74
145 90
153 69
106 30
82 145
34 38
39 137
18 31
107 145
102 2
90 47
155 97
159 33
3 176
2 194
30 93
67 126
182 171
195 39
200 28
135 186
65 173
74 34
155 133
178 56
134 68
55 88
116 13
72 118
188 25
63 169
117 129
95 50
99 41
88 50
68 22
187 132
146 61
166 101
145 143
108 78
162 117
29 126
188 146
114 13
8 34
81 88
128 131
138 168
170 140
35 144
126 119
89 138
84 141
82 178
49 159
92 10
75 120
136 15
66 1
179 25
34 59
65 114
141 154
81 111
93 68
54 19
186 94
156 21
35 38
198 35
148 89
44 23
9 131
189 26
83 167
2 69
177 18
182 118
172 62
28 64
81 33
82 66
78 190
86 112
179 36
146 126
124 142
148 84
24 88
61 107
54 15
175 183
32 108
100 3
121 79
67 2
111 100
67 140
41 105
52 19
92 149
145 167
42 44
51 66
132 111
124 137
77 50
119 109
157 170
111 77
48 129
78 110
181 97
50 21
153 53
192 44
153 136
10 195
131 12
60 62
75 135
151 184
21 59
92 191
122 168
190 2
198 52
182 46
101 155
198 105
146 193
57 33
154 51
163 166
62 177
40 196
79 142
131 99
1 22
41 74
142 183
75 139
34 57
136 86
163 85
190 60
77 46
92 182
97 6
147 110
134 138
106 12
80 188
63 32
10 55
105 151
37 179
41 70
187 128
155 149
12 96
160 40
142 51
21 190
9 120
99 142
57 156
106 88
144 168
119 105
22 175
7 11
154 199
32 92
126 187
193 137
34 152
176 175
155 148
164 163
67 15
56 124
122 161
163 65
128 34
121 102
8 127
112 113
77 143
5 2
81 149
90 115
100 65
41 54
165 157
168 31
171 24
106 92
184 69
109 112
54 181
165 61
108 76
174 184
170 130
138 51
78 27
117 129
44 157
183 8
113 150
190 35
125 96
79 109
116 139
172 169
119 136
29 178
163 154
114 132
35 51
134 64
77 50
193 72
159 127
79 23
28 69
10 153
116 88
13 31
178 184
199 48
119 179
178 33
85 91
164 71
93 98
135 169
99 79
193 57
157 23
80 136
91 89
88 158
128 52
188 57
35 138
104 105
69 81
137 105
123 53
175 15
150 61
136 200
139 128
57 47
150 136
183 193
176 22
150 55
74 90
111 60
27 14
117 47
47 53
151 169
57 126
184 158
138 119
158 29
198 14
75 147
101 9
139 76
31 89
130 56
178 192
67 156
157 183
155 3
188 105
124 44
182 107
2 120
177 159
100 174
172 174
120 24
135 11
99 117
51 180
172 180
123 38
87 79
173 41
34 160
98 157
3 79
15 4
150 191
114 1
116 37
175 187
60 61
197 110
177 199
41 100
178 163
89 65
42 61
57 75
20 154
183 175
33 197
130 134
139 44
135 54
80 61
192 140
121 141
49 139
90 148
69 52
188 85
45 49
141 71
20 95
53 194
127 49
124 12
139 119
98 144
198 158
136 137
30 76
138 30
166 27
129 34
30 117
118 27
117 59
97 136
153 150
82 31
150 157
194 89
75 92
184 72
1 119
161 183
146 98
164 112
76 93
97 105
9 167
83 77
177 180
12 81
81 45
63 30
1 56
70 27
99 6
51 52
124 11
186 22
60 149
85 87
41 181
143 1
99 26
77 27
5 41
107 85
85 169
66 38
177 88
16 27
93 66
78 168
28 15
189 39
164 73
125 156
6 68
157 104
93 185
131 49
25 189
133 62
158 150
51 86
189 66
112 81
84 142
49 63
108 37
102 71
62 178
27 67
197 135
170 89
119 52
137 96
41 21
109 150
123 159
35 111
176 98
192 11
191 192
74 99
180 127
121 41
56 99
107 53
33 29
93 104
80 30
151 72
2 59
21 124
17 7
35 144
57 178
155 199
121 180
49 100
106 170
141 113
68 199
165 53
179 58
108 11
39 58
82 40
116 55
116 84
13 102
27 69
31 133
20 151
112 68
50 169
189 142
82 9
93 46
13 71
55 120
81 93
129 115
85 44
121 152
79 133
53 105
154 35
190 173
185 101
192 34
70 181
128 103
189 172
148 1
42 155
72 75
47 200
141 83
195 61
34 73
145 38
129 98
72 118
22 56
19 14
42 40
146 121
142 134
92 41
86 85
195 157
159 194
108 51
76 102
63 62
174 8
99 102
57 171
20 79
178 190
44 171
29 189
91 170
122 134
162 159
19 157
67 129
150 174
180 25
27 42
38 200
1 137
53 58
59 24
136 188
165 179
159 193
167 49
114 40
183 76
150 153
184 16
81 133
141 60
109 167
54 147
118 54
35 122
111 93
98 198
80 62
176 38
55 94
39 120
133 173
147 82
77 130
49 157
62 141
169 123
59 22
21 128
27 55
50 138
99 147
135 178
160 63
168 14
156 158
86 41
82 32
74 110
162 123
66 175
15 34
49 74
7 69
1 34
75 2
123 173
100 57
103 60
119 22
25 27
131 110
67 164
94 140
73 55
14 138
181 29
124 182
102 82
2 54
115 77
8 37
1 107
46 103
118 116
76 143
142 6
52 160
121 97
100 193
151 113
83 84
93 158
65 146
39 66
200 106
94 7
94 95
65 139
149 183
55 25
125 148
182 128
108 103
25 159
47 127
23 81
162 116
190 178
61 29
196 12
86 89
170 179
183 187
118 132
169 124
108 45
23 41
124 82
95 100
40 142
179 63
174 140
130 164
118 142
144 113
106 29
153 75
159 136
61 76
19 181
151 78
177 174
118 101
55 13
200 47
106 178
61 79
70 190
194 139
131 89
51 36
117 3
63 76
90 75
103 60
56 6
89 32
131 7
84 185
19 36
183 76
165 43
154 34
32 100
172 115
188 174
102 57
129 116
84 170
191 186
30 198
143 70
181 73
76 65
10 46
52 192
121 16
35 27
50 18
126 173
84 113
147 138
121 27
53 4
196 195
142 177
192 84
47 125
157 122
141 166
168 192
109 40
7 95
66 8
65 191
133 100
56 79
37 176
57 42
180 52
36 73
29 180
156 27
56 64
148 196
29 67
187 90
59 145
184 124
105 48
115 37
148 122
67 136
49 123
177 28
174 165
52 154
96 8
180 151
71 80
98 52
98 84
93 156
180 76
80 84
76 146
120 175
67 186
110 67
60 39
47 34
155 98
139 50
105 119
152 128
198 49
131 47
84 23
3 63
50 34
147 77
179 18
51 197
156 161
63 15
151 109
200 105
159 139
154 15
57 94
6 105
24 4
188 198
6 2
200 39
100 76
169 118
79 117
25 191
132 39
141 192
191 45
150 129
150 165
137 6
58 94
62 34
97 1
183 103
2 182
93 102
10 14
171 88
82 195
78 13
185 18
157 175
14 106
103 163
22 191
120 32
84 133
65 181
133 47
35 86
181 79
187 190
44 157
77 126
103 106
90 88
123 46
62 88
104 117
2 125
107 121
108 143
5 172
75 137
171 109
174 151
139 161
92 183
69 120
108 172
25 149
59 99
195 72
186 50
188 187
126 47
59 34
141 63
5 15
151 127
75 124
77 13
36 120
195 105
39 54
76 63
3 86
161 149
157 146
198 97
132 123
95 142
108 35
4 65
49 106
191 123
30 68
87 17
139 82
121 178
87 148
40 89
33 153
189 190
50 138
38 134
13 132
75 120
118 31
184 118
136 175
192 117
194 78
134 132
111 54
109 198
154 101
38 186
53 27
127 102
164 35
176 47
62 96
116 92
31 33
27 5
24 144
198 54
29 82
164 34
142 161
187 42
151 173
46 177
99 100
92 15
86 20
13 147
67 129
38 97
113 65
102 89
160 51
142 188
84 57
173 26
170 160
67 120
132 65
48 182
164 139
148 49
158 113
196 24
193 185
73 105
49 174
145 160
176 38
99 60
95 72
85 64
31 103
135 114
167 182
47 82
72 147
131 182
59 78
157 51
62 29
107 63
2 4
22 130
41 73
141 135
144 177
150 126
79 84
191 198
17 37
31 89
135 113
22 193
190 178
195 4
7 54
18 160
57 191
89 97
63 181
184 158
157 85
83 188
121 25
185 137
14 167
177 148
80 198
141 69
176 87
24 182
140 41
93 196
32 134
45 46
114 28
4 71
112 38
58 32
63 194
121 76
160 97
23 39
47 115
60 22
2 35
155 93
76 47
89 59
132 85
104 46
112 59
116 175
97 125
159 111
118 79
186 77
127 160
68 173
27 127
146 28
161 100
120 188
99 160
198 30
44 102
27 107
112 142
82 160
18 192
70 135
22 7
164 148
167 31
73 193
109 18
172 21
70 43
161 120
155 158
149 198
11 128
57 123
21 138
82 39
81 104
173 102
110 88
1 28
70 73
172 130
91 143
151 112
138 63
31 92
20 131
41 183
58 97
105 79
186 138
117 66
41 167
103 129
168 130
198 192
102 128
82 196
30 193
85 92
175 176
63 106
17 45
163 113
101 41
99 39
109 116
31 150
83 85
78 2
15 27
193 68
106 27
15 135
171 100
178 146
27 41
51 43
85 165
108 138
6 158
128 66
73 158
15 155
43 44
108 9
23 53
76 128
79 42
15 1
141 192
146 168
184 148
162 21
113 69
158 118
26 85
135 99
194 150
5 188
145 65
196 167
117 23
47 147
65 61
147 157
4 93
76 188
40 38
160 104
58 117
21 36
1 156
134 146
57 90
134 1
154 129
120 22
104 166
168 120
178 115
76 181
159 152
120 150
141 79
54 198
195 26
33 147
133 118
93 141
8 26
94 113
106 13
135 9
178 102
128 155
168 156
87 78
59 7
180 151
85 33
148 32
10 133
178 95
2 22
35 161
47 128
74 105
92 160
113 69
13 193
175 133
100 14
10 158
172 189
108 56
173 7
39 183
91 169
29 93
190 63
53 189
143 78
45 34
37 109
55 2
101 181
134 152
194 143
61 165
84 120
173 56
127 163
190 169
131 18
61 73
33 66
13 175
143 57
8 132
165 62
133 66
43 66
169 188
160 30
153 43
149 77
51 27
39 40
196 122
10 8
194 42
25 6
16 120
62 175
3 26
37 135
43 31
152 164
18 63
193 122
58 93
150 108
120 141
99 67
62 108
26 7
149 3
12 116
122 25
91 124
2 79
10 197
109 113
160 78
175 152
200 184
196 101
91 115
41 190
133 102
97 111
108 198
113 71
113 34
95 155
109 49
33 118
45 141
182 4
19 108
107 170
92 102
70 182
169 111
123 53
164 20
163 24
169 27
94 33
60 141
188 120
189 20
189 33
113 170
188 83
78 46
52 121
147 73
102 67
135 177
120 99
196 34
74 116
61 167
148 72
107 135
192 95
155 180
79 19
102 18
101 131
63 152
51 10
176 104
28 111
80 147
161 27
181 34
142 193
152 90
64 59
24 55
105 130
187 136
148 88
153 200
18 16
151 20
177 79
123 156
141 155
103 101
181 35
86 75
27 37
164 90
47 139
97 104
21 83
191 120
170 143
120 139
110 22
158 38
100 32
194 40
186 48
92 167
34 129
41 12
118 156
101 116
46 149
19 66
31 9
138 152
104 57
90 165
30 47
3 130
79 148
121 16
147 165
182 180
93 174
191 162
81 43
78 127
192 48
144 22
9 81
174 64
89 15
28 119
62 182
200 92
81 120
107 27
36 41
6 81
166 148
42 47
191 71
125 134
119 20
155 79
101 80
142 189
95 169
59 108
103 58
151 183
130 57
10 117
49 167
197 15
115 191
13 57
13 89
190 83
108 96
161 160
128 102
101 174
23 159
81 125
169 183
59 98
39 20
14 40
187 163
54 53
153 18
109 165
106 98
48 165
145 160
125 72
62 177
45 36
135 77
112 103
59 170
152 50
190 166
89 128
128 142
180 32
111 88
148 168
137 195
132 33
155 8
105 168
184 101
155 119
178 66
173 36
187 125
37 176
42 125
55 121
18 34
152 128
73 99
95 161
46 27
194 152
34 50
119 18
150 73
88 127
90 60
115 76
136 151
4 177
76 58
97 45
44 200
173 68
99 67
29 96
45 174
47 31
23 117
48 124
189 87
3 30
98 117
105 34
19 60
10 46
70 59
91 113
58 63
132 108
81 160
3 78
85 49
108 59
165 107
183 105
193 185
134 90
53 191
75 71
50 37
69 71
95 111
183 104
125 115
12 5
26 14
82 63
15 141
121 179
47 55
84 39
39 169
81 43
111 107
66 161
143 134
183 189
44 166
93 168
32 56
124 9
21 158
71 35
98 144
14 145
198 49
135 189
169 167
31 80
74 96
192 168
29 174
157 24
91 1
143 74
56 19
83 28
176 105
63 25
48 28
121 198
28 8
186 196
126 16
27 199
112 18
119 92
144 75
68 34
27 162
108 34
180 142
61 107
46 123
84 46
150 4
43 129
163 28
125 89
195 151
39 58
121 157
102 64
31 169
49 57
82 156
90 62
97 103
168 95
25 3
140 127
7 134
55 121
113 131
9 107
34 48
117 154
4 18
169 187
138 17
195 19
125 37
80 21
139 200
67 163
2 6
41 160
139 96
81 51
178 41
110 11
88 26
116 92
195 36
30 132
53 24
102 129
60 182
101 198
133 168
113 86
173 153
198 64
200 30
66 130
70 175
140 158
152 8
1 146
43 30
77 95
53 179
23 65
112 124
62 196
43 126
33 167
31 182
30 182
11 96
111 33
22 51
190 174
58 142
119 100
123 148
147 127
78 121
191 141
196 5
88 38
130 120
5 112
102 186
94 64
33 4
96 55
54 37
180 63
178 50
115 52
149 13
179 178
85 169
118 81
125 5
70 7
77 26
118 130
12 11
193 196
15 41
2 20
77 181
83 7
183 149
58 131
161 188
109 45
109 178
77 33
135 147
39 11
124 157
92 87
167 36
83 133
76 84
153 105
17 187
111 199
135 120
129 47
108 189
43 16
167 120
200 53
18 39
63 141
147 154
180 113
141 62
198 17
145 150
121 113
88 183
111 22
54 192
20 113
180 62
128 98
133 128
150 102
118 164
195 64
69 174
128 10
35 125
178 131
26 98
44 113
32 154
134 85
97 105
198 29
119 77
78 51
156 28
153 25
143 99
88 164
72 16
173 106
92 102
188 118
151 31
30 182
137 116
18 185
20 167
13 90
196 91
141 103
70 45
128 12
143 167
127 14
134 51
71 26
152 10
143 102
193 124
35 81
39 53
65 11
171 78
100 166
168 192
69 189
188 148
152 130
114 79
95 48
129 117
73 81
79 167
182 71
90 17
151 81
21 15
43 191
44 142
109 163
134 129
151 121
76 103
3 141
181 49
140 109
118 12
141 196
130 75
66 172
43 168
4 63
182 46
5 178
187 65
140 72
193 91
145 20
193 99
113 173
99 52
33 16
16 174
11 145
48 28
68 90
195 71
104 129
116 108
106 55
173 45
78 117
135 22
89 127
72 1
51 171
52 84
186 67
57 149
164 56
176 31
145 171
102 200
99 169
107 4
23 31
200 101
100 135
74 188
61 146
188 64
68 39
147 53
58 155
1 21
10 129
51 106
51 104
105 149
73 163
104 47
146 103
147 45
189 173
184 2
70 171
65 137
161 11
189 18
165 142
38 126
22 89
31 72
144 87
172 16
49 75
15 146
129 161
142 70
85 125
71 154
95 135
90 8
97 31
25 13
124 63
138 145
103 120
16 198
6 187
14 6
13 28
104 93
140 45
162 177
170 184
130 16
70 172
23 166
2 48
130 125
62 19
21 116
138 36
113 95
174 78
53 138
105 156
182 197
200 96
173 121
79 54
137 101
25 159
18 178
158 148
54 19
166 74
86 56
61 199
102 186
76 154
123 133
61 57
81 13
104 53
133 182
58 21
34 35
132 52
12 89
199 66
60 116
139 145
123 200
143 25
137 171
130 60
103 191
68 183
155 171
187 87
104 44
60 138
78 191
141 90
79 91
107 90
6 45
35 81
196 129
105 133
99 34
144 1
176 163
183 82
133 121
121 188
165 180
125 194
170 65
35 200
