200
131 132
82 55
184 60
157 32
31 159
149 183
184 129
65 78
105 147
19 151
142 175
80 98
161 120
86 200
145 132
196 27
63 78
33 198
137 190
29 119
100 130
53 84
58 118
161 115
64 131
65 157
106 144
54 66
16 91
18 112
23 165
139 37
42 171
35 131
160 15
1 12
96 54
95 154
171 7
20 186
90 84
142 195
180 147
12 147
38 181
58 60
146 196
96 139
119 82
21 30
49 22
41 144
27 87
49 149
46 68
134 135
104 27
129 35
173 92
181 10
73 190
21 170
138 69
108 56
150 81
37 150
102 78
94 80
116 94
28 161
162 113
95 17
139 175
51 111
19 183
73 91
124 93
12 61
161 119
68 63
199 105
12 52
134 57
131 49
151 110
10 64
22 56
80 160
31 82
23 49
16 95
91 139
187 102
152 100
172 19
114 123
75 77
126 160
134 9
9 84
118 170
99 140
25 178
51 7
11 73
7 26
167 49
164 106
150 115
157 74
86 70
148 160
146 73
120 79
81 80
114 151
1 12
90 177
141 92
136 151
165 142
176 131
191 92
188 92
6 144
117 91
165 64
3 111
89 74
141 121
105 7
71 105
170 112
81 111
4 16
13 168
110 189
50 52
32 190
143 37
85 12
80 50
27 82
112 115
107 52
36 11
10 58
115 180
170 147
90 125
115 102
44 24
42 45
75 73
34 169
62 119
180 141
168 7
174 79
73 32
82 60
42 92
118 108
71 39
54 112
115 168
165 158
143 159
2 17
183 188
138 196
106 117
136 25
75 61
55 100
92 136
159 85
179 28
192 1
18 198
64 132
165 29
41 60
139 195
76 121
182 13
117 39
82 4
63 108
17 117
7 60
4 118
145 135
97 88
135 67
85 199
150 2
179 191
61 69
185 88
141 118
101 9
156 134
165 18
41 133
86 200
192 89
69 88
23 165
128 110
31 12
60 133
165 190
123 25
58 59
113 150
176 165
159 83
50 75
52 42
7 137
41 198
177 61
38 152
26 165
61 8
128 72
140 93
61 14
69 70
24 133
171 151
49 129
33 98
3 84
140 161
172 132
111 149
193 148
100 170
64 112
129 191
135 21
35 195
186 56
16 10
188 186
112 189
67 145
86 21
180 177
182 152
61 92
52 5
191 103
126 54
166 54
196 100
26 183
94 12
38 61
173 177
198 84
165 16
28 3
37 160
131 170
63 191
13 66
147 155
168 72
160 133
78 155
32 103
89 77
114 78
89 86
55 86
122 171
54 101
173 90
60 56
11 74
198 175
139 145
129 106
16 88
190 93
194 21
148 83
49 61
112 89
99 166
175 20
89 180
120 13
69 132
68 31
5 66
157 96
162 85
1 129
124 191
174 117
163 121
151 164
133 63
52 183
180 178
154 68
157 26
33 177
109 100
159 113
117 115
8 30
151 161
159 74
103 84
191 17
156 93
132 88
155 136
23 87
113 176
106 22
153 138
150 61
38 109
126 106
175 85
136 126
45 46
199 99
129 141
116 84
34 199
123 140
134 97
26 47
73 84
20 177
21 169
38 10
29 163
116 4
199 3
129 196
48 127
94 128
68 161
163 53
160 37
192 93
134 170
91 158
53 110
134 25
31 123
35 59
37 102
62 36
104 142
31 103
21 124
182 40
85 144
92 196
132 35
40 65
4 131
22 8
192 156
33 22
78 19
33 67
120 46
102 23
188 132
77 160
7 58
199 43
153 90
38 84
76 78
149 32
160 122
39 151
29 23
125 59
41 157
125 160
2 26
134 141
157 162
100 115
171 50
158 123
91 147
159 167
176 107
198 135
180 188
86 9
11 162
67 3
118 191
115 71
16 200
164 124
162 15
190 132
65 147
7 155
46 165
73 21
23 70
156 2
58 193
162 20
154 28
174 71
170 88
93 137
40 56
12 153
23 2
36 87
100 194
193 145
158 66
166 132
87 121
86 144
113 47
115 66
27 41
88 196
80 132
85 119
140 96
71 162
97 59
200 197
52 192
141 162
9 106
93 96
178 130
191 42
129 106
59 155
146 102
177 30
186 96
169 82
118 82
130 128
81 78
180 24
19 141
33 76
185 128
6 115
118 47
43 175
106 149
72 3
50 49
32 188
96 152
21 13
33 102
141 113
180 72
137 198
12 169
25 196
96 30
62 165
77 56
140 134
4 163
136 6
11 120
145 106
71 165
71 104
66 163
16 45
34 104
194 45
72 171
192 119
200 6
36 28
61 127
113 65
89 1
22 52
120 166
109 190
82 179
45 99
141 13
96 126
116 89
170 140
11 114
10 163
71 45
190 131
123 55
147 12
55 168
15 174
85 123
115 166
102 160
65 194
124 160
120 39
200 41
130 11
106 140
173 176
136 114
59 168
5 22
22 125
188 147
9 110
14 127
163 173
191 157
48 102
28 86
101 68
168 111
126 59
35 101
194 149
159 4
68 116
177 42
192 164
188 200
26 1
78 188
125 68
144 172
121 171
10 22
191 129
84 116
187 119
168 132
19 79
88 86
194 64
127 137
180 67
136 5
19 166
192 96
33 88
67 154
10 28
127 152
108 10
67 94
80 187
26 50
65 113
88 10
128 166
146 59
32 33
63 3
198 7
98 183
46 116
88 55
96 14
7 3
175 25
97 7
163 74
56 27
138 95
36 65
61 181
124 44
14 138
46 163
144 143
145 141
11 32
196 106
197 154
108 124
130 4
130 93
77 137
119 166
32 107
31 44
39 106
87 4
43 85
167 139
179 111
79 189
95 26
94 43
131 2
166 61
157 47
105 186
136 175
151 119
81 181
162 120
38 200
75 33
84 41
123 63
104 153
51 150
179 97
192 61
98 110
121 54
156 177
191 91
152 142
9 184
74 122
103 112
122 130
144 5
170 66
19 25
170 22
174 148
118 166
9 15
27 81
20 182
10 11
25 161
104 185
144 177
107 199
40 28
128 135
184 49
152 3
74 122
24 47
69 141
164 29
107 190
62 78
124 71
40 100
183 143
84 78
72 142
28 111
121 107
46 105
156 197
59 29
70 34
27 91
126 143
119 32
84 132
61 7
154 101
106 88
195 142
166 66
83 193
129 156
52 126
60 7
74 70
187 144
103 13
34 28
107 104
11 191
188 71
197 141
123 55
181 118
148 98
135 182
42 63
137 93
140 148
99 14
17 85
157 71
50 142
98 156
45 60
146 32
131 95
125 53
101 57
122 48
154 57
29 195
71 118
88 11
65 186
24 34
23 132
104 24
73 154
131 69
13 29
101 143
123 177
148 23
33 69
22 186
77 2
132 148
119 19
110 136
5 133
169 179
16 72
2 88
177 132
156 190
160 8
84 34
136 183
8 120
4 181
57 80
183 189
179 53
7 88
188 163
172 108
141 187
180 94
26 108
178 182
97 89
141 133
75 77
115 82
196 118
15 53
198 197
41 128
49 199
16 189
162 139
96 54
126 27
148 103
135 77
84 183
165 25
115 191
53 30
73 200
147 39
52 96
35 44
24 35
195 191
23 156
129 71
9 6
97 108
109 183
184 144
166 101
120 80
91 172
61 115
172 8
153 175
103 139
171 78
126 165
68 100
72 149
170 80
106 19
140 166
1 75
110 166
127 29
198 170
153 58
36 76
17 141
2 72
79 124
149 4
88 169
56 111
69 25
191 174
43 82
140 44
156 1
161 83
181 110
52 85
120 39
160 136
179 114
159 10
37 60
165 77
28 20
187 48
45 129
21 39
10 112
34 118
64 195
152 45
56 155
129 175
193 41
63 172
106 21
181 94
80 145
170 59
117 109
106 161
37 79
199 190
33 116
54 179
67 50
34 21
130 161
165 122
23 136
27 43
68 121
75 165
42 133
81 150
39 193
139 117
143 89
58 127
4 63
105 22
112 91
194 3
110 115
25 46
94 19
65 166
93 29
7 178
61 109
168 53
199 36
196 87
93 122
42 108
27 15
19 69
8 164
71 117
79 47
114 124
65 131
89 110
159 95
87 20
155 6
24 153
41 19
191 85
141 32
192 119
46 163
139 5
126 9
74 156
55 139
79 71
69 167
132 180
14 18
151 168
23 174
73 15
193 15
100 133
47 91
3 44
53 141
1 131
149 74
86 155
164 165
177 33
131 109
164 96
78 114
16 53
87 88
67 79
54 166
163 52
9 165
96 61
105 48
143 5
121 29
111 36
193 40
20 75
148 183
171 25
96 186
29 135
25 96
165 78
13 128
130 21
44 177
34 101
24 176
57 96
4 168
131 148
159 151
23 106
85 193
82 181
130 111
67 154
6 31
183 170
158 112
191 154
40 24
54 63
151 62
158 107
181 41
54 139
143 76
44 27
20 78
159 149
188 25
54 145
56 37
114 165
100 56
70 140
31 75
154 182
137 112
88 117
104 141
56 46
169 51
72 140
128 183
41 115
159 46
11 14
34 77
131 134
132 152
25 163
27 178
96 163
41 135
31 144
27 86
189 195
137 13
