200
55 99
195 16
51 67
28 45
143 49
6 82
96 14
161 167
12 154
99 48
62 164
167 46
161 69
93 134
94 114
24 100
12 171
67 15
37 95
11 179
95 16
13 190
182 173
156 145
78 7
193 140
170 159
137 82
27 30
16 72
143 191
123 107
161 190
121 150
36 131
128 130
99 92
72 32
16 179
128 94
185 120
185 107
31 121
188 9
102 155
33 45
98 155
103 10
96 175
159 131
105 39
13 155
130 36
138 146
14 66
191 151
137 127
57 167
199 196
128 101
103 160
97 200
66 199
9 162
173 168
44 29
158 8
136 87
43 73
184 9
138 174
159 27
52 167
145 51
162 72
151 64
183 47
15 49
197 24
162 169
143 5
149 100
165 84
138 7
157 122
167 46
47 125
72 99
91 17
149 5
40 51
68 175
49 35
23 45
10 136
165 152
92 113
3 56
197 140
15 153
13 181
150 60
106 22
158 148
190 58
152 181
108 172
155 156
6 129
200 15
64 164
118 156
76 72
11 24
163 177
128 176
158 78
35 63
51 144
162 40
1 114
20 108
37 127
63 42
55 14
8 119
129 125
26 156
148 188
180 110
165 107
85 122
184 71
136 186
166 97
25 166
162 197
25 198
75 39
39 129
52 198
199 132
74 24
88 21
164 67
131 128
125 167
1 61
38 136
46 3
184 23
121 146
171 145
143 45
184 134
125 187
131 124
119 5
99 158
25 62
24 107
141 100
74 93
112 63
28 158
65 164
132 137
109 54
82 3
98 17
136 174
155 19
49 25
23 148
182 199
161 157
58 54
57 131
146 168
193 126
77 9
89 8
98 149
13 179
151 110
147 39
36 101
57 84
126 31
31 59
181 144
16 38
197 72
120 142
191 64
19 20
73 107
179 170
7 192
100 158
101 198
196 88
50 4
172 127
186 154
186 166
49 1
156 45
24 75
139 166
139 157
185 163
16 164
84 22
155 135
131 7
132 78
95 133
81 18
60 18
123 197
184 172
149 139
16 124
165 106
41 103
15 26
17 182
141 100
3 47
34 86
53 117
163 99
2 196
68 13
13 191
9 148
162 109
38 129
32 3
35 72
57 1
49 74
182 189
125 136
35 111
21 40
27 184
90 28
179 158
40 143
100 200
91 61
108 128
189 91
82 175
163 139
175 163
164 108
152 88
44 138
198 64
129 177
47 19
156 177
128 148
72 27
147 162
39 7
41 179
97 75
106 59
13 80
22 128
188 125
167 183
14 117
46 143
93 45
161 200
21 40
147 92
18 94
5 56
100 198
34 196
72 139
7 36
171 180
163 110
56 81
92 69
197 89
11 41
133 123
41 154
114 187
197 131
32 154
186 83
151 172
31 22
62 189
57 184
168 171
45 175
51 136
43 200
25 6
40 157
80 32
62 194
171 11
76 2
116 14
37 66
185 67
39 198
55 47
182 174
17 26
100 19
114 142
18 90
99 10
198 131
41 12
76 11
174 151
165 89
164 1
106 100
19 144
50 25
190 183
198 158
160 97
176 73
190 146
114 41
155 112
171 195
123 198
6 96
148 122
136 64
74 41
115 92
184 164
116 125
98 65
34 58
113 9
130 102
106 44
94 60
107 16
55 29
13 12
76 113
85 11
128 158
51 42
49 186
158 164
62 55
180 95
112 92
55 194
145 161
189 39
20 95
6 26
75 19
189 102
83 73
112 10
30 114
3 30
99 160
193 112
167 124
6 30
15 60
23 160
172 163
150 144
57 155
169 83
125 110
184 7
182 95
168 164
160 171
193 10
130 138
121 48
61 126
78 76
138 52
187 109
15 88
4 23
194 173
106 71
82 89
29 15
136 197
178 47
167 171
57 48
108 177
96 120
55 173
147 144
24 133
52 190
172 8
13 118
180 118
188 13
158 16
179 45
12 157
92 130
79 148
178 138
76 73
57 82
197 4
25 172
88 29
162 12
36 174
129 15
43 68
179 200
83 157
197 47
65 40
176 95
139 153
32 14
177 41
96 173
196 120
145 83
148 106
46 183
31 174
149 73
41 79
24 76
36 20
122 52
59 49
147 197
154 178
163 130
170 10
55 165
129 151
48 29
8 45
163 38
19 64
62 11
142 85
86 129
57 159
181 67
8 127
16 161
56 178
42 26
187 48
190 67
198 189
47 5
34 10
194 4
73 55
14 166
92 100
95 148
58 75
166 17
153 181
129 8
110 171
185 48
18 175
67 168
115 113
124 100
74 118
103 98
124 117
64 15
168 158
114 177
32 80
194 136
60 122
143 122
44 128
169 14
54 35
181 120
148 104
20 21
173 122
71 97
190 134
111 109
91 177
86 74
56 31
9 67
152 103
188 148
182 157
161 35
143 141
107 90
196 126
63 169
47 133
17 189
18 127
97 108
55 182
133 110
164 93
129 68
195 116
15 177
24 175
163 167
67 69
8 14
146 22
182 145
106 198
133 123
77 29
182 131
163 114
193 78
6 73
145 153
188 159
81 164
85 195
82 151
16 89
117 161
63 98
105 168
48 189
91 76
170 72
158 84
138 102
161 95
174 106
47 114
64 79
77 101
26 110
51 41
150 167
153 12
17 58
180 16
198 22
91 167
93 200
50 30
102 11
77 27
68 75
140 131
154 168
31 179
77 34
171 27
152 123
190 120
132 169
135 130
190 177
96 35
129 98
16 30
60 92
56 127
167 148
9 72
115 192
2 192
177 172
170 128
46 159
200 178
80 86
59 69
63 106
55 143
3 71
172 14
114 179
140 80
126 101
151 193
92 104
184 68
75 105
147 73
63 146
50 142
32 60
163 46
165 169
188 120
191 111
133 105
41 25
184 119
125 87
111 168
190 46
35 17
150 133
89 164
79 90
58 62
149 172
59 65
140 198
184 131
108 69
35 100
45 170
18 169
8 80
136 150
77 122
118 26
54 6
142 84
47 151
97 195
122 155
11 13
104 195
95 163
15 81
63 59
51 32
179 10
112 66
159 188
187 76
166 192
33 59
76 79
9 124
25 82
79 36
94 182
182 189
145 148
21 159
6 23
190 136
33 53
1 143
193 187
171 110
130 155
168 5
34 128
81 10
9 159
197 54
92 130
194 188
77 15
98 34
37 40
169 21
92 121
164 36
59 86
145 189
40 64
145 25
191 25
187 151
135 183
157 179
65 150
118 141
116 16
127 105
55 47
125 98
168 40
134 26
125 78
14 117
94 111
141 36
135 79
187 70
62 95
48 78
44 165
18 112
132 96
16 186
143 140
84 62
132 169
39 8
46 5
124 91
115 17
127 49
47 65
118 108
159 117
185 2
34 155
65 165
2 80
151 96
172 186
157 103
154 196
62 151
200 138
42 66
106 120
114 152
184 12
142 100
148 95
133 102
160 50
56 191
152 151
162 137
60 16
42 55
78 144
6 167
137 71
72 56
136 23
191 119
34 84
171 182
131 103
35 42
104 90
32 55
41 146
143 52
161 136
58 190
80 63
156 168
85 27
176 172
2 166
91 187
2 61
168 132
115 155
173 171
196 156
25 188
101 168
39 14
55 96
3 134
110 111
54 146
89 29
118 90
194 160
77 147
172 196
78 38
102 2
8 98
158 33
85 58
152 124
23 6
19 26
92 129
136 145
74 24
125 143
66 70
102 94
17 73
89 94
111 143
48 70
40 5
102 124
14 5
47 37
163 18
14 6
98 101
102 171
76 26
114 141
95 167
34 111
40 75
157 102
17 4
171 8
160 25
131 173
29 130
161 143
99 174
148 196
74 49
166 150
26 31
42 121
198 28
183 189
54 139
90 22
94 60
29 53
36 111
178 65
40 138
159 138
112 59
85 137
107 51
38 85
33 80
5 30
107 139
170 112
30 59
133 123
71 113
128 106
23 105
122 15
194 81
104 57
139 189
194 197
191 31
81 23
62 37
5 120
128 174
31 157
185 163
31 55
75 110
112 50
14 34
64 160
66 167
16 156
107 9
104 97
192 137
72 53
173 76
173 52
1 3
8 185
118 191
191 144
100 55
145 66
40 8
25 105
127 192
12 33
1 115
82 144
51 153
196 176
28 120
27 180
75 187
165 144
177 107
87 28
161 32
93 200
191 69
56 69
61 67
54 13
182 135
108 184
87 55
159 66
175 138
197 1
124 161
144 52
20 182
79 180
13 124
132 156
144 187
24 156
54 29
120 187
163 27
170 1
34 81
18 8
18 15
8 141
127 103
144 146
84 174
78 49
97 9
4 193
195 179
100 200
8 20
138 122
198 108
75 31
140 92
190 157
58 149
97 185
51 192
130 87
165 7
135 14
167 90
6 162
68 57
113 27
76 51
149 26
110 23
8 49
66 150
5 124
98 53
108 101
44 189
187 8
148 121
21 114
10 178
27 29
35 92
8 62
142 108
39 51
82 47
51 147
196 55
22 45
59 81
97 54
22 83
61 169
155 34
34 116
163 13
97 197
104 11
197 11
49 199
92 95
49 190
42 55
12 87
113 44
183 118
65 18
178 185
172 163
171 40
126 183
136 74
38 39
84 34
1 133
32 44
27 80
33 69
86 196
107 150
40 41
67 56
58 196
41 182
159 11
21 84
145 108
157 182
98 193
15 98
125 46
141 151
77 125
171 162
73 29
111 112
70 129
119 79
124 159
12 82
169 32
117 113
91 26
46 188
18 60
37 142
57 129
44 133
54 167
46 126
147 108
189 168
36 59
199 160
18 10
193 138
194 62
3 84
87 48
24 56
108 60
149 164
189 144
49 194
62 94
71 9
154 11
128 141
69 126
52 86
136 45
24 129
58 26
164 144
25 187
151 132
47 51
48 35
194 96
28 56
141 98
16 46
60 95
187 128
21 38
14 156
34 189
36 91
166 199
186 190
186 136
122 184
186 121
18 132
16 197
139 108
46 106
154 105
200 92
32 20
129 197
127 163
185 162
53 150
113 191
92 98
126 165
33 64
85 50
147 52
198 85
159 195
190 64
99 141
155 82
161 36
31 39
198 15
1 2
117 65
192 8
114 70
124 146
85 8
147 31
59 144
67 169
138 8
33 188
148 139
21 60
174 51
99 123
18 51
77 134
115 20
93 28
41 168
173 125
175 119
107 33
14 125
153 103
84 137
42 184
76 62
43 1
65 93
76 82
143 152
167 57
123 11
36 164
178 8
40 152
78 99
136 43
23 40
145 107
177 186
90 52
200 84
4 64
177 79
97 71
182 63
128 105
25 115
20 2
75 59
105 152
157 192
195 132
31 91
38 7
77 79
10 28
114 14
91 42
92 187
113 26
1 192
130 25
106 149
178 180
159 82
132 116
25 78
47 55
168 36
14 196
66 23
23 131
36 113
173 80
51 85
105 3
76 186
27 133
86 4
113 44
37 196
111 61
73 157
68 192
144 81
188 161
103 10
92 91
75 64
122 77
100 178
80 127
163 58
59 200
62 171
195 50
166 106
111 190
14 178
134 110
10 121
70 112
82 113
154 108
176 75
137 27
52 16
153 166
73 12
117 86
182 112
136 100
169 198
41 134
127 174
43 136
46 65
199 128
177 153
187 105
27 123
131 31
90 84
148 163
95 65
200 28
128 87
79 96
84 120
29 10
93 24
97 91
88 96
18 16
200 156
120 178
79 51
8 168
134 156
82 180
172 34
159 99
120 38
194 4
157 174
165 1
149 62
91 36
109 60
4 108
16 123
85 46
125 93
165 10
200 199
189 171
32 148
69 151
185 14
106 93
187 71
45 136
132 88
123 40
147 78
99 114
1 183
111 125
75 28
135 26
26 75
148 9
174 16
111 158
181 17
2 120
87 199
7 170
86 81
161 184
159 59
98 111
41 160
187 68
187 121
45 164
148 193
124 121
160 35
31 141
51 184
60 89
182 18
10 67
98 170
51 56
180 100
166 20
11 105
39 198
25 84
113 124
76 189
45 35
23 27
127 25
10 186
113 192
155 122
58 53
43 60
60 22
111 178
193 122
82 32
71 58
67 183
182 142
171 178
128 145
4 55
169 13
192 33
4 147
154 14
199 148
25 58
169 136
187 162
57 68
145 79
126 11
13 59
152 184
36 31
80 39
85 49
3 77
81 159
175 187
124 173
134 100
182 55
35 121
168 43
188 112
121 65
122 134
123 25
69 110
55 100
100 92
148 103
120 181
13 94
119 136
18 4
35 151
58 22
71 25
16 11
136 89
75 9
174 198
33 42
59 40
93 159
131 41
61 50
173 73
95 43
160 112
46 146
62 56
167 85
80 183
95 168
71 169
128 44
118 161
37 177
152 129
87 82
121 147
83 45
171 129
87 82
40 133
27 53
140 194
137 19
128 183
138 150
152 66
193 21
178 181
149 81
61 35
114 182
133 196
178 55
124 65
136 115
149 115
167 88
60 56
58 187
190 196
136 93
13 80
114 142
12 14
22 72
49 135
53 133
130 31
188 5
47 75
71 195
141 189
82 200
44 91
138 34
86 25
78 50
56 191
191 67
5 12
139 5
146 191
137 27
173 76
31 19
151 101
165 91
42 198
43 85
89 132
70 174
157 148
24 12
90 166
79 46
178 169
50 123
111 139
150 84
14 132
54 116
185 19
7 26
16 1
62 56
132 84
30 40
183 5
52 72
170 82
118 99
2 119
22 112
57 123
195 71
54 1
138 190
171 144
15 138
96 29
194 28
112 175
19 94
131 70
117 52
103 186
151 104
105 124
16 113
46 162
135 51
114 73
41 84
168 7
174 64
35 167
43 98
93 61
191 23
83 108
74 137
93 176
41 149
99 8
62 96
121 196
147 187
20 139
70 188
97 195
3 132
161 45
29 53
57 172
27 139
79 53
28 123
28 20
72 79
27 85
174 99
32 72
85 52
10 107
39 107
101 41
190 14
37 18
18 45
141 197
184 19
49 163
94 76
182 165
106 160
1 80
58 32
151 95
83 113
153 73
19 5
113 160
170 101
129 188
146 70
184 81
40 184
43 133
11 24
49 117
135 49
196 192
81 98
38 115
10 142
188 180
147 52
139 116
153 68
55 50
89 190
82 128
173 76
61 184
99 109
100 33
110 47
176 190
96 166
104 58
107 43
189 53
95 128
121 199
147 175
48 35
117 129
162 89
4 174
24 54
35 75
38 144
121 165
85 169
130 140
26 189
183 14
193 77
93 113
75 191
40 74
177 156
154 91
196 109
64 20
114 50
94 151
193 167
67 77
135 149
17 112
137 199
77 129
27 122
194 53
64 33
126 41
140 79
83 87
187 98
106 52
148 152
154 140
70 20
17 4
120 185
67 56
135 143
137 113
16 130
165 80
114 90
120 5
120 154
43 58
51 149
109 198
52 62
138 121
33 106
76 153
42 94
160 176
188 96
40 4
177 4
83 42
45 154
198 164
107 41
173 109
141 81
107 144
94 44
16 126
101 91
30 142
136 190
69 123
37 108
126 166
111 160
159 155
65 157
70 123
149 42
32 89
74 138
184 167
133 199
44 33
41 74
126 176
63 194
98 51
53 176
16 115
87 175
21 104
131 42
26 31
83 9
71 108
98 54
26 30
52 69
14 92
142 91
19 156
36 116
7 88
43 174
154 82
148 174
185 30
15 162
60 49
123 130
156 20
183 181
2 186
2 15
77 95
106 95
3 141
163 9
181 157
134 190
82 108
126 111
74 88
123 162
52 30
181 187
163 182
172 164
149 1
58 54
95 60
146 9
20 126
166 154
12 155
187 71
81 49
144 120
171 18
81 175
200 13
161 162
195 132
77 95
132 86
148 179
98 45
187 117
123 104
22 134
11 160
4 43
9 99
114 179
117 146
153 68
158 113
29 104
197 105
198 80
190 97
10 87
142 149
156 64
52 129
149 14
89 104
8 49
2 121
27 70
66 132
137 176
44 165
79 192
21 29
24 163
125 33
1 18
181 108
33 185
37 181
198 77
84 6
125 38
78 103
107 96
34 44
71 30
160 101
21 133
81 44
95 6
77 47
175 9
155 8
193 143
188 143
171 24
100 47
61 177
149 119
24 183
162 94
12 74
147 184
6 27
180 52
184 8
98 159
16 4
166 9
98 105
151 68
80 2
114 92
178 15
11 2
197 124
47 160
197 145
95 154
124 74
5 107
81 55
17 49
10 134
9 108
39 111
127 118
112 41
10 89
55 172
42 3
95 41
114 92
185 8
45 108
34 2
167 114
8 183
114 17
117 122
76 107
32 3
176 143
195 137
184 49
108 177
3 17
116 94
154 75
90 61
108 43
179 174
50 114
87 19
30 161
94 88
144 48
63 39
42 200
22 42
59 150
44 61
167 111
106 120
138 148
132 45
190 63
170 192
176 9
162 5
169 55
44 112
55 106
150 96
57 123
138 116
25 133
176 191
196 34
62 133
181 145
129 170
7 99
113 182
59 74
138 27
81 181
90 135
39 192
182 95
66 71
162 90
156 90
32 151
123 45
35 103
190 115
24 148
165 89
82 23
162 171
49 42
104 91
128 142
82 110
188 99
180 150
189 135
39 172
37 113
17 71
15 158
138 190
57 102
78 138
125 40
109 173
33 12
15 161
105 96
22 92
195 1
193 135
88 31
106 124
143 74
147 109
31 84
51 88
185 128
177 109
119 85
34 104
48 16
104 96
37 196
42 37
188 128
76 171
185 200
65 59
98 126
89 181
176 128
117 55
105 26
126 141
11 181
141 10
196 44
57 32
39 50
20 179
177 96
101 162
47 117
20 144
42 60
76 169
188 192
24 92
169 101
32 131
81 172
141 76
168 197
59 158
47 30
136 175
125 188
136 123
105 107
18 146
167 93
67 154
85 42
197 5
142 180
136 174
104 76
1 71
24 59
28 22
88 116
149 165
103 36
39 159
143 57
57 61
149 123
166 185
164 162
190 57
93 125
30 196
152 30
66 127
88 46
101 127
161 49
43 15
84 82
126 178
138 182
38 104
3 23
19 116
164 75
9 40
104 4
143 133
22 69
172 67
121 98
179 169
93 145
53 174
70 182
111 51
20 100
106 22
122 124
90 37
150 98
76 53
101 18
137 74
39 108
92 159
158 70
128 50
167 132
175 36
113 85
39 84
184 96
58 172
147 94
121 44
170 126
96 139
62 122
129 122
13 88
31 35
167 32
1 50
6 188
162 42
178 198
25 74
55 34
197 1
128 69
196 49
194 91
139 8
164 68
129 177
107 111
11 73
142 163
122 147
150 35
188 128
32 164
153 86
150 101
38 29
169 33
29 163
76 167
170 39
186 50
167 92
112 177
164 53
139 37
151 41
72 90
120 55
5 24
141 154
124 130
182 92
163 10
6 190
177 127
28 162
128 195
6 39
123 169
43 14
6 193
54 29
34 173
83 39
148 175
192 71
105 174
114 67
183 120
8 111
46 187
25 174
133 30
164 56
198 7
21 155
151 74
135 185
198 18
175 145
192 166
167 96
139 80
114 74
199 121
184 197
108 160
122 192
189 85
47 139
43 67
45 194
92 180
130 41
197 104
185 188
21 103
36 160
183 101
185 133
174 120
129 33
80 50
24 68
87 71
6 129
89 51
74 181
30 155
173 178
10 158
117 31
60 152
142 194
53 126
127 178
45 7
10 124
9 33
144 95
103 101
175 144
103 1
76 84
155 48
61 165
157 178
195 169
81 136
162 133
13 40
110 9
47 71
133 55
104 28
101 158
128 75
101 31
75 128
114 182
176 127
146 84
104 92
52 184
179 166
69 191
5 130
199 3
1 83
57 104
62 109
61 190
184 114
172 10
41 37
191 168
163 88
52 66
131 103
2 109
20 70
51 25
151 50
27 151
84 36
6 146
144 19
87 79
84 10
41 124
46 183
44 161
71 95
178 1
149 179
62 169
200 112
193 103
113 171
5 149
158 11
46 54
181 132
132 64
93 172
139 90
155 182
50 177
76 180
129 177
110 190
145 110
54 89
164 166
11 168
114 169
130 159
22 62
42 105
125 86
29 64
176 135
197 177
111 25
156 191
1 66
181 97
127 186
185 90
151 147
57 17
67 139
127 40
200 169
145 77
54 173
92 181
59 88
158 169
112 113
111 64
178 91
160 104
76 96
145 179
195 154
195 61
92 121
101 43
41 45
119 47
169 10
27 50
136 147
113 49
57 177
178 100
88 34
127 136
178 57
130 131
3 190
174 76
42 17
116 38
135 114
158 97
93 184
98 28
82 10
28 91
138 6
142 26
39 20
113 16
77 42
99 79
183 72
154 25
88 22
14 175
135 172
23 179
107 120
159 189
129 186
31 67
143 172
44 181
191 156
149 19
149 199
98 83
70 3
107 110
24 121
84 111
92 106
89 198
25 47
138 105
185 120
123 127
43 166
60 186
73 160
4 21
158 101
104 179
104 162
88 79
34 171
189 77
28 30
27 4
76 116
109 12
36 183
139 78
101 150
15 173
109 19
146 18
71 1
196 126
114 84
5 100
6 145
176 34
174 154
189 2
70 49
13 57
32 103
86 132
52 101
104 160
71 1
177 141
153 125
67 8
23 166
13 167
93 198
93 47
187 94
68 35
58 124
66 161
161 149
12 61
5 124
131 5
52 24
158 176
42 176
183 64
141 148
182 185
97 26
31 83
71 98
70 129
173 87
89 134
36 52
146 40
175 29
196 27
52 105
154 93
80 137
108 172
36 41
157 132
67 139
167 137
189 36
65 161
122 105
46 109
157 192
100 83
20 96
109 71
152 63
115 184
151 22
107 138
14 15
21 80
154 187
169 142
174 185
54 48
90 100
156 198
43 56
80 62
103 141
84 54
155 150
189 57
123 96
146 136
110 166
168 15
105 136
156 78
120 162
125 161
13 33
110 55
88 142
68 142
34 103
195 188
52 184
196 174
31 141
109 140
58 76
155 162
163 62
40 35
175 116
147 187
148 57
193 187
150 60
128 183
162 75
122 165
10 69
138 40
9 199
131 18
26 85
180 141
99 171
175 73
86 121
12 186
129 4
172 78
16 52
12 177
126 85
94 135
153 183
174 161
133 104
131 159
141 110
51 191
80 25
15 117
97 26
54 26
182 178
55 197
29 19
125 154
103 18
40 56
153 13
168 85
68 98
195 160
7 45
150 38
69 165
107 118
142 112
143 75
89 149
71 117
119 148
22 117
61 77
69 25
196 154
45 94
148 4
52 193
154 42
13 70
100 130
163 11
24 38
100 125
108 168
43 7
190 64
124 2
92 192
27 88
97 71
133 45
26 136
189 179
177 153
200 76
83 163
39 106
200 138
182 59
57 25
66 198
40 189
200 132
132 178
171 29
200 103
25 38
13 4
167 165
155 194
199 117
32 57
68 121
38 127
178 62
192 175
102 132
126 185
63 103
155 91
102 9
67 127
46 79
82 164
196 36
158 194
105 141
50 172
62 40
50 191
101 41
165 154
124 43
138 139
145 92
29 47
100 48
125 98
126 6
61 73
193 170
19 97
111 68
21 124
107 70
114 160
63 30
113 186
72 3
124 17
94 105
15 146
152 139
195 29
96 7
102 40
177 120
137 39
139 109
162 198
178 27
109 40
56 21
26 128
175 101
96 21
5 110
166 108
200 112
137 47
118 190
86 46
61 174
36 199
82 197
148 60
175 56
99 31
29 76
158 3
129 53
23 85
114 140
193 65
51 81
111 121
22 196
118 82
122 154
32 3
102 132
14 77
187 65
107 167
140 16
170 68
20 144
105 85
36 97
149 38
129 11
158 150
158 28
183 79
181 14
82 34
145 47
110 84
111 168
50 3
135 171
22 154
115 126
38 150
22 138
187 102
148 97
51 106
124 185
184 56
151 17
89 47
16 199
130 126
118 132
128 53
102 150
158 16
75 148
117 49
85 56
150 185
104 153
90 179
137 25
34 87
194 74
86 9
24 15
134 142
146 62
194 48
163 103
15 189
50 84
37 135
91 139
119 194
43 160
124 131
184 157
170 177
182 55
185 6
69 71
147 167
84 92
166 46
194 180
186 44
15 23
130 105
113 200
50 107
159 173
37 142
81 6
71 63
60 7
68 81
77 166
47 160
9 12
157 2
143 197
110 117
78 14
29 77
16 135
187 188
123 81
21 129
151 83
140 157
102 172
186 19
170 145
27 133
102 180
28 44
177 137
160 6
150 140
83 165
26 69
105 148
149 125
28 51
159 120
160 12
43 145
30 13
89 8
97 142
187 124
185 115
60 96
121 162
35 3
78 12
23 134
112 124
10 139
174 168
10 133
131 53
29 112
17 118
119 113
59 106
37 196
20 48
91 140
161 78
94 39
89 69
172 200
192 134
91 117
101 52
2 184
104 30
95 72
99 14
185 158
119 173
105 90
172 195
30 133
24 75
123 113
143 46
64 86
179 106
3 32
158 156
15 61
185 109
133 84
74 69
193 192
193 97
82 164
43 63
96 67
137 170
131 32
16 146
117 194
52 119
25 9
26 191
21 11
52 105
46 125
173 190
69 117
38 102
81 32
164 128
50 52
98 180
83 65
126 200
58 129
70 35
137 96
177 157
58 28
14 55
153 138
196 21
55 33
74 135
64 37
14 66
40 111
45 123
175 122
74 185
50 143
171 138
38 147
47 175
60 101
79 197
48 51
51 80
124 137
96 112
151 161
151 13
157 25
140 31
98 124
32 41
46 170
30 192
168 29
118 27
129 148
175 129
198 178
8 73
114 55
184 16
167 87
29 76
111 168
106 9
43 137
1 40
58 30
183 25
58 101
3 139
200 178
67 198
107 26
22 20
33 158
188 199
44 16
74 154
135 131
114 129
68 114
168 77
96 150
102 153
2 104
43 2
33 109
151 139
87 172
111 119
129 98
117 124
65 143
78 199
25 143
79 44
9 46
121 104
195 22
56 197
77 99
150 62
159 100
200 45
71 62
163 200
159 32
123 175
126 152
125 150
47 3
194 55
48 114
158 195
87 165
143 163
15 92
24 174
191 176
170 61
37 133
12 148
116 87
122 41
190 47
142 36
49 135
42 49
200 199
43 86
164 185
1 130
76 24
103 66
151 73
78 188
157 90
87 24
128 160
64 117
6 157
105 7
92 146
7 91
97 1
177 12
137 177
141 12
152 44
29 103
68 58
42 176
99 80
199 26
39 14
95 197
170 199
155 13
96 161
104 192
161 32
155 97
160 96
60 111
91 40
165 110
49 158
85 148
37 35
125 76
200 19
72 169
169 178
182 17
138 37
8 50
68 115
98 27
10 109
89 52
100 6
161 148
163 197
95 152
31 20
179 182
190 2
150 159
179 83
175 116
119 134
117 138
48 166
116 9
74 157
60 173
162 172
120 76
168 15
179 150
186 157
131 175
158 33
85 136
115 59
3 186
145 119
123 144
84 191
153 109
147 164
81 60
88 153
135 55
119 114
157 104
22 87
30 180
71 115
67 186
125 70
123 21
140 45
165 176
187 69
84 133
184 117
192 71
21 79
78 139
144 34
194 165
72 23
96 143
89 163
80 166
32 2
186 123
198 102
50 185
170 86
117 106
2 61
176 174
139 53
112 82
38 57
198 110
79 94
4 120
56 83
85 39
36 70
113 33
124 163
169 93
48 38
198 1
98 126
174 188
130 85
21 168
141 170
29 171
63 32
42 70
66 126
60 53
148 173
37 71
135 6
115 182
195 65
182 92
190 107
31 119
143 3
38 83
172 66
5 35
49 199
56 66
124 116
118 23
88 155
45 174
112 155
106 176
88 149
117 146
179 187
88 133
25 122
104 42
126 90
91 124
146 156
200 13
26 174
100 180
171 25
91 82
131 148
57 18
96 173
163 26
111 2
158 135
123 61
177 48
103 19
124 200
126 75
12 151
200 63
82 170
87 172
51 17
71 59
186 166
183 100
191 94
101 148
28 23
161 156
22 63
126 97
62 52
171 25
2 171
87 84
92 173
7 143
141 78
153 126
195 136
25 186
181 77
85 160
99 197
116 120
11 41
17 72
44 139
96 46
61 134
81 153
106 39
47 46
68 151
123 63
86 99
200 66
175 36
26 73
33 93
145 43
85 113
67 129
3 114
126 64
48 158
168 105
196 166
103 16
116 177
30 154
76 29
19 50
16 196
123 200
40 19
195 125
131 61
53 133
126 130
148 125
87 67
182 34
32 84
49 100
60 78
53 135
58 23
185 26
171 59
25 10
77 19
134 159
31 138
43 157
67 191
81 153
57 62
187 41
97 187
92 109
65 96
195 74
118 131
99 88
189 124
50 17
94 135
127 125
73 170
81 91
160 113
196 168
127 134
160 175
120 3
83 136
98 78
162 16
8 60
55 149
135 56
117 29
191 44
105 63
13 185
105 124
49 100
43 127
33 155
54 105
157 136
40 55
165 1
22 125
13 28
73 99
84 141
127 74
184 31
88 148
167 144
71 168
44 66
46 28
20 99
132 176
187 124
182 151
76 3
75 40
31 99
139 66
40 17
139 175
200 178
123 118
121 145
85 116
10 83
144 29
181 75
5 119
150 186
70 26
141 96
65 171
147 155
36 138
172 126
112 171
55 186
88 127
131 125
43 140
7 138
169 139
164 125
58 114
62 79
91 2
126 107
124 72
62 111
161 33
188 25
3 42
10 42
121 92
166 115
32 124
52 152
15 76
24 80
89 54
170 91
179 77
14 3
138 125
163 122
112 139
76 106
101 117
178 192
35 92
23 110
143 126
124 109
153 99
189 42
152 158
132 131
186 97
85 75
173 199
196 37
138 71
142 38
140 71
29 174
162 4
35 104
129 111
12 34
9 152
75 113
62 158
195 47
6 79
74 179
77 21
15 166
44 108
3 183
178 184
108 139
187 142
194 67
4 157
100 165
109 126
77 170
83 71
168 89
101 193
19 129
14 33
95 57
92 97
191 21
80 98
159 18
191 104
85 147
60 136
111 120
62 187
41 96
9 136
109 1
154 37
166 138
83 22
181 180
12 1
11 61
111 29
4 14
65 150
26 152
60 145
13 198
186 61
6 146
196 66
98 102
54 16
191 137
37 172
68 1
172 78
13 83
58 16
48 74
117 73
26 176
170 190
125 107
2 130
52 150
147 101
51 1
116 193
137 105
164 4
105 88
33 69
170 43
85 169
68 153
42 93
81 11
35 5
117 36
87 120
185 33
172 187
33 88
180 169
192 95
124 48
182 109
116 103
103 152
72 170
105 65
15 185
27 49
189 143
36 75
14 173
60 185
111 92
24 90
13 15
137 88
14 118
196 82
173 50
33 196
20 89
60 34
73 86
34 14
180 21
40 193
193 99
177 104
143 153
145 107
167 33
194 133
151 142
14 75
191 198
70 162
39 129
195 63
166 180
76 145
1 68
89 145
118 65
200 60
169 145
166 136
177 112
20 79
53 185
105 195
134 174
157 172
54 103
35 19
83 62
115 35
129 3
179 47
20 131
58 188
75 176
75 3
87 94
34 91
30 138
85 164
64 41
135 117
144 169
88 178
183 2
164 111
5 94
109 176
24 119
163 50
46 38
53 132
83 38
174 113
175 58
76 190
51 162
59 146
83 146
75 65
99 38
127 55
131 36
30 155
106 193
156 151
182 8
34 64
197 7
128 124
16 155
113 18
117 171
115 199
68 189
15 167
178 141
21 109
128 3
15 33
195 170
135 128
130 168
191 78
126 71
1 94
25 114
63 141
36 178
91 104
118 105
22 96
198 42
156 77
44 170
62 190
91 196
117 172
116 60
50 193
130 50
38 106
115 101
47 103
30 89
158 147
146 179
194 143
20 149
19 16
70 80
157 113
28 26
84 143
85 133
87 166
135 125
23 1
25 69
55 6
110 12
152 55
190 146
197 162
46 167
129 116
199 85
28 26
110 63
120 146
148 6
63 82
130 86
34 106
106 89
111 15
100 15
69 42
160 17
3 157
136 131
72 134
167 51
159 77
114 30
174 61
35 37
94 165
74 79
22 179
167 133
194 19
99 14
12 58
183 14
166 118
96 190
51 62
40 161
90 105
190 64
165 176
52 10
92 125
89 114
55 7
198 48
25 96
14 36
105 196
1 70
65 48
59 67
62 51
27 151
155 168
166 72
95 17
81 187
93 169
100 148
176 49
147 152
144 160
140 200
107 92
69 171
140 80
37 1
130 15
103 84
134 69
155 29
37 188
15 82
156 66
29 83
114 127
187 9
39 78
8 145
169 28
68 60
107 56
12 188
23 115
24 156
135 130
136 123
117 102
4 25
167 184
59 32
111 45
192 149
122 199
45 43
179 112
54 37
120 66
25 142
132 200
49 18
129 137
140 198
38 144
22 157
127 32
140 189
77 132
137 150
82 134
144 60
197 198
49 116
15 25
9 146
24 58
163 104
146 102
101 183
197 74
91 76
106 31
16 134
162 105
35 195
38 179
7 34
128 55
150 142
31 110
39 54
119 1
109 64
54 162
199 3
187 89
30 44
119 45
177 32
149 12
179 186
142 185
20 69
191 121
162 21
30 200
26 149
152 134
164 157
95 162
159 34
51 188
77 121
185 54
153 133
17 131
71 110
67 42
130 57
162 91
77 143
42 102
43 193
187 7
149 34
120 60
67 170
199 143
91 183
148 195
68 116
77 138
25 143
179 154
151 92
196 27
186 189
80 181
181 18
187 82
51 58
141 69
28 91
12 70
74 111
16 141
27 44
78 51
186 8
157 88
99 104
114 36
93 145
16 25
114 154
106 165
12 198
33 191
89 196
12 114
107 27
54 133
70 83
135 7
42 43
94 140
147 159
127 191
55 143
15 168
96 73
84 107
22 69
49 62
16 60
175 74
38 180
6 59
14 93
17 55
135 62
146 33
20 73
175 26
15 190
146 62
14 29
121 187
49 169
49 65
181 175
138 18
155 96
77 168
140 93
175 26
155 120
11 126
192 185
104 158
126 49
172 139
29 92
126 30
12 126
94 192
100 183
162 6
30 38
126 169
82 100
147 188
19 157
66 163
141 169
72 19
169 43
157 149
86 34
178 98
111 71
89 11
6 50
168 187
39 93
156 73
144 54
60 115
10 77
29 102
197 100
72 165
95 29
114 180
14 91
77 114
118 39
71 119
6 57
110 51
164 182
146 17
193 60
178 70
88 32
18 140
103 183
34 83
48 13
49 90
42 125
155 111
163 25
29 168
82 138
170 197
71 116
14 16
127 143
85 167
126 54
106 29
36 91
63 35
55 111
125 48
35 79
158 149
56 187
69 89
76 38
85 99
105 50
114 32
193 150
198 118
3 103
98 191
145 161
25 199
23 101
47 10
132 156
158 187
94 178
75 170
16 111
20 120
161 133
151 105
82 100
22 84
154 72
26 98
184 51
49 158
103 47
167 34
2 77
172 96
54 198
17 21
109 36
141 69
168 43
173 49
143 146
84 96
169 62
146 104
64 194
62 166
40 180
152 193
56 75
88 62
73 104
82 133
139 174
1 106
169 125
106 111
22 142
158 191
3 55
94 66
48 107
183 39
87 134
32 94
9 119
155 33
175 37
165 113
162 117
171 130
193 28
192 14
169 150
156 123
4 2
188 4
108 171
42 146
56 25
40 16
144 194
200 118
182 116
182 144
32 152
73 24
180 65
190 100
166 145
23 121
98 162
124 6
84 118
103 140
142 107
37 88
107 106
69 22
88 12
6 191
37 181
170 53
170 22
170 67
44 90
116 5
166 73
89 35
176 180
128 117
86 165
4 144
22 25
118 61
188 123
52 24
55 173
28 25
194 197
43 189
87 158
194 4
31 82
38 6
61 165
74 98
81 78
42 55
102 111
115 89
33 118
65 87
43 92
63 36
41 57
25 127
167 170
82 197
3 119
154 63
35 27
112 68
56 105
74 109
15 188
150 47
58 166
86 100
9 100
87 49
157 63
127 123
32 8
71 34
78 176
48 113
2 160
132 10
64 5
70 79
144 171
77 1
136 114
52 97
14 139
145 122
1 72
196 33
79 66
18 157
41 66
21 194
25 104
155 40
60 25
70 3
147 156
83 12
7 179
25 145
75 98
98 146
93 130
177 110
147 85
102 164
57 96
188 112
2 180
171 26
49 125
125 147
80 159
111 39
89 87
135 163
185 32
109 77
113 37
139 12
121 40
175 129
135 115
40 89
94 10
114 94
134 190
193 166
148 103
156 36
189 90
199 125
74 59
154 186
95 92
197 167
131 124
95 18
38 86
106 131
95 171
176 180
161 120
97 60
174 52
96 115
94 39
119 104
192 56
198 83
53 116
166 176
162 135
165 47
192 47
93 162
22 24
74 94
73 134
67 76
181 169
74 20
39 177
11 95
126 46
99 193
163 74
154 49
190 152
40 36
196 153
57 19
27 150
91 112
169 167
92 149
87 117
168 126
45 131
20 170
128 118
114 42
143 67
90 132
170 129
119 165
81 127
135 59
29 26
122 197
144 13
145 182
81 113
107 125
195 78
46 122
147 159
163 41
177 4
124 146
132 42
62 12
169 197
23 197
174 144
193 117
109 137
98 141
1 157
66 195
34 63
68 181
22 182
173 198
185 97
96 68
138 157
32 106
105 54
102 78
149 46
194 57
183 44
198 135
200 15
82 185
77 101
117 50
83 90
48 19
186 95
87 75
3 118
181 108
171 34
185 71
80 131
128 14
174 77
100 125
43 181
109 119
82 178
169 116
67 168
134 4
62 20
78 64
89 10
171 11
44 108
82 75
38 9
40 11
37 139
87 79
120 147
149 153
124 117
68 142
36 1
145 49
173 175
65 61
184 187
72 179
94 153
5 131
113 196
93 101
135 179
179 6
126 79
110 1
148 177
143 183
129 39
32 53
13 48
66 149
34 137
79 128
41 84
10 105
79 103
157 165
33 87
122 110
165 31
111 112
7 53
47 88
91 30
140 56
77 5
4 110
93 34
37 85
117 199
141 148
53 97
64 85
183 186
147 148
16 57
11 23
61 57
110 103
86 1
158 162
6 113
24 50
147 60
135 15
10 75
114 62
172 178
99 106
163 45
5 178
101 16
152 161
24 13
15 62
14 173
23 171
37 46
20 183
58 154
150 19
181 63
81 104
192 179
9 154
23 166
84 75
133 35
187 156
48 1
17 13
125 192
183 162
189 154
96 198
108 45
17 40
60 49
143 51
179 103
157 153
68 40
27 200
74 165
108 73
165 76
85 90
19 3
160 125
98 157
184 95
125 23
106 125
117 156
103 19
112 55
39 151
33 38
177 197
97 49
162 173
86 3
143 56
5 102
180 54
59 163
100 135
137 5
60 53
161 114
72 24
169 110
127 1
99 103
198 148
103 111
72 140
65 14
196 21
116 127
74 126
42 126
60 178
130 71
31 42
185 54
66 105
115 192
105 13
46 54
160 148
116 31
40 132
197 35
152 112
113 178
37 154
103 48
84 32
71 114
74 55
167 91
111 81
34 167
45 79
173 157
178 88
139 17
20 135
3 123
46 68
100 34
173 2
82 56
186 104
169 11
158 87
101 68
119 86
186 116
164 158
72 93
46 10
62 17
145 16
139 142
83 39
176 56
192 9
63 129
112 32
91 21
70 191
40 141
28 25
56 191
183 127
36 180
88 97
196 184
64 86
78 99
76 53
106 20
13 168
148 76
151 39
96 21
181 87
113 9
63 168
151 197
46 138
176 133
186 123
69 50
9 146
148 36
150 5
55 162
172 155
189 123
193 36
95 125
122 7
85 136
126 188
133 171
125 108
103 111
183 123
112 143
68 11
178 17
15 185
130 186
139 118
60 131
153 106
7 26
64 92
114 189
31 46
159 155
105 14
65 87
136 128
181 4
138 111
172 152
95 102
90 33
171 101
115 76
7 121
53 70
164 166
59 194
11 169
149 116
182 165
154 118
45 135
73 182
45 44
134 91
97 175
123 68
75 37
143 33
157 195
55 73
161 113
66 123
33 166
38 15
83 144
84 127
30 156
60 26
151 193
116 48
119 38
115 194
74 9
178 182
3 32
54 115
96 72
190 129
189 179
143 23
122 178
101 151
133 161
176 83
105 91
82 24
80 196
169 153
4 146
87 159
130 92
25 115
14 153
104 193
47 78
66 176
179 17
108 91
144 143
195 187
176 170
66 172
138 171
127 36
57 37
165 100
14 141
15 27
46 70
171 92
147 37
68 77
5 127
167 100
21 114
86 197
83 104
120 21
26 198
8 82
35 124
181 48
64 147
26 109
16 197
153 163
185 172
191 141
50 158
40 23
23 78
171 105
133 90
77 158
39 84
191 73
7 123
72 23
70 98
83 85
46 187
199 182
158 142
122 160
51 113
182 73
190 104
177 74
193 54
31 183
137 173
56 96
96 79
70 165
128 152
1 173
139 152
106 48
93 27
7 143
92 140
15 33
43 191
107 187
196 89
170 85
62 177
132 157
7 1
73 135
104 73
59 194
176 165
194 68
143 200
162 34
92 176
67 86
119 173
73 114
61 194
198 122
122 129
30 128
81 102
62 185
127 121
178 102
85 171
122 179
123 83
13 166
11 31
51 129
155 75
42 15
68 192
89 189
120 70
69 1
172 130
137 98
2 114
151 38
37 72
17 111
107 29
28 117
11 30
45 165
105 38
131 124
29 19
65 149
89 133
101 12
14 37
61 16
102 11
53 90
35 69
152 93
49 179
9 59
161 5
23 65
42 154
140 71
124 4
171 164
88 71
175 102
59 35
117 160
198 121
2 184
190 153
76 38
84 49
44 40
71 60
81 176
199 151
100 155
73 15
194 95
190 95
153 176
163 65
125 84
18 108
25 170
135 14
5 170
62 48
9 85
59 90
60 58
192 111
164 17
78 157
63 67
4 16
194 118
32 71
1 49
130 177
170 65
191 175
186 52
174 195
88 33
36 148
42 179
10 5
147 87
113 10
105 116
177 51
34 8
121 186
8 50
115 129
114 105
103 52
108 29
198 196
13 33
143 54
163 104
10 110
143 122
119 199
190 47
49 175
54 169
160 13
171 74
141 36
130 196
87 38
24 84
33 36
68 127
41 31
30 2
92 124
123 162
123 64
8 123
38 13
44 150
177 14
175 117
49 105
112 88
94 87
171 126
74 191
52 66
173 33
67 64
157 142
177 31
5 136
153 195
148 144
124 161
70 192
162 174
56 49
67 142
171 144
168 161
195 33
133 180
52 148
88 193
124 118
149 11
22 143
158 170
38 33
82 108
25 43
33 80
43 52
173 14
195 140
126 142
125 11
121 176
158 8
168 34
77 116
44 98
11 154
19 48
186 101
107 10
143 140
41 138
143 14
151 137
153 28
30 29
38 150
4 196
109 171
181 185
39 176
35 1
129 53
48 67
105 107
28 200
46 69
137 188
34 87
76 138
114 106
167 104
7 170
51 68
93 31
4 83
6 38
83 87
43 82
153 147
188 132
146 185
200 34
124 33
72 200
171 138
57 137
41 63
58 91
130 150
121 134
32 78
123 114
116 117
148 20
64 135
152 161
72 103
147 195
136 18
194 58
155 50
146 195
65 3
85 146
105 157
31 136
187 154
2 102
70 101
122 85
35 25
198 106
127 144
101 14
113 46
23 68
48 120
62 112
123 99
9 179
7 40
66 193
193 19
95 14
119 168
51 106
144 200
163 70
143 15
36 7
61 58
74 60
178 88
171 52
186 131
182 144
170 47
137 114
66 183
128 184
102 130
41 45
129 4
66 23
18 101
29 30
111 103
89 40
190 11
43 127
142 24
70 63
70 158
177 135
140 104
71 193
185 63
37 113
66 55
135 36
107 163
17 65
106 8
6 68
50 84
161 73
106 24
143 15
200 29
155 55
51 147
39 114
136 103
131 190
37 166
96 199
135 65
16 192
72 173
59 74
9 172
146 66
147 40
80 98
69 186
104 71
85 94
136 172
196 67
161 32
184 8
182 118
24 149
109 48
74 120
121 34
43 66
99 189
106 130
38 126
116 141
196 152
34 84
123 181
150 35
164 85
194 145
155 18
46 15
65 71
134 137
104 128
2 68
59 83
105 184
150 197
132 101
30 15
23 10
116 9
173 200
3 70
106 20
67 121
36 137
6 172
192 134
125 145
153 136
27 58
119 177
54 2
77 36
168 52
197 35
60 122
187 14
191 92
185 9
12 172
97 18
143 88
103 20
32 55
155 58
64 25
186 118
179 63
105 98
66 101
133 77
22 119
91 164
162 75
172 174
199 68
143 93
107 197
112 138
51 18
148 115
43 133
184 173
147 88
70 12
140 2
41 162
72 131
125 34
157 49
159 155
68 53
48 175
49 111
112 51
129 11
117 123
144 52
95 90
91 164
54 31
118 94
192 141
24 68
126 132
116 36
39 136
88 86
110 88
148 173
139 76
184 7
150 79
59 44
168 149
160 21
131 29
114 122
169 89
142 47
173 9
82 11
144 170
96 53
57 195
178 147
71 113
106 172
191 164
168 158
64 127
131 195
107 44
68 27
85 161
73 57
170 155
67 113
76 114
118 84
108 95
183 130
7 88
102 197
3 69
106 66
147 36
12 5
32 31
116 192
56 124
161 162
142 26
37 55
143 120
114 189
54 196
147 141
49 95
143 69
152 161
15 188
124 171
171 107
1 38
99 8
161 11
169 102
188 5
108 82
77 21
70 82
16 168
23 64
14 117
132 166
29 98
105 20
75 11
21 112
61 180
72 24
149 125
11 105
184 93
133 4
114 15
172 82
189 187
47 57
71 12
86 120
116 142
140 190
152 112
53 165
91 76
188 191
200 198
96 183
90 28
139 4
194 62
37 182
48 83
39 70
47 76
190 162
17 129
104 120
40 156
84 82
32 23
73 183
21 120
118 62
147 56
17 93
117 53
26 116
88 64
186 86
91 175
199 59
55 102
179 46
10 14
79 193
37 151
175 9
70 92
70 169
99 87
61 15
91 38
83 130
102 68
15 144
194 166
3 200
19 133
45 28
146 123
172 134
26 147
142 47
190 164
15 41
50 27
7 92
65 89
174 118
108 140
61 101
105 15
100 124
147 96
103 45
171 75
130 148
173 24
194 114
187 161
154 188
139 161
31 3
49 4
72 157
144 85
9 48
99 61
123 198
108 26
194 30
52 123
177 24
146 123
137 84
83 91
71 21
3 102
176 3
57 47
159 200
131 120
200 182
180 74
131 39
99 124
69 150
46 197
125 144
119 62
27 1
104 50
174 106
103 101
108 159
147 19
111 30
90 62
163 69
135 93
59 34
16 127
135 13
124 60
108 42
73 87
195 176
136 120
33 190
20 92
148 118
62 10
147 151
71 61
171 6
153 30
191 120
156 125
133 31
136 192
73 8
78 19
135 165
90 119
154 109
11 54
26 72
63 125
175 86
185 145
91 138
174 33
57 82
109 141
112 45
133 136
4 10
106 139
127 195
9 80
103 19
85 81
43 100
5 17
185 141
113 27
78 39
59 87
72 167
179 183
163 111
71 167
73 128
57 199
123 65
30 177
84 115
9 78
14 165
46 150
106 110
176 135
148 34
21 19
200 154
115 62
176 81
86 103
137 36
177 153
66 154
188 132
114 65
97 79
62 46
184 172
21 118
119 6
91 90
157 90
43 71
103 18
151 141
72 39
176 49
192 193
154 179
124 67
196 172
145 57
169 128
28 141
46 99
146 136
188 55
177 182
125 31
151 28
171 22
66 99
22 9
91 175
140 167
42 135
138 191
59 66
171 199
63 21
145 150
160 199
78 93
75 60
43 102
183 16
120 81
190 128
171 164
67 89
157 153
27 95
96 37
112 18
35 126
38 131
27 197
81 56
89 156
115 83
9 97
50 128
177 39
8 100
3 26
188 111
179 166
157 26
2 68
43 189
145 80
119 171
28 200
26 68
107 93
102 115
189 151
195 118
190 154
169 144
179 108
54 109
26 163
134 179
182 128
167 127
159 38
49 186
189 27
5 95
119 106
161 59
57 107
128 198
60 48
141 39
156 146
99 181
108 185
159 90
112 78
168 23
115 16
160 103
42 165
149 112
22 109
171 30
168 50
27 98
119 17
53 65
116 185
124 52
95 165
115 172
132 137
86 100
97 140
93 13
88 5
34 149
127 64
116 128
90 142
25 161
159 29
25 26
13 100
29 60
65 143
31 196
80 69
47 128
8 140
140 48
96 173
196 174
188 111
101 30
4 126
190 114
106 14
91 71
65 119
130 129
14 112
77 45
180 123
172 140
14 63
187 109
35 182
82 175
44 135
4 47
60 193
113 117
158 3
187 22
122 68
151 135
180 27
179 111
101 102
2 115
164 188
23 150
121 57
124 116
191 127
115 2
119 27
118 28
29 57
50 102
124 200
36 55
178 166
118 78
67 119
144 182
107 119
132 179
175 55
47 117
134 161
118 4
187 32
15 195
81 69
119 32
56 125
9 22
42 38
40 161
182 174
19 100
105 149
26 111
195 142
44 155
11 48
93 197
31 60
192 111
128 62
142 183
138 102
156 180
139 196
92 72
169 62
123 25
10 148
135 157
41 131
111 51
130 156
200 160
15 143
22 142
4 115
124 141
16 80
72 106
27 163
178 147
176 52
171 186
200 57
94 192
187 4
43 68
159 194
27 173
136 48
66 91
162 190
183 129
21 55
35 199
169 164
145 97
15 67
82 166
123 175
158 62
130 152
129 41
145 156
165 32
155 31
122 69
172 104
149 144
110 183
142 31
98 86
127 65
152 160
182 26
86 91
87 15
42 16
7 138
123 124
169 29
154 42
49 77
146 198
172 7
180 113
37 30
150 115
94 101
74 75
126 159
166 165
126 159
180 84
49 54
7 17
82 112
59 131
188 156
128 159
114 59
23 103
88 172
17 133
24 43
160 102
153 77
66 30
35 197
114 83
50 120
52 83
184 62
13 123
169 92
34 82
151 56
184 190
28 153
75 3
195 34
104 147
110 169
177 96
117 42
131 166
161 182
49 144
43 13
67 11
57 100
44 7
107 28
148 86
180 174
89 126
7 192
72 68
113 200
116 29
41 46
147 154
27 147
49 21
111 67
183 167
118 26
125 25
5 73
110 136
46 150
61 5
142 85
24 6
84 139
186 77
184 132
182 162
30 134
141 49
68 107
166 46
32 142
50 56
4 138
53 153
198 9
46 82
33 51
118 123
189 146
59 120
127 172
102 108
106 42
156 125
100 74
170 83
15 172
138 170
109 143
123 106
103 120
140 135
123 9
10 111
154 68
182 80
39 83
139 96
76 95
21 176
120 190
58 86
161 148
56 69
42 130
127 144
1 66
31 123
26 40
33 179
59 167
10 97
49 148
145 125
194 165
52 113
154 61
199 67
160 6
87 1
87 165
97 87
182 79
10 7
70 194
185 128
160 194
176 9
94 120
85 87
84 88
200 190
148 150
8 108
107 46
60 193
11 108
79 192
186 40
199 55
34 183
134 193
129 110
153 22
181 189
60 17
76 59
158 176
160 165
35 18
10 46
162 172
154 41
164 139
32 162
146 65
96 79
10 176
188 162
149 121
103 9
137 178
19 94
153 131
10 139
148 171
185 110
143 138
102 106
28 133
19 173
198 66
52 159
194 191
120 142
111 22
150 47
152 169
92 56
99 101
195 198
24 179
107 166
68 8
23 95
93 193
68 42
10 71
200 3
61 71
145 124
45 46
170 196
166 14
3 64
66 149
62 89
79 120
6 146
80 28
193 172
172 12
13 182
82 164
184 94
34 80
17 30
78 139
177 43
152 180
59 17
128 120
58 159
191 63
104 70
43 48
193 14
59 5
195 92
120 131
186 154
162 154
135 39
92 112
34 43
91 92
12 170
11 69
128 153
83 184
23 125
31 167
139 42
172 85
133 43
167 70
148 129
24 83
119 115
194 152
110 36
43 73
5 93
85 158
175 68
132 52
50 98
142 43
21 26
176 64
193 197
11 73
172 93
191 87
38 143
148 73
185 20
78 142
64 114
99 190
133 182
41 182
79 182
25 52
8 152
115 152
100 77
24 72
122 166
110 159
108 57
32 45
28 61
186 43
174 36
32 106
17 73
39 47
54 15
98 13
118 164
116 18
41 91
41 114
57 150
72 164
158 55
160 185
67 145
27 192
132 58
49 148
82 88
195 88
54 92
52 172
56 168
141 48
58 181
161 114
130 184
30 87
191 189
23 57
86 1
1 17
10 49
117 44
136 111
131 142
154 182
113 161
149 53
160 159
185 72
72 66
56 101
104 198
42 78
6 127
78 6
95 39
55 11
82 142
121 12
83 27
146 147
139 94
151 99
52 135
170 76
200 177
128 55
174 169
132 47
161 137
142 200
191 152
33 85
25 197
167 3
142 114
141 187
64 191
191 151
113 18
102 89
145 157
15 66
88 146
112 49
34 5
200 177
109 32
61 85
180 27
87 121
92 179
60 108
170 50
10 82
67 111
122 163
67 136
28 107
33 92
107 67
96 106
43 4
89 103
88 21
81 126
141 125
105 152
184 26
153 193
107 171
103 28
134 122
116 113
180 148
4 86
166 52
143 160
55 183
62 95
3 95
20 96
171 76
47 154
101 200
146 159
170 200
139 55
73 54
168 52
153 123
89 71
174 31
30 29
166 44
75 120
90 46
15 60
74 14
13 174
165 110
133 86
61 23
141 134
76 60
185 180
182 26
50 156
8 80
136 173
75 10
93 164
7 59
23 80
72 187
54 36
96 138
122 156
160 14
41 187
73 178
166 54
3 168
9 10
199 144
183 73
105 27
36 112
85 58
191 109
44 196
144 91
85 17
198 196
30 39
134 54
16 100
108 170
19 68
179 17
164 113
89 20
91 76
83 176
133 74
84 128
21 179
170 58
148 119
53 177
157 187
183 124
38 90
93 56
109 24
24 136
64 44
27 139
126 154
23 151
189 102
124 167
71 181
66 189
