30
28 9
9 25
1 3
21 13
19 2
9 23
26 6
24 3
2 3
1 5
27 2
18 2
26 10
7 4
27 3
16 5
3 27
27 23
9 15
16 9
29 4
14 6
15 16
28 11
5 21
28 6
17 30
4 20
18 22
14 3
19 16
27 15
4 11
16 18
27 24
9 30
30 14
27 6
30 25
17 4
7 6
1 23
5 26
5 22
10 18
17 28
4 13
12 29
24 19
17 12
5 17
3 26
30 29
1 21
15 9
16 14
15 8
6 11
26 10
25 5
20 11
2 15
15 5
13 30
24 21
11 20
7 5
15 29
26 15
11 10
16 27
15 30
4 21
2 29
22 26
3 11
6 26
25 13
1 30
12 16
20 15
5 27
19 17
14 25
27 16
10 23
30 9
19 12
3 9
26 28
4 28
26 29
15 8
29 14
11 14
3 25
18 21
6 28
7 11
23 26
18 2
10 3
28 13
5 29
8 2
2 6
19 30
20 26
29 25
29 4
27 15
14 18
20 11
16 23
25 11
10 27
13 11
21 10
24 25
30 1
18 1
28 7
1 17
24 21
3 22
24 30
7 29
9 18
10 24
10 26
