30
15 27
29 21
24 18
18 15
3 23
29 5
22 20
24 23
25 10
6 28
19 12
21 29
26 4
13 21
12 10
5 8
8 17
2 18
27 8
20 11
6 16
2 20
6 17
12 22
18 9
19 6
20 2
27 16
5 9
28 17
10 24
16 9
2 9
26 28
16 8
30 14
15 1
3 20
17 6
4 5
14 2
26 15
20 3
12 20
30 28
29 23
5 8
24 14
25 14
21 24
13 4
9 6
28 20
14 25
23 10
9 7
4 26
13 23
28 24
13 27
13 3
11 18
2 4
23 19
17 13
12 22
9 20
27 28
10 23
24 20
23 22
23 18
5 7
15 20
11 3
25 14
13 12
7 8
26 25
17 30
7 8
30 18
26 28
19 27
20 13
8 12
26 22
29 22
29 5
12 9
29 6
14 3
9 13
10 26
7 18
25 5
25 23
12 22
11 9
11 15
16 14
11 8
12 2
28 8
5 28
6 10
12 30
10 24
9 5
22 27
30 27
13 16
19 25
29 21
25 1
6 10
14 8
9 17
9 6
24 6
4 21
15 7
20 25
22 20
29 13
8 20
9 13
27 19
7 25
10 23
25 7
2 8
14 3
24 14
8 9
19 3
21 26
9 10
20 30
22 10
5 29
22 5
11 18
24 9
13 25
1 29
1 25
7 14
27 22
19 26
23 8
29 13
3 7
15 14
29 6
15 3
26 28
7 29
16 22
29 20
16 22
18 16
16 21
4 8
10 29
22 9
27 4
3 26
18 8
24 15
14 26
3 12
24 23
19 16
21 8
23 12
17 1
19 3
21 14
2 22
13 23
30 1
18 24
26 28
1 19
12 15
6 18
30 28
6 7
11 5
29 22
13 29
3 15
12 16
8 3
20 22
25 21
10 16
29 3
27 2
17 2
8 26
23 5
1 29
15 27
20 29
9 10
23 16
21 30
15 16
20 7
10 2
8 11
17 28
13 5
29 21
7 6
16 29
3 8
20 9
4 9
29 5
18 21
20 1
13 26
16 2
2 17
25 1
27 3
28 10
8 27
30 14
24 16
4 26
23 15
27 19
23 25
23 3
8 4
3 20
29 18
13 23
4 7
15 30
1 13
1 8
1 13
24 16
9 12
30 23
8 18
8 24
2 10
1 27
4 12
26 13
16 10
8 14
24 29
15 28
30 22
28 30
5 14
15 13
17 6
27 16
24 4
1 17
13 2
14 8
5 1
20 21
10 27
26 3
18 10
1 17
2 20
16 28
25 22
2 11
27 28
18 12
24 19
21 6
12 4
6 8
4 25
20 5
14 16
7 1
25 29
17 18
11 24
7 5
7 30
8 25
28 17
7 21
5 27
18 16
22 23
16 17
10 5
21 23
