30
12 24
12 23
3 24
5 29
7 15
24 9
19 15
29 22
13 28
21 25
7 26
24 30
12 16
19 18
12 2
24 15
18 27
30 12
13 4
10 19
10 25
27 28
10 18
20 22
15 2
16 14
19 2
13 30
9 23
9 12
17 24
27 4
21 18
7 3
21 16
21 22
10 19
11 19
30 3
25 23
10 30
11 3
5 3
12 27
11 23
5 27
11 30
17 20
6 11
10 21
23 1
23 24
12 3
12 3
27 29
26 7
28 6
1 2
8 4
21 11
27 25
7 29
25 15
19 22
17 20
13 9
13 27
25 24
21 28
26 18
26 13
16 19
8 17
18 12
29 20
30 24
18 28
10 2
8 1
10 28
5 11
2 23
5 25
14 24
12 23
20 25
30 27
5 7
5 22
18 4
4 9
19 21
29 20
23 6
20 24
25 17
4 26
9 30
12 22
24 16
6 5
10 5
1 6
4 27
27 13
30 22
10 13
20 29
27 25
11 20
12 27
24 29
5 15
11 19
8 26
24 4
27 21
26 2
24 23
20 6
14 12
27 24
24 16
14 20
3 24
1 6
20 24
4 17
1 14
5 8
1 20
4 19
10 29
12 25
21 2
23 5
5 19
20 27
25 9
21 19
9 26
30 25
29 16
17 5
12 16
27 2
19 8
3 18
19 28
30 12
12 26
16 30
15 5
18 10
5 8
20 6
25 19
22 16
5 8
20 16
23 8
9 12
15 12
21 4
1 20
15 12
16 23
3 22
27 13
23 24
12 29
7 23
20 22
27 19
3 4
11 10
5 14
17 16
4 12
8 24
26 11
1 10
13 22
29 17
7 22
29 18
12 27
10 23
18 28
11 12
24 13
13 28
27 29
5 30
10 12
15 28
14 7
29 18
21 27
5 27
10 3
6 21
29 8
13 8
27 15
19 20
28 23
17 24
14 13
15 23
24 22
12 7
28 3
17 10
29 21
6 9
15 4
