50
16 30
22 16
3 22
38 43
31 32
35 34
23 50
8 45
26 33
33 11
23 18
15 8
45 38
48 17
29 21
13 45
3 36
12 5
8 2
49 38
33 23
7 34
33 4
10 15
38 20
37 5
34 46
1 23
46 19
2 18
31 48
20 17
11 24
26 12
23 13
47 7
36 5
43 20
8 2
34 47
23 22
3 9
19 4
31 14
24 32
32 7
31 3
23 42
27 48
3 1
12 49
9 49
4 1
18 13
4 1
12 29
24 14
37 43
17 8
43 1
41 49
31 44
21 22
22 20
27 24
33 27
32 35
49 47
40 2
8 18
25 21
4 17
38 23
27 32
23 17
30 3
10 2
27 31
21 5
4 3
31 38
36 15
24 35
11 13
36 18
31 12
38 36
31 27
8 7
8 30
23 37
35 33
38 13
15 10
17 19
13 49
8 48
13 31
34 23
43 21
40 25
33 30
11 13
6 18
19 14
48 41
50 34
25 38
46 40
47 14
10 11
14 17
11 29
47 46
3 41
17 45
16 49
24 26
13 29
45 31
42 44
23 44
27 48
31 24
39 29
39 48
42 5
16 4
33 14
49 35
6 15
29 21
15 2
48 27
33 43
9 24
36 34
17 15
33 49
38 21
30 29
20 21
33 37
24 15
50 22
1 5
39 32
28 3
35 25
32 17
19 42
43 7
25 9
21 7
10 29
41 38
50 11
20 36
36 35
9 37
42 49
18 19
4 2
45 35
21 16
28 13
22 3
23 42
11 32
3 42
22 41
41 34
12 29
21 48
15 32
36 6
30 5
26 33
8 23
19 28
38 47
40 9
1 13
2 13
46 6
6 20
46 47
5 10
25 28
9 41
9 46
47 38
50 24
23 9
46 41
37 35
39 28
43 39
42 46
4 40
2 9
9 49
7 15
8 33
42 18
24 50
13 20
40 14
45 14
23 41
4 9
25 45
36 20
33 30
17 38
19 18
47 29
19 3
43 26
36 37
46 9
38 8
30 27
22 24
40 44
16 46
4 43
40 41
14 24
20 30
12 38
48 10
16 12
11 43
49 47
40 7
34 48
38 11
21 14
2 16
29 49
19 23
38 9
36 14
31 16
27 18
15 36
36 32
49 46
26 48
42 16
6 25
15 44
37 35
7 39
2 37
39 20
12 29
30 47
42 10
14 20
28 30
5 13
13 3
10 39
50 1
6 25
20 1
14 6
9 4
7 47
42 28
8 20
7 13
17 22
32 46
2 36
10 14
41 19
4 40
21 11
47 45
32 47
10 37
7 13
45 4
5 24
11 24
31 19
37 49
41 20
44 6
5 7
46 23
13 37
43 25
34 39
7 32
49 45
39 11
42 44
17 15
4 41
45 23
29 45
15 48
38 8
5 44
16 2
18 28
39 12
5 24
1 11
7 1
5 47
13 46
40 32
11 46
24 7
20 2
2 34
1 41
41 8
35 8
11 2
38 1
14 42
26 16
2 33
18 6
31 32
4 23
13 14
18 36
22 39
39 23
24 42
16 14
1 50
23 11
3 10
12 18
1 37
33 2
19 2
10 2
34 13
24 48
28 43
34 49
31 24
24 4
17 41
19 17
40 41
28 44
1 39
12 1
25 46
5 46
48 14
49 33
28 22
30 5
16 15
5 46
39 30
1 5
20 21
22 11
11 1
5 13
39 16
16 15
11 20
12 10
35 10
42 12
31 22
16 46
36 22
43 26
2 45
33 23
15 6
34 26
6 40
40 46
5 10
17 26
22 27
10 31
20 21
14 41
38 11
29 12
6 4
15 50
38 37
15 43
20 42
50 11
31 45
17 38
7 34
15 28
12 25
10 31
47 25
24 37
38 2
48 43
7 12
42 45
48 8
39 20
49 39
30 32
33 47
21 41
32 35
20 45
11 30
27 8
6 50
46 43
3 43
35 12
6 29
6 5
36 46
26 37
34 8
18 19
6 38
9 39
22 29
33 10
11 42
15 13
37 10
15 31
46 26
38 26
33 42
12 29
18 48
14 27
15 34
32 4
43 20
25 23
4 9
32 14
50 48
26 38
7 43
20 5
20 7
30 5
49 41
35 18
40 48
44 6
32 25
9 26
46 36
48 49
44 29
12 46
28 38
33 37
32 3
41 1
11 20
5 9
13 39
28 4
39 21
10 20
47 20
45 42
5 42
42 1
22 4
48 49
43 30
37 24
34 27
24 47
49 31
5 11
19 35
16 7
7 27
28 4
47 22
47 3
15 39
3 38
44 50
39 36
32 25
11 17
4 34
15 2
16 20
14 35
6 29
43 12
6 21
15 2
44 14
6 11
4 11
50 47
12 38
34 45
15 44
12 18
29 28
19 45
47 32
31 2
12 25
16 17
47 30
20 41
45 26
3 48
38 4
46 49
44 29
44 8
22 7
27 3
34 47
47 33
28 29
36 41
3 1
8 50
33 29
42 27
6 46
27 43
49 22
42 3
37 1
26 43
27 28
26 23
26 8
2 4
44 45
9 44
4 10
28 32
3 5
40 48
33 32
48 4
25 42
6 11
44 32
3 23
11 31
47 37
40 1
42 33
45 2
29 48
11 6
29 13
12 20
12 44
4 12
50 28
5 7
41 48
38 45
20 1
25 19
37 15
19 30
49 13
32 29
10 42
37 40
7 48
10 20
44 13
31 45
42 35
1 34
35 41
29 6
41 5
24 27
21 42
8 22
4 39
50 15
31 36
5 39
36 14
8 31
28 41
25 19
27 25
3 11
15 33
19 7
37 42
33 10
34 43
31 39
31 32
4 13
20 8
1 7
23 11
37 50
1 13
20 27
39 24
40 6
6 8
12 45
1 47
6 34
39 36
25 19
19 28
32 38
37 32
44 11
44 32
12 44
44 33
23 33
7 14
38 14
21 49
10 21
45 15
7 35
2 33
4 21
12 35
8 50
18 4
10 12
35 21
7 31
3 31
15 11
44 4
27 16
4 36
37 1
3 45
35 4
27 38
26 40
24 36
39 44
39 48
5 25
20 13
5 24
44 19
35 39
22 11
5 28
48 41
28 2
37 12
6 15
50 33
4 25
18 42
18 8
39 24
33 10
37 39
33 32
10 17
20 33
29 24
10 29
16 37
30 2
49 37
18 50
20 21
24 39
14 42
49 4
17 31
13 3
19 46
36 30
14 6
13 43
31 22
23 47
9 2
50 9
41 18
10 12
40 33
50 4
26 48
7 43
30 20
47 1
17 33
30 40
42 24
20 14
46 16
24 50
16 32
40 35
41 1
26 25
2 31
3 2
38 47
33 9
43 33
27 15
6 16
6 30
36 21
27 1
46 26
18 29
17 4
19 30
46 21
12 50
24 1
46 6
9 40
41 35
17 5
43 32
12 24
17 35
50 20
30 26
39 9
44 43
29 13
24 26
35 25
10 36
20 17
46 10
7 33
28 13
27 9
27 50
28 11
49 47
42 26
35 50
20 29
31 34
4 6
18 41
31 27
28 2
43 25
13 2
7 40
16 35
1 42
34 28
4 33
24 46
10 45
31 41
25 14
46 33
31 36
13 9
13 16
4 38
29 5
46 20
22 31
20 14
16 47
17 48
22 12
10 34
9 40
24 35
4 19
17 36
7 31
47 21
47 50
8 27
6 46
27 38
16 40
3 12
9 3
36 22
12 19
32 1
44 17
6 12
35 42
20 16
40 41
14 39
48 40
44 5
35 22
42 50
14 45
14 22
47 49
45 10
17 27
12 10
43 18
23 29
11 43
44 50
35 7
40 34
46 35
39 33
6 32
32 19
26 47
42 24
45 39
35 13
15 47
24 9
16 49
37 28
43 33
27 41
18 10
37 2
48 21
9 32
2 30
7 1
