50
12 49
6 1
1 33
49 29
2 20
3 12
9 21
3 47
10 48
29 27
9 37
11 29
16 15
29 1
17 34
24 29
32 31
31 33
15 32
13 16
1 16
29 9
38 32
7 47
29 35
26 39
24 36
17 39
2 45
41 19
31 14
49 14
44 31
46 10
12 9
25 14
26 4
22 13
35 28
10 15
15 35
3 38
22 19
28 23
15 18
43 45
31 41
9 26
24 6
35 16
11 49
41 16
22 4
2 15
16 18
1 18
5 24
38 34
48 5
1 41
49 33
33 9
10 6
17 46
41 32
6 41
25 24
12 30
25 13
44 41
30 46
10 36
19 48
21 16
2 21
6 2
5 41
13 14
46 29
11 38
12 19
28 38
42 17
16 6
12 8
38 7
18 23
25 17
46 43
20 18
50 23
23 40
35 38
38 15
49 25
29 17
5 16
10 46
35 25
1 46
35 38
5 4
13 31
20 8
23 41
25 13
49 14
50 37
1 14
35 28
44 3
32 12
12 29
46 38
29 41
22 19
45 27
33 28
46 40
50 36
16 24
1 17
