50
36 26
31 43
26 13
30 25
33 14
24 32
13 47
8 7
11 10
18 41
11 39
38 40
19 40
6 40
21 3
9 6
30 40
48 5
4 30
29 36
45 4
20 7
50 29
13 11
38 32
3 1
23 40
40 43
29 47
32 2
49 41
7 30
32 7
36 35
36 14
23 32
18 44
39 19
22 3
31 12
37 34
12 9
25 1
3 4
48 37
7 48
27 13
30 10
21 15
46 6
29 20
38 48
13 28
18 35
32 49
46 18
32 9
28 6
11 31
11 10
17 8
45 32
39 6
2 3
1 10
33 23
49 30
35 26
50 21
7 48
18 27
31 26
4 36
39 34
49 48
2 15
7 48
48 45
3 50
48 6
9 30
28 9
12 14
34 11
37 42
8 4
18 38
32 22
25 20
7 23
17 11
40 26
8 37
20 13
38 17
20 48
47 6
10 12
39 20
48 33
29 4
50 16
37 23
42 6
32 17
24 42
6 49
1 44
19 15
32 37
34 31
35 32
37 44
44 27
13 43
9 43
46 11
8 32
33 2
39 16
18 13
9 25
13 10
18 33
24 1
22 10
32 6
41 20
2 34
46 14
27 5
7 22
17 16
6 49
19 44
17 36
8 25
10 23
36 30
5 12
32 26
21 15
34 11
34 35
45 32
50 23
38 8
46 4
24 1
4 44
47 20
30 4
45 41
26 30
22 33
41 6
8 13
20 43
24 6
27 18
39 27
42 26
34 37
29 9
38 32
3 36
4 34
39 48
26 17
29 48
49 22
5 8
34 26
1 9
31 29
26 19
5 19
46 41
6 24
49 45
8 3
30 11
36 20
10 14
36 40
11 36
11 17
44 47
42 46
5 23
24 33
43 29
1 41
19 8
14 19
2 23
22 33
33 9
3 42
22 38
32 34
26 44
50 19
42 14
47 16
39 29
10 17
31 50
37 39
14 6
42 36
29 25
21 37
29 14
9 18
47 44
43 41
44 13
32 35
26 30
50 15
10 9
33 41
9 22
31 24
29 24
11 7
48 33
45 28
47 5
46 45
49 40
35 42
3 19
28 30
48 27
46 10
37 31
50 47
2 32
22 32
5 35
38 5
17 34
32 15
39 29
10 39
21 46
30 23
14 7
2 14
35 50
25 21
30 24
20 31
7 41
12 11
25 1
15 44
36 49
8 26
29 19
14 49
15 43
21 30
1 25
45 35
24 19
8 3
44 27
35 50
19 48
11 46
50 27
39 35
25 48
11 4
17 24
2 31
19 25
12 21
49 7
6 24
25 15
28 19
43 12
20 13
11 30
8 10
7 48
46 33
46 8
38 14
34 42
46 2
18 7
24 18
15 31
41 42
45 18
10 39
31 2
41 11
11 50
19 9
47 3
6 5
41 21
38 34
16 41
1 24
14 18
39 45
8 32
41 27
43 30
7 23
33 47
33 43
48 3
3 46
8 50
48 28
39 33
45 31
33 21
47 2
11 43
11 42
33 37
34 14
45 6
48 43
41 40
43 45
37 50
3 39
49 32
27 33
29 10
15 49
6 18
9 48
28 50
32 14
33 48
10 40
45 2
30 37
43 25
32 30
24 36
18 25
17 46
7 45
5 24
45 10
41 3
9 19
4 41
34 38
38 44
28 34
47 9
23 40
33 4
19 7
39 38
33 7
33 39
4 40
14 48
1 5
3 10
25 6
2 10
44 41
5 23
26 2
31 48
43 14
1 11
22 41
50 4
50 34
44 3
23 10
2 24
14 4
35 40
10 38
1 5
28 6
29 3
9 1
1 24
3 13
47 46
12 50
45 46
47 20
5 48
45 20
4 29
11 13
16 11
19 45
18 49
49 26
9 1
28 33
4 40
29 49
3 31
43 50
28 41
19 34
38 13
3 43
43 15
5 10
25 4
43 25
4 18
34 5
48 16
8 37
46 8
40 28
50 39
7 42
9 40
31 21
44 24
15 8
30 24
33 5
29 27
31 32
46 14
36 43
31 45
30 29
2 21
6 3
11 13
44 19
4 27
41 48
50 5
7 29
30 41
35 8
17 16
41 13
29 5
10 23
36 38
27 6
45 31
16 9
27 36
13 3
26 12
2 30
18 30
9 11
17 18
27 32
9 39
12 39
46 21
11 31
10 39
39 7
22 6
15 48
42 29
2 17
40 3
49 10
34 9
20 50
29 48
33 37
37 45
27 34
17 37
16 27
28 4
33 1
12 49
48 5
28 49
21 19
3 21
28 38
32 49
40 10
47 22
48 35
18 24
18 35
12 35
13 39
41 47
39 2
45 38
6 22
38 28
41 42
1 20
30 32
19 21
41 17
44 38
1 12
11 20
48 22
4 10
13 44
6 3
45 2
41 2
26 30
30 18
22 30
39 3
13 7
23 3
25 16
40 25
29 2
44 28
23 50
37 43
44 40
40 48
30 43
23 9
22 42
32 3
30 34
15 39
6 19
13 24
10 40
4 11
33 32
36 34
20 22
29 16
11 18
13 42
10 37
1 34
28 34
38 7
18 5
45 25
23 8
50 33
47 6
45 31
37 30
15 8
2 43
23 12
12 37
4 23
23 6
8 50
39 48
7 8
2 3
33 26
10 34
10 8
39 5
41 27
34 5
35 49
9 49
12 46
2 36
18 9
44 20
49 41
28 7
44 30
41 19
42 24
31 49
13 35
39 20
45 25
5 45
34 5
8 29
8 44
46 16
39 17
14 29
44 20
24 10
44 17
36 24
15 48
8 6
38 28
2 13
34 49
