50
47 38
33 12
40 10
35 28
39 10
44 38
1 15
1 49
20 37
28 10
10 27
47 17
21 28
46 22
50 47
20 46
36 4
9 27
15 44
4 5
50 43
5 14
43 3
36 29
32 47
38 9
43 7
31 20
4 5
21 50
26 19
37 30
29 13
46 24
19 1
28 18
43 34
33 38
38 18
16 22
14 6
32 8
14 12
30 19
18 2
19 44
20 5
25 49
20 22
38 21
2 5
15 37
37 2
25 5
20 46
20 27
27 30
40 11
8 10
12 28
3 34
35 29
34 4
48 7
41 20
8 45
37 45
33 38
21 37
9 18
9 35
46 40
26 35
50 36
44 13
13 48
48 49
26 31
2 26
38 44
45 47
40 31
41 23
21 13
9 31
30 19
16 25
8 43
10 9
28 5
24 43
5 21
41 30
2 45
5 41
38 2
37 28
34 30
50 6
42 10
37 22
31 4
46 40
46 7
49 26
14 22
18 44
10 47
47 4
4 37
42 7
26 21
42 5
22 50
46 33
38 19
13 41
17 5
38 23
3 13
36 26
32 5
21 42
4 18
45 7
6 38
15 31
10 8
37 33
7 33
16 44
3 30
36 19
34 24
42 38
38 29
13 20
34 36
11 37
3 7
45 8
45 11
41 6
18 27
39 27
11 4
22 14
35 8
32 19
33 25
6 20
6 21
41 6
1 27
10 23
17 4
33 9
11 2
36 49
30 46
2 11
39 11
43 7
45 19
14 26
34 7
16 41
9 44
50 18
18 19
23 2
27 34
4 14
32 35
10 36
38 20
24 50
14 32
44 35
45 10
10 31
16 28
21 24
21 23
42 41
43 14
42 19
49 45
33 31
32 44
18 19
15 43
19 29
24 14
15 18
23 26
50 38
3 21
14 26
45 7
16 37
22 7
7 21
4 41
3 37
34 20
5 1
14 25
29 37
39 45
6 13
20 6
3 25
28 16
2 22
22 19
10 43
27 16
15 32
7 17
18 42
38 25
42 1
49 22
37 39
18 45
2 40
50 6
14 29
21 17
2 44
37 11
38 13
28 3
47 36
21 14
30 9
40 21
11 39
45 48
29 12
44 32
1 43
37 16
23 9
34 24
2 22
36 42
37 13
44 33
49 14
48 28
24 38
50 35
28 46
34 6
8 27
40 10
21 26
28 43
37 13
18 38
35 3
29 21
17 24
3 15
40 50
44 15
37 46
49 14
41 34
22 50
12 11
12 32
38 39
26 24
1 45
14 37
47 44
7 14
18 9
30 9
11 26
23 49
21 22
15 11
7 38
13 19
48 24
50 37
12 28
13 14
22 26
1 21
19 9
34 38
18 15
46 30
40 19
28 10
42 44
23 48
31 35
16 30
10 18
17 23
47 29
36 18
6 38
40 24
47 23
12 16
40 9
47 29
27 24
41 20
20 13
20 50
49 35
30 10
4 48
32 2
26 19
22 31
9 11
6 5
36 19
22 25
28 18
3 6
43 26
12 7
47 14
7 33
43 16
37 40
49 38
17 18
9 49
26 20
4 32
7 23
3 31
2 22
35 7
16 30
34 30
36 30
43 45
13 37
12 1
26 11
40 44
28 49
42 5
20 45
36 26
19 40
8 20
13 42
27 28
21 12
7 9
42 1
3 4
37 16
4 14
