50
50 15
22 12
19 48
49 47
4 30
3 49
32 41
17 16
42 17
7 33
7 9
10 6
45 9
33 8
19 27
7 33
49 18
4 46
18 2
49 48
5 49
29 47
17 46
39 33
3 23
40 11
33 47
7 43
30 42
50 48
18 7
32 16
26 35
13 44
37 13
41 43
13 21
39 30
16 29
12 20
2 3
33 36
50 41
30 31
32 30
30 50
38 13
17 15
50 32
8 36
44 50
30 9
22 20
38 40
1 9
4 43
39 5
34 18
37 17
49 16
18 38
28 35
3 27
16 12
14 11
12 45
19 35
17 8
24 17
9 35
20 12
27 10
18 12
29 4
29 28
19 46
15 48
32 19
27 49
31 42
12 44
37 30
28 3
38 2
21 48
36 42
11 14
1 28
26 31
31 6
10 1
1 27
48 35
45 26
33 25
18 44
20 6
26 48
10 15
1 30
14 36
23 24
49 23
1 26
5 31
31 15
31 34
43 30
18 37
8 2
14 25
48 33
32 25
32 41
41 32
22 4
17 44
27 18
18 27
45 22
9 26
38 41
9 30
22 28
19 29
29 32
5 28
16 36
2 48
26 42
29 49
45 48
42 23
17 9
49 11
33 9
38 22
49 48
2 23
25 22
1 6
5 6
35 20
41 37
19 30
48 17
27 47
11 49
13 21
50 25
3 8
13 25
9 12
28 31
39 1
33 44
5 38
30 24
31 16
45 1
48 42
19 24
40 29
22 4
50 23
28 4
31 42
30 41
6 9
23 44
9 5
39 13
45 18
39 27
36 33
29 33
26 47
6 15
28 29
20 27
2 49
32 34
43 12
26 48
22 48
41 31
4 29
45 48
48 33
26 33
17 4
15 42
3 22
8 30
1 27
8 4
26 39
37 18
2 14
17 24
11 7
4 14
37 50
14 34
33 41
17 1
47 31
45 49
3 2
28 5
31 35
8 25
46 27
27 9
43 50
21 49
5 36
37 6
1 20
40 42
36 41
38 19
35 38
23 38
15 27
18 1
36 27
25 31
3 41
45 4
13 45
10 48
31 16
1 5
44 38
47 33
6 31
20 30
21 36
6 40
36 43
17 12
23 19
17 15
16 20
