70
	1 14
	1 7
	1 24
	1 68
	1 46
	1 58
	2 22
	2 10
	2 29
	2 44
	2 25
	3 15
	3 12
	3 9
	3 27
	3 36
	3 47
	3 12
	3 67
	4 22
	4 17
	4 9
	4 5
	4 23
	4 44
	5 10
	5 6
	5 53
	5 60
	5 36
	5 52
	6 21
	6 57
	7 17
	7 19
	7 13
	7 32
	7 40
	7 50
	7 10
	7 56
	8 11
	8 15
	8 43
	8 45
	8 51
	8 52
	8 70
	9 18
	9 31
	9 37
	9 55
	9 58
	9 63
	9 41
	9 69
	10 35
	10 36
	10 50
	11 12
	11 39
	11 26
	12 25
	12 30
	12 54
	13 18
	13 31
	14 16
	14 42
	14 48
	14 59
	14 20
	15 50
	15 70
	16 20
	16 56
	16 65
	16 69
	16 34
	16 57
	17 21
	17 43
	18 38
	18 43
	19 20
	19 26
	19 34
	19 46
	19 49
	19 64
	19 66
	19 67
	19 49
	19 30
	19 47
	20 28
	20 38
	20 41
	20 62
	20 65
	21 33
	21 61
	21 63
	23 38
	27 61
	28 33
	29 47
	31 58
	33 47
	38 58
	41 53
	44 64
	44 50
	44 53
	45 59
	48 50
	51 60
	53 64
	56 63
	62 70
