70
50 51
57 44
17 25
47 27
58 17
62 2
51 33
6 42
54 19
30 64
67 42
65 36
36 59
52 6
31 4
36 22
55 23
65 13
59 41
51 46
70 42
48 50
16 65
33 69
13 62
63 10
46 69
57 11
57 50
16 29
54 63
51 50
15 57
62 16
40 42
61 39
13 50
30 28
45 62
27 57
65 31
8 52
29 64
4 27
56 31
56 39
24 48
18 38
34 21
65 3
62 56
53 16
35 24
55 9
15 23
8 22
65 15
15 35
21 19
62 6
49 59
56 2
36 15
52 11
35 46
14 38
31 8
65 8
32 61
16 58
14 35
9 8
50 36
43 12
54 46
29 32
46 14
46 11
40 27
33 4
14 58
53 57
66 47
64 27
37 21
14 62
56 35
12 47
70 66
58 65
41 16
38 16
41 13
38 10
51 70
25 65
58 7
51 65
65 56
21 31
6 46
35 61
10 46
37 21
41 36
15 11
63 53
38 33
7 17
54 58
16 8
64 15
26 56
9 20
41 63
58 17
27 49
26 2
27 59
42 5
3 64
67 43
42 4
59 25
3 16
45 66
43 12
63 44
33 34
36 32
50 4
22 17
5 49
17 58
53 20
63 61
28 35
32 31
35 69
45 50
55 40
22 66
44 15
39 18
60 16
50 51
19 1
9 35
61 26
34 43
57 26
34 14
2 7
57 36
5 31
28 59
13 61
55 56
17 35
16 6
51 65
68 69
7 46
68 44
9 52
30 47
15 55
48 34
41 26
38 14
65 39
26 55
23 2
69 38
19 49
44 17
60 51
23 47
48 8
55 29
37 31
56 21
21 19
4 58
68 17
52 36
54 36
70 18
37 69
68 56
59 41
14 60
33 48
36 10
55 21
51 33
63 48
53 25
66 68
12 5
14 63
41 9
29 52
27 7
50 36
4 51
6 17
40 51
64 18
60 38
52 22
42 29
17 67
36 14
8 41
40 1
23 60
41 4
16 47
66 63
51 58
11 67
27 61
3 44
62 4
23 44
26 7
2 42
3 50
67 22
20 36
34 54
26 4
57 53
51 64
46 43
51 56
51 20
58 53
5 49
57 40
22 24
46 36
65 60
15 61
23 46
39 57
29 64
60 27
58 52
21 33
24 13
30 5
44 17
69 49
66 67
30 29
20 17
6 26
18 20
29 40
7 67
38 35
2 40
62 59
21 24
34 57
48 5
3 22
22 1
12 29
68 53
69 29
69 5
55 16
36 13
67 43
21 47
19 22
16 22
22 48
45 55
46 35
2 48
68 35
49 21
63 58
3 16
13 19
12 40
55 36
36 39
68 24
57 19
39 9
53 29
65 49
4 29
50 64
38 14
54 58
18 41
60 33
68 14
51 22
53 35
57 31
15 55
54 2
15 35
22 9
5 16
58 8
57 49
13 24
63 66
12 22
48 13
54 46
27 35
9 21
11 65
51 26
61 35
39 18
69 60
26 15
5 25
34 61
4 47
27 8
42 38
29 20
62 25
7 30
59 15
51 11
21 31
48 24
7 16
41 17
5 8
31 22
45 65
24 60
41 50
67 24
29 37
43 33
61 62
61 5
54 2
38 15
49 61
33 65
43 50
11 62
10 44
36 4
68 25
56 47
33 10
18 70
64 50
2 55
41 63
1 37
6 38
51 54
28 13
60 12
4 13
4 14
56 51
29 53
18 15
42 50
36 59
61 29
50 63
25 32
67 26
68 2
63 60
67 33
3 69
44 6
11 47
31 8
28 60
3 45
16 44
36 63
44 27
21 23
31 46
54 27
13 64
40 5
53 36
37 55
34 11
3 56
69 45
64 38
46 66
12 3
51 60
65 24
28 58
58 15
53 26
27 46
65 31
29 42
10 25
18 20
39 15
30 14
8 68
59 15
21 62
7 10
68 30
37 25
29 24
39 12
61 65
69 67
38 27
39 47
64 68
8 32
12 49
57 20
46 67
49 53
6 46
24 55
13 65
20 51
6 11
58 16
7 25
55 57
13 48
54 32
21 66
10 8
27 56
65 14
52 55
66 69
42 32
53 54
26 15
35 43
25 34
58 43
70 42
30 12
31 13
43 64
20 64
1 46
49 7
60 42
61 67
53 44
28 47
28 65
61 4
37 27
37 70
36 20
41 59
51 53
43 56
15 36
56 60
27 4
61 68
6 58
62 49
27 39
6 22
29 21
70 56
69 36
67 46
56 37
34 48
31 6
33 45
54 30
35 10
33 37
7 50
36 69
28 63
49 46
26 19
8 37
4 7
3 12
52 70
48 16
59 9
33 53
16 4
29 25
48 66
44 27
43 54
54 47
44 41
2 62
49 51
66 55
65 19
48 6
67 5
64 5
38 69
65 41
28 32
18 35
17 44
19 12
39 66
55 10
9 46
70 59
53 54
53 2
43 58
68 48
63 14
15 30
24 21
70 63
52 17
27 10
2 58
21 41
53 5
62 61
63 61
62 45
56 44
46 28
44 55
17 36
10 43
8 34
64 7
26 57
36 65
67 49
52 17
31 46
34 36
26 36
39 12
21 13
70 61
68 54
19 45
6 62
52 51
55 1
18 53
48 12
49 26
5 8
69 62
53 32
28 8
68 66
19 30
20 18
32 17
14 51
4 31
42 55
11 38
55 28
20 32
52 11
70 68
30 68
60 12
41 29
31 38
36 61
68 21
41 26
46 21
29 6
4 14
28 41
10 67
3 54
48 25
53 46
66 62
47 7
32 5
49 12
40 51
21 37
13 61
63 58
24 21
5 27
46 32
10 56
29 24
39 18
60 33
5 55
24 51
61 67
67 51
20 37
43 40
15 56
43 19
55 66
52 60
34 27
33 55
24 3
8 62
33 67
24 37
51 59
30 53
68 26
45 17
4 18
69 19
15 41
49 69
48 42
70 23
11 33
8 34
47 27
38 9
36 61
58 28
62 17
23 1
42 9
29 46
38 27
6 52
9 54
51 68
38 62
21 48
24 40
11 13
66 48
21 43
51 8
1 54
24 23
54 8
31 12
53 69
51 58
62 1
53 54
69 20
46 19
9 11
70 20
23 65
9 44
50 1
63 50
54 29
14 49
36 56
3 18
66 53
17 58
53 11
53 63
43 28
23 51
39 22
12 61
29 21
46 8
33 39
69 17
67 12
7 32
9 61
17 3
7 4
68 17
56 60
1 26
25 52
64 46
63 66
16 25
42 35
58 10
33 16
18 56
22 61
65 43
51 11
45 57
26 42
15 23
44 16
48 68
9 53
