70
57 31
34 48
69 8
40 2
49 8
48 42
29 57
18 26
33 2
11 60
57 46
60 9
66 42
18 3
39 59
26 37
19 59
15 17
9 66
30 57
3 20
41 32
6 58
69 38
59 9
39 58
67 29
8 62
70 25
7 50
13 44
29 44
45 43
2 53
50 32
51 53
63 21
26 68
21 36
48 21
56 28
8 52
56 27
56 68
51 4
59 6
47 17
49 33
1 50
15 63
23 66
45 15
28 12
25 60
47 2
11 44
41 30
26 27
57 23
36 49
26 36
54 14
65 44
47 65
24 3
69 58
10 43
15 50
66 39
39 54
52 61
28 22
21 65
60 19
17 25
9 42
3 63
67 48
55 3
1 70
2 1
9 56
15 70
52 53
39 35
46 29
4 67
61 68
69 21
26 23
30 9
37 34
6 33
11 60
36 24
59 37
36 10
34 50
9 15
44 59
62 19
30 65
27 32
5 25
53 30
60 24
39 26
69 56
1 9
57 36
44 58
14 9
67 47
70 17
4 43
6 65
3 35
1 30
8 17
66 60
47 55
25 27
23 12
23 44
10 70
17 67
13 38
63 1
37 22
4 10
39 10
12 15
11 53
22 27
49 24
15 45
48 53
9 1
6 31
44 16
30 60
12 42
27 17
55 6
50 58
15 18
68 38
32 20
33 53
58 23
6 15
9 66
67 18
66 15
48 51
30 8
52 53
61 21
11 45
26 2
45 40
19 42
19 62
61 63
57 48
15 4
62 24
69 1
41 6
15 18
56 37
38 50
40 58
3 26
13 4
70 64
35 53
24 38
55 17
24 45
31 28
48 66
38 48
36 44
4 66
29 1
44 66
51 25
53 65
51 7
10 62
70 56
57 24
24 41
40 47
15 12
16 63
8 54
52 43
27 56
50 67
56 24
63 48
48 57
54 40
6 64
44 5
49 30
40 14
70 21
61 27
33 6
31 52
1 12
36 27
9 16
24 7
51 28
66 40
26 50
22 31
55 65
48 45
24 17
59 35
50 61
3 12
8 33
5 9
57 40
47 65
55 70
13 47
39 9
17 7
70 38
37 66
44 14
52 9
43 52
43 22
42 46
45 50
20 49
70 6
18 46
13 15
58 37
61 26
57 19
32 56
68 11
63 41
36 45
49 20
26 34
53 10
21 27
1 40
17 70
58 47
45 12
3 32
48 5
70 35
24 43
32 33
53 25
16 31
11 6
50 48
39 33
57 1
1 57
41 30
56 40
6 43
51 20
4 40
24 15
16 47
58 48
22 52
14 37
12 24
42 4
1 23
36 70
23 48
56 5
7 54
44 24
26 36
55 41
18 9
56 33
67 43
22 18
24 35
54 48
70 38
51 13
60 28
12 5
9 17
24 62
2 59
29 50
44 70
67 52
55 41
60 39
63 8
62 27
61 51
39 40
31 51
29 58
62 53
5 70
11 40
4 12
40 32
3 13
43 11
6 27
52 66
65 56
15 69
24 17
49 62
57 22
42 27
21 45
9 25
45 19
6 60
43 46
21 57
70 6
68 18
32 61
25 39
46 39
49 69
55 39
61 53
2 32
10 23
7 18
59 63
49 65
52 21
40 14
7 51
19 16
68 63
6 34
43 51
2 33
50 69
1 52
51 3
25 2
37 43
32 25
47 10
19 40
42 70
66 48
51 14
6 60
18 11
24 60
4 37
34 65
35 46
28 49
12 41
15 55
2 39
31 11
70 1
52 69
66 42
61 21
47 51
51 69
16 52
2 52
16 66
29 62
41 68
40 65
38 66
49 40
46 21
50 45
33 44
44 40
15 46
3 38
53 1
53 34
3 47
61 68
5 52
51 2
33 45
39 28
35 20
4 55
70 60
18 55
45 69
69 21
1 58
53 1
53 29
15 29
31 25
33 13
5 46
57 61
26 27
37 46
42 21
57 31
50 41
6 49
51 38
61 51
37 56
63 19
14 20
47 56
44 21
10 60
66 67
62 34
23 28
9 6
60 7
36 40
47 53
30 39
32 19
69 17
23 17
42 54
6 28
27 26
37 28
34 33
19 67
67 46
17 2
36 23
50 17
11 44
58 49
18 19
9 16
48 31
44 19
27 61
46 53
29 13
11 62
57 29
70 54
17 16
67 64
38 58
22 48
32 9
38 49
39 46
6 16
18 61
35 44
52 10
39 10
34 49
13 21
19 12
4 47
39 12
40 6
70 61
65 43
11 32
33 62
19 50
7 36
40 53
10 21
5 48
42 38
38 54
58 68
7 3
45 27
26 62
26 17
68 10
39 41
42 30
59 21
37 25
60 31
46 23
35 23
6 15
2 14
69 8
17 43
53 43
69 56
10 27
54 19
65 24
60 25
25 22
3 49
23 45
24 57
10 58
63 36
59 64
49 57
1 7
42 65
49 52
63 70
8 46
18 14
11 19
50 35
52 25
5 39
48 3
48 47
65 25
35 70
3 34
13 10
5 7
70 56
11 70
5 56
29 18
9 60
68 43
41 61
68 57
29 57
60 18
46 54
54 22
66 57
55 8
8 1
26 7
68 37
18 14
22 59
32 30
48 41
15 18
43 24
17 14
22 6
43 67
1 27
19 66
13 15
3 20
16 29
38 25
65 56
39 28
44 12
70 33
52 26
62 36
49 8
49 70
13 22
9 26
60 27
21 2
53 36
33 10
64 12
35 70
9 3
39 52
14 50
26 7
5 18
54 53
25 33
65 50
66 15
5 67
53 37
10 35
2 42
45 7
53 9
6 4
23 57
55 48
36 23
66 53
40 49
35 6
23 41
55 30
55 1
26 37
38 35
14 39
18 58
58 13
8 5
16 30
61 12
19 39
34 14
21 15
4 67
21 27
38 17
56 34
18 24
13 67
70 26
47 18
25 34
30 32
39 57
3 41
68 21
9 32
46 29
46 49
26 8
5 25
3 50
54 26
4 50
37 29
26 54
65 2
25 26
40 11
40 22
9 60
31 52
35 1
39 14
38 47
30 42
13 32
34 66
69 37
57 36
8 24
31 2
25 56
40 6
66 9
28 4
11 70
67 45
70 36
70 38
12 30
21 36
3 54
31 14
33 29
61 40
52 21
41 19
18 22
36 14
31 63
29 41
4 26
27 4
61 27
53 14
68 3
61 12
69 21
37 31
61 27
12 42
60 52
60 7
16 26
32 46
30 61
28 46
28 54
61 30
22 43
55 31
57 45
43 55
7 9
27 67
48 38
50 37
32 52
55 47
19 17
34 48
19 61
35 58
56 25
17 8
67 1
50 54
57 22
50 63
43 19
1 32
56 50
10 29
31 64
17 49
22 50
39 40
52 3
27 38
28 55
57 24
67 36
19 53
70 11
45 54
29 45
15 26
37 24
55 67
29 1
46 51
63 14
32 44
16 1
23 43
55 9
9 64
57 27
46 56
49 33
51 7
19 65
45 55
30 41
64 58
41 39
50 45
64 24
19 21
24 41
64 20
62 14
13 48
52 1
45 31
45 25
49 63
19 23
60 63
53 59
46 21
39 20
26 62
50 46
27 21
39 58
12 64
13 1
46 25
45 6
69 66
61 29
19 50
18 11
44 6
68 64
56 18
19 59
67 65
15 29
45 15
52 51
27 52
26 63
38 43
61 36
38 51
6 56
43 23
9 16
41 6
22 26
35 52
15 44
58 41
14 45
67 66
25 35
59 50
27 39
22 17
4 1
10 69
52 44
19 9
14 36
30 52
1 24
8 56
11 48
69 55
57 6
9 21
7 70
48 45
33 64
60 34
3 11
32 66
55 62
17 10
27 46
61 39
11 10
24 22
58 23
18 56
40 27
6 46
38 53
20 1
59 10
46 3
20 19
11 16
10 27
26 36
14 28
5 25
38 28
58 37
62 5
22 32
43 39
7 11
22 27
23 22
48 68
36 9
16 58
25 14
50 60
40 19
6 64
56 34
51 34
37 67
67 68
40 36
17 62
69 55
14 20
32 11
67 52
38 55
6 62
10 67
63 49
16 69
42 13
44 34
59 10
31 55
20 12
20 48
3 18
32 28
49 5
50 46
56 17
42 4
8 51
70 30
15 10
1 40
65 47
28 17
19 12
36 30
44 25
44 61
68 1
40 2
50 27
69 66
68 2
15 48
2 26
7 28
36 20
9 42
8 36
58 26
60 23
55 33
59 40
35 56
52 4
57 43
42 68
38 39
11 64
29 24
19 47
52 66
8 2
38 15
50 25
52 39
60 36
13 48
17 47
34 68
63 32
40 34
41 19
15 52
12 55
5 43
31 68
38 51
70 17
65 49
42 47
29 43
24 53
20 53
29 65
50 33
39 32
9 62
23 2
4 7
7 58
49 16
25 29
15 54
36 5
25 24
45 9
59 27
28 41
68 35
33 30
3 64
38 23
55 2
25 70
8 43
69 58
36 27
15 19
4 31
55 27
6 63
16 32
32 68
41 66
30 1
10 35
50 45
32 52
11 43
1 53
42 69
40 7
38 66
25 41
27 9
10 44
1 37
17 44
34 58
52 64
58 61
40 49
47 1
30 57
44 31
51 15
29 33
33 8
28 57
49 54
7 70
39 7
36 56
62 11
43 4
42 46
56 20
22 56
50 21
41 22
1 67
62 33
29 70
61 15
60 56
21 59
25 39
36 10
31 46
64 15
62 35
60 47
54 12
44 45
44 15
66 44
23 70
7 52
69 9
8 58
64 41
58 30
21 23
51 63
68 44
8 59
8 67
35 4
20 9
48 63
35 56
37 57
67 55
50 65
63 58
64 68
28 51
28 48
3 8
41 12
52 60
1 59
56 47
4 18
67 52
10 43
49 58
30 45
42 9
51 46
8 44
44 47
36 1
25 38
20 7
61 1
66 61
2 63
50 5
10 46
68 32
19 58
19 60
32 3
10 24
60 30
67 33
6 32
45 42
11 65
48 2
65 55
4 8
60 53
13 69
41 10
42 1
10 61
2 53
5 11
7 64
40 15
39 58
47 13
29 69
7 19
12 14
15 16
21 4
10 33
15 62
55 56
4 64
58 5
46 62
28 64
68 9
9 48
66 67
60 25
65 67
55 19
22 69
46 42
3 67
17 59
1 2
62 6
60 67
63 36
57 2
44 65
49 52
61 39
6 67
47 60
27 10
70 2
51 2
69 67
18 57
9 32
60 26
33 68
19 25
33 17
39 19
23 17
70 25
67 5
21 55
6 48
64 5
61 57
19 59
65 48
57 4
9 47
41 53
44 1
20 19
17 58
37 39
16 36
63 25
52 26
9 57
15 3
5 1
33 6
65 11
62 10
31 38
51 14
24 63
33 42
10 20
8 60
47 43
65 1
36 32
22 34
58 36
36 62
48 69
67 54
21 1
6 51
38 56
64 3
48 26
44 69
57 63
1 34
47 65
34 12
26 67
45 13
44 23
16 21
21 25
17 41
25 22
