70
50 33
40 52
43 6
37 61
21 44
42 30
58 38
11 50
48 46
28 8
57 45
53 47
22 20
61 15
5 68
53 67
42 34
48 14
39 26
17 1
69 58
30 68
25 53
59 2
28 29
9 26
3 4
14 36
23 4
62 28
13 44
36 54
19 13
9 57
38 25
69 48
24 29
57 48
11 45
62 50
3 12
5 17
15 30
64 50
33 56
19 57
29 54
52 60
66 60
58 45
27 57
34 50
15 20
40 37
64 31
16 9
54 32
25 11
61 19
60 35
16 8
21 56
3 2
45 10
3 33
54 29
19 29
21 45
48 60
11 53
32 38
3 15
69 40
37 59
70 26
35 15
45 55
70 47
68 45
56 70
19 51
41 37
9 61
11 68
50 33
63 23
70 65
49 10
34 16
10 45
41 44
59 28
28 59
4 37
45 60
36 63
52 18
41 3
8 63
70 69
25 4
21 36
69 12
45 44
27 54
19 67
39 19
36 8
19 40
44 63
41 9
67 22
39 37
36 46
29 36
57 53
39 19
18 49
30 4
35 56
69 65
65 37
13 30
44 32
11 17
36 51
38 33
15 6
11 50
63 40
27 49
34 8
68 64
56 39
67 32
25 8
26 31
44 51
60 30
12 13
46 59
63 25
33 19
30 44
11 23
13 37
13 58
44 22
51 42
61 60
3 27
67 41
57 40
21 58
69 44
12 57
32 17
11 65
35 53
38 57
17 62
36 29
49 21
51 30
62 53
31 7
21 27
47 19
8 9
18 19
52 30
17 25
46 27
19 10
21 68
9 37
1 44
66 50
64 58
21 68
52 51
4 2
7 62
20 26
70 49
44 51
8 60
5 53
29 36
5 49
45 13
16 46
68 23
25 61
22 57
58 15
37 3
16 55
64 47
10 63
25 54
55 45
55 2
27 13
37 43
62 23
55 19
68 52
53 34
55 4
20 42
18 56
45 40
38 33
50 43
69 45
27 43
29 28
12 54
6 54
57 29
51 5
38 44
57 2
28 2
21 70
31 7
56 17
58 35
49 19
59 23
46 44
64 15
55 47
33 50
33 3
30 49
40 4
47 41
43 60
62 54
20 10
39 48
67 16
38 58
34 26
10 21
11 15
48 65
61 22
57 35
24 28
25 63
31 1
46 4
2 49
69 21
70 38
10 8
65 47
65 28
3 5
61 13
19 38
20 22
1 18
68 24
45 23
28 18
35 15
33 37
63 31
69 62
10 9
70 4
55 64
44 69
10 34
24 41
13 55
62 13
2 1
48 46
23 5
63 70
20 25
48 24
68 46
28 7
54 27
11 51
32 54
61 42
29 14
24 41
68 27
65 11
27 42
69 62
58 61
61 19
28 38
43 37
25 70
43 21
38 53
1 11
48 61
64 6
17 58
14 43
64 37
70 47
35 3
35 37
63 65
6 42
49 42
66 60
15 28
39 9
40 50
57 31
43 4
59 60
4 14
44 67
50 43
44 14
57 20
63 49
26 68
32 5
40 6
66 67
45 4
37 24
60 9
8 6
67 9
10 41
5 2
25 60
15 12
21 19
2 59
17 46
63 68
15 10
63 23
54 8
1 7
10 21
15 17
23 35
39 5
51 40
42 41
66 65
3 15
8 61
43 53
65 52
9 5
44 70
63 56
7 2
7 33
28 35
67 62
3 2
43 54
55 25
62 49
27 18
68 30
60 63
36 41
1 52
26 56
52 18
42 70
32 60
44 59
24 40
51 39
53 35
22 37
59 25
27 42
37 56
43 29
34 25
41 27
50 27
20 10
10 19
53 69
4 41
22 44
33 60
38 67
24 17
55 48
43 12
32 21
9 4
49 54
29 20
11 20
46 42
41 67
61 23
65 6
6 28
49 38
30 29
47 53
45 43
42 29
66 3
50 17
19 28
70 47
47 22
8 34
6 49
42 8
1 36
13 6
6 4
56 35
32 29
6 16
70 46
12 15
25 40
45 65
51 21
53 15
28 29
20 6
70 27
19 48
39 24
53 42
21 17
15 64
45 20
10 56
8 33
12 32
2 56
38 64
18 21
8 58
49 27
5 48
53 23
37 34
59 19
5 9
47 20
3 33
51 24
31 58
56 42
32 69
28 11
62 57
31 70
44 21
38 49
69 33
13 47
66 1
66 12
10 42
31 24
17 24
47 23
44 18
66 54
57 7
57 44
37 68
29 58
36 7
68 20
44 63
32 51
4 53
35 47
6 51
12 64
27 34
49 56
30 32
43 36
19 28
14 16
56 13
63 5
22 60
36 66
64 9
58 10
62 22
68 67
2 9
3 28
54 51
26 25
25 68
60 43
37 16
70 34
40 63
50 62
64 27
69 70
36 56
21 27
8 18
35 21
38 37
61 33
30 16
58 54
25 59
26 61
4 37
36 44
29 16
47 35
42 45
46 7
42 66
33 49
25 68
12 4
46 2
36 5
17 23
58 53
12 25
43 27
62 8
12 32
35 58
66 7
44 53
25 16
48 58
6 14
67 17
17 42
18 53
59 46
17 46
40 28
1 12
67 4
32 8
35 8
8 43
14 51
25 51
66 3
50 14
16 46
30 45
29 60
39 17
47 55
5 17
25 5
40 21
8 13
40 54
21 59
26 46
40 51
26 47
65 5
60 22
62 32
66 21
33 34
49 9
31 53
37 55
69 7
17 18
31 68
14 51
57 39
39 38
31 64
26 25
11 28
59 2
59 66
34 21
42 25
41 2
19 8
68 30
14 26
59 44
35 2
37 21
53 5
70 13
10 26
50 32
53 38
46 41
33 21
3 4
45 43
17 6
62 26
35 5
51 35
61 16
37 39
48 19
55 48
31 6
15 22
38 67
59 13
49 34
33 63
49 20
35 8
25 27
33 1
43 14
35 45
41 1
25 30
19 9
7 62
15 33
25 64
29 14
6 19
59 50
11 49
69 58
56 23
26 19
23 10
44 58
67 14
70 33
43 31
54 62
22 10
24 58
3 65
1 8
25 1
57 48
50 68
47 35
20 2
65 55
23 38
42 31
63 41
64 48
1 47
39 34
68 4
22 70
10 34
19 47
47 17
24 38
14 70
2 34
13 9
18 47
46 1
8 39
53 13
16 66
1 66
41 68
11 4
67 21
50 27
67 26
43 32
63 57
31 6
32 55
14 49
31 60
61 50
40 55
4 67
50 4
62 21
13 2
36 21
34 15
47 42
40 20
3 44
6 45
50 37
29 5
27 60
6 29
51 45
13 55
41 5
58 44
25 13
58 2
33 21
17 10
63 56
29 7
42 46
52 21
12 10
37 50
11 43
8 62
29 32
46 12
36 45
55 2
57 54
4 32
5 20
41 9
17 11
15 58
56 66
20 9
6 57
70 28
41 19
19 69
50 6
22 16
63 19
17 61
2 20
22 18
39 62
26 68
14 41
55 11
48 5
31 53
3 30
23 43
48 41
53 28
59 17
55 51
35 1
41 36
33 63
54 13
66 21
10 3
65 20
51 11
51 45
13 22
67 70
38 61
39 26
7 23
18 53
23 58
19 67
50 14
10 58
46 19
67 49
13 28
29 23
20 3
47 54
70 55
53 49
58 33
16 64
55 33
47 19
20 7
16 12
32 25
69 7
43 7
67 68
46 25
32 8
28 21
61 39
5 55
29 62
29 44
68 13
6 56
43 37
4 58
60 47
24 58
65 9
6 62
6 64
16 49
1 55
69 3
35 16
69 63
7 27
36 16
51 53
13 23
32 28
23 21
4 58
21 69
66 26
2 13
31 17
62 43
14 60
45 48
5 55
53 24
23 18
51 3
13 64
38 56
33 60
6 37
59 26
47 55
64 48
9 36
6 70
9 19
2 65
9 18
50 61
53 2
20 34
17 44
39 54
29 1
55 47
49 43
2 25
39 7
2 48
43 20
59 63
50 2
57 58
20 36
60 2
50 22
47 66
65 15
49 36
28 33
12 6
17 13
31 56
32 44
33 16
63 33
8 43
35 64
42 66
42 32
67 33
53 56
28 59
12 18
24 39
62 35
45 8
60 17
63 21
2 37
48 65
12 55
49 46
60 20
53 43
63 61
5 57
46 44
46 58
3 69
26 64
46 12
14 35
40 18
67 42
67 44
36 8
40 26
65 41
45 47
26 50
37 42
36 25
16 23
12 30
34 49
24 9
3 49
55 42
66 51
13 62
36 48
11 17
15 5
69 2
63 24
51 42
66 16
66 23
51 19
52 14
67 17
22 69
65 6
41 3
68 65
6 33
55 17
61 69
33 59
70 38
25 50
9 20
8 16
54 58
34 35
1 42
64 34
53 70
39 35
2 48
29 20
10 13
48 12
12 10
12 11
59 36
3 9
67 10
24 50
67 69
15 9
53 8
42 35
7 22
69 21
69 39
40 20
52 17
31 63
38 42
15 39
8 17
47 16
38 13
66 46
11 22
54 5
29 25
39 47
58 49
9 56
18 60
5 69
18 47
3 68
19 29
36 38
46 24
53 13
36 60
59 11
54 63
39 21
32 28
8 22
48 64
39 38
10 37
67 57
51 64
17 10
29 54
55 53
48 9
30 38
9 18
48 63
23 29
25 66
68 32
17 57
25 56
24 47
22 21
33 15
26 49
24 55
44 20
49 21
28 8
70 49
38 48
53 60
18 7
55 27
38 1
13 5
56 49
51 20
69 13
46 36
3 69
20 46
18 68
8 57
18 8
35 55
67 29
44 14
35 28
52 15
40 64
19 38
42 11
69 52
35 44
18 37
42 37
24 1
47 31
57 64
38 34
48 46
62 33
59 39
2 40
53 41
46 13
8 17
23 18
69 61
28 35
44 64
58 44
52 30
43 57
68 6
46 43
9 8
44 47
9 25
41 62
70 53
11 29
17 29
39 15
31 66
61 5
1 60
48 53
20 51
29 37
27 13
58 34
56 46
55 23
17 58
34 11
68 62
40 38
30 54
69 25
57 3
26 46
62 20
7 24
70 35
2 38
48 59
14 45
35 68
9 63
55 43
3 64
46 42
32 6
38 30
42 36
44 9
23 35
40 30
58 52
6 60
19 65
60 32
40 24
41 60
16 37
32 31
31 8
14 4
25 63
33 8
28 18
29 51
52 68
22 52
49 27
53 68
22 42
41 3
66 12
62 23
48 36
65 8
55 9
11 21
13 55
28 41
2 56
33 66
54 47
44 22
29 53
43 12
24 57
19 35
61 42
12 38
48 32
22 56
54 42
69 39
69 51
52 67
13 47
62 8
35 29
5 18
2 17
53 70
35 17
2 6
40 39
54 1
60 51
55 43
61 35
54 41
28 50
65 17
41 2
51 17
31 56
34 44
2 28
55 36
44 57
54 14
25 49
26 27
41 22
11 32
68 64
14 26
43 21
42 25
34 42
6 19
17 61
32 45
46 10
30 44
5 55
68 53
11 36
35 44
47 8
42 52
34 9
25 54
62 61
17 25
44 35
56 61
25 17
47 70
38 6
43 42
3 53
36 25
30 1
68 6
8 51
70 41
1 24
36 62
26 65
29 70
29 14
2 53
42 48
65 10
65 37
51 67
31 29
33 61
29 43
8 48
23 7
19 24
42 66
27 68
60 55
9 30
68 10
25 52
69 19
61 63
67 53
2 40
11 34
30 51
6 49
29 41
68 59
6 51
54 32
60 56
17 68
27 26
7 51
19 17
69 9
10 8
4 23
47 26
56 18
7 4
66 35
56 5
23 61
56 18
22 45
15 50
55 42
18 3
22 36
20 33
57 41
40 60
63 28
15 60
45 33
63 52
67 48
57 31
50 54
49 14
40 63
5 24
34 22
27 68
70 58
30 56
28 11
57 20
38 13
9 12
46 14
5 54
3 61
15 53
56 63
66 26
67 70
61 31
34 29
28 33
16 69
30 43
9 28
4 58
52 25
69 39
38 15
23 52
18 49
34 3
41 28
37 41
31 9
16 59
48 60
5 46
19 59
66 58
5 53
51 29
63 20
8 54
59 25
32 35
27 14
5 67
62 57
27 1
2 27
60 61
31 36
21 32
43 20
48 26
1 6
30 32
25 37
15 13
3 58
47 42
1 52
50 62
50 18
4 52
44 64
54 17
41 5
60 13
36 37
50 36
42 10
9 66
58 23
20 3
22 9
44 22
2 23
14 51
40 17
32 25
22 16
41 62
32 30
5 67
66 54
45 49
5 53
56 5
18 7
39 26
62 3
27 26
28 7
7 56
51 31
8 2
69 39
43 3
47 51
69 21
29 15
16 27
31 45
44 49
13 69
40 27
25 7
54 43
13 52
23 44
59 30
57 10
41 2
57 21
12 19
62 38
34 18
69 20
61 47
45 59
29 1
25 35
67 9
48 32
33 36
3 31
34 13
1 47
11 22
70 29
13 38
5 30
36 24
32 24
68 32
52 11
56 17
7 64
6 54
37 38
31 40
68 6
64 68
65 4
31 64
32 43
31 48
14 8
14 45
32 11
6 25
21 3
41 27
9 58
22 45
25 64
26 34
70 19
32 64
34 4
57 8
59 30
55 2
37 68
59 10
21 6
35 53
21 17
22 29
5 43
15 41
49 53
5 60
13 48
53 47
51 54
39 22
50 53
1 60
41 22
22 58
56 4
8 15
25 48
31 10
63 1
58 45
17 47
57 64
41 45
57 33
28 37
55 20
19 67
21 1
18 42
59 16
45 8
30 70
56 2
21 48
14 8
34 31
66 32
36 48
7 34
10 46
1 6
65 19
2 15
20 56
20 35
43 27
6 42
24 7
4 13
32 11
46 4
18 8
40 65
14 3
4 1
3 10
66 34
23 22
65 42
20 14
18 62
52 35
45 6
53 48
18 15
70 6
18 17
13 69
23 38
14 26
38 16
47 45
61 12
9 55
53 40
10 13
31 62
47 17
9 30
6 38
44 5
55 3
33 9
2 55
58 27
22 38
54 11
24 45
22 32
29 16
1 39
40 43
42 17
1 62
58 6
41 43
22 26
45 66
46 58
62 34
14 26
1 68
48 24
54 11
68 12
26 10
62 8
65 45
24 65
48 23
13 19
65 46
56 51
42 43
51 45
6 70
18 15
47 42
68 57
39 22
25 60
25 44
54 70
67 49
59 31
3 7
25 48
4 17
31 47
67 6
64 3
17 12
29 6
53 27
4 33
60 28
22 14
13 18
25 21
8 14
51 10
32 17
57 36
34 30
24 42
35 17
56 63
28 15
68 22
41 2
66 42
41 30
55 54
47 10
4 54
23 55
63 54
1 61
31 46
32 54
18 8
13 3
1 52
17 68
4 69
11 52
52 40
37 47
16 46
62 11
10 46
15 5
59 18
36 46
49 31
63 57
43 8
57 25
36 66
40 47
19 50
28 70
32 64
58 47
51 49
70 2
37 14
7 37
31 54
12 10
14 17
8 57
36 6
23 1
1 4
59 19
53 17
30 14
22 29
3 15
8 2
16 56
27 34
22 58
17 33
9 31
61 28
29 26
33 63
27 33
66 27
64 60
43 35
16 7
6 30
21 13
31 48
68 69
12 31
68 40
5 18
70 66
45 40
33 7
32 59
52 39
28 57
29 70
21 44
6 38
3 38
50 45
16 59
55 39
31 53
