70
8 9
58 15
39 19
65 66
3 22
33 3
54 48
11 64
62 55
51 5
3 35
8 47
59 56
52 24
22 63
25 29
13 24
44 51
55 50
58 57
1 20
60 67
68 12
60 1
67 53
5 11
29 24
69 17
21 51
53 42
55 19
1 67
55 56
48 39
35 37
36 67
38 44
6 62
45 6
70 27
22 10
68 57
20 14
7 12
8 49
66 39
61 63
23 46
52 3
22 28
39 69
36 7
42 41
10 17
58 9
55 21
30 52
7 49
66 14
3 15
4 10
53 6
2 17
51 65
19 14
35 70
13 70
18 54
41 27
70 28
35 55
61 64
36 67
42 43
22 56
58 37
66 52
42 9
69 34
4 29
48 38
28 60
49 45
43 19
1 43
59 47
39 49
40 4
57 24
47 21
9 46
57 4
39 29
25 37
4 40
8 51
19 35
52 67
22 25
16 34
9 16
11 47
6 50
62 4
3 50
24 25
11 39
64 51
63 42
66 32
61 47
50 26
28 47
59 64
4 22
14 31
44 2
48 24
64 51
38 43
5 3
10 27
42 15
19 46
68 14
20 59
2 69
26 30
57 14
35 2
47 61
44 21
62 21
56 55
14 35
40 18
38 61
56 21
5 4
8 14
29 27
2 31
38 39
2 24
52 36
38 41
26 11
3 30
44 70
26 57
46 65
16 25
67 13
45 1
16 53
15 44
21 28
16 58
67 17
24 60
65 61
42 32
13 56
61 56
55 17
54 31
23 69
67 20
23 42
32 38
36 58
24 68
16 39
56 24
68 9
13 62
11 67
23 52
14 21
37 42
16 9
64 27
5 25
49 58
57 17
35 56
52 45
13 32
30 36
29 50
61 32
60 57
55 24
50 10
44 16
51 60
36 56
16 53
11 64
52 9
22 29
64 15
3 7
47 32
54 17
23 56
49 12
54 33
35 34
54 21
61 34
10 27
19 37
21 29
42 14
49 64
42 43
20 44
61 66
17 44
25 39
42 3
62 25
47 27
58 30
47 49
63 68
17 23
34 49
64 17
62 42
10 34
26 30
19 16
37 48
2 61
28 43
5 20
67 51
58 67
10 34
