70
14 50
40 23
43 60
56 64
34 63
70 61
4 12
5 58
66 39
65 4
1 23
25 58
13 60
27 11
51 54
34 64
45 3
28 18
4 13
23 49
17 34
40 20
45 56
7 52
24 1
67 36
36 22
24 60
23 62
70 3
57 45
9 44
48 3
63 61
25 42
7 70
23 39
57 8
45 38
44 58
35 9
35 68
44 24
32 35
23 47
34 68
55 7
57 32
9 61
34 45
32 53
44 54
21 30
4 65
10 47
64 56
67 28
65 41
51 26
17 16
2 62
13 68
68 11
42 18
1 5
62 45
69 48
28 19
19 31
26 40
19 25
16 47
19 68
27 45
26 42
58 18
66 56
27 18
39 45
19 43
48 63
42 25
32 2
56 5
27 25
35 46
50 34
10 59
2 66
27 56
66 56
63 51
12 11
19 68
41 3
46 33
56 12
6 58
67 10
26 34
45 13
25 36
58 34
37 60
42 63
45 37
48 37
29 1
59 69
29 3
44 3
59 67
9 58
6 30
25 39
16 38
5 52
25 50
30 26
21 22
12 69
11 61
39 11
49 27
9 8
30 64
10 30
3 18
17 8
60 41
58 5
20 62
68 57
53 27
12 4
60 24
14 70
14 53
23 62
9 31
11 50
37 21
9 39
50 37
58 51
20 45
56 39
48 65
37 30
34 49
45 23
14 59
35 39
53 57
30 3
29 53
53 7
3 45
64 40
44 45
59 18
42 27
7 36
6 49
69 54
23 34
67 23
68 47
5 66
6 20
24 70
2 43
14 4
29 8
55 3
64 43
32 35
12 39
12 17
17 11
12 51
44 20
4 53
66 20
48 13
39 13
13 52
55 26
68 14
45 52
16 38
25 47
14 48
27 26
64 55
48 5
36 33
24 51
15 19
12 62
31 63
16 43
44 1
11 41
14 55
35 41
35 1
29 48
48 68
15 41
52 62
57 29
36 10
9 50
40 33
53 12
25 69
67 10
69 7
51 24
61 27
6 25
27 34
15 4
43 29
56 25
33 42
65 68
63 16
48 44
48 30
55 2
40 51
11 50
57 3
3 60
41 20
14 67
66 28
12 38
57 67
4 31
50 69
28 54
14 5
27 61
47 12
4 16
4 26
8 61
29 10
50 69
42 5
8 37
33 19
16 31
28 20
61 7
18 61
43 35
29 33
23 40
48 50
56 3
57 46
43 9
37 42
50 41
61 28
15 9
43 57
48 62
47 55
21 7
57 63
53 27
37 5
9 26
54 64
29 41
39 1
49 17
54 40
57 44
67 14
65 39
70 42
43 59
38 5
7 36
68 59
63 46
5 1
2 58
64 42
40 44
54 30
60 50
11 58
35 7
1 29
58 1
13 30
1 62
46 7
28 43
65 20
31 11
32 44
10 25
27 50
10 21
69 1
32 56
36 50
69 6
37 69
18 8
69 22
54 17
49 38
23 10
10 33
41 53
42 7
21 33
16 43
54 14
43 27
11 8
6 9
14 43
19 43
62 29
64 45
45 54
13 67
63 34
41 45
17 13
63 49
45 8
21 28
33 64
66 56
13 2
64 38
44 25
11 47
53 16
22 40
12 46
36 4
9 19
61 37
31 53
16 5
3 36
45 47
41 40
32 66
41 38
33 26
62 55
3 44
1 36
13 24
11 61
39 31
9 29
68 51
24 25
67 26
2 41
14 55
23 46
50 5
13 12
43 4
67 57
59 9
22 14
32 44
4 70
16 24
41 13
4 64
49 70
31 51
53 44
35 17
19 14
21 43
25 63
58 33
61 47
41 24
60 14
67 5
14 25
28 54
49 43
59 28
54 19
8 48
4 54
64 35
9 27
7 33
19 65
8 22
53 60
45 42
4 54
46 17
8 15
12 56
69 12
13 64
42 32
42 45
27 47
9 35
3 28
68 34
34 17
55 28
6 41
69 9
24 56
37 43
12 60
41 22
1 53
27 42
27 10
29 53
57 49
18 1
6 27
34 51
43 30
8 60
1 18
11 36
15 47
9 38
49 59
49 43
16 33
11 25
61 64
23 39
23 24
57 61
69 49
33 29
69 34
29 16
44 6
43 21
26 10
11 4
11 1
59 26
33 11
62 35
4 27
16 38
50 2
28 48
62 2
18 60
36 58
18 9
64 60
41 19
11 51
35 21
52 35
58 26
45 62
61 18
